Library_Name,Symbol_Type,Class_Name,Symbol_Name,Usage_Location,Line_Number
JDK:java.base:N/A:N/A,ObjectCreationExpr,java.lang.UnsupportedOperationException,UnsupportedOperationException,C:\Users\tyin363\Documents\repos\subchen__jetbrick-template-2x\jetbrick-template\src\main\java\jetbrick\template\parser\AstCodeVisitor.java,908
CLIENT:client-code:N/A:N/A,FieldAccessExpr,jetbrick.template.runtime.TemplateStack,current,C:\Users\tyin363\Documents\repos\subchen__jetbrick-template-2x\jetbrick-template\src\main\java\jetbrick\template\runtime\TemplateStack.java,40
CLIENT:client-code:N/A:N/A,ClassOrInterfaceType,jetbrick.template.runtime.InterpretContext,InterpretContext,C:\Users\tyin363\Documents\repos\subchen__jetbrick-template-2x\jetbrick-template\src\main\java\jetbrick\template\parser\ast\AstIdentifier.java,34
JDK:java.base:N/A:N/A,FieldAccessExpr,java.lang.Boolean,TRUE,C:\Users\tyin363\Documents\repos\subchen__jetbrick-template-2x\jetbrick-template\src\main\java\jetbrick\template\runtime\buildin\JetMethods.java,54
CLIENT:client-code:N/A:N/A,FieldAccessExpr,jetbrick.template.parser.ast.Tokens,AST_BLOCK_TEMPLATE,C:\Users\tyin363\Documents\repos\subchen__jetbrick-template-2x\jetbrick-template\src\main\java\jetbrick\template\parser\ast\AstStatementList.java,161
JDK:java.base:N/A:N/A,MethodCallExpr,java.lang.Long,valueOf,C:\Users\tyin363\Documents\repos\subchen__jetbrick-template-2x\jetbrick-template\src\main\java\jetbrick\template\parser\AstCodeVisitor.java,755
CLIENT:client-code:N/A:N/A,ClassOrInterfaceType,jetbrick.template.resolver.macro.MacroResolver,MacroResolver,C:\Users\tyin363\Documents\repos\subchen__jetbrick-template-2x\jetbrick-template\src\main\java\jetbrick\template\JetTemplateImpl.java,54
CLIENT:client-code:N/A:N/A,NameExpr,jetbrick.template.parser.ParserContext,currentSymbols,C:\Users\tyin363\Documents\repos\subchen__jetbrick-template-2x\jetbrick-template\src\main\java\jetbrick\template\parser\ParserContext.java,193
CLIENT:client-code:N/A:N/A,MethodCallExpr,jetbrick.template.JetTemplateImpl,getName,C:\Users\tyin363\Documents\repos\subchen__jetbrick-template-2x\jetbrick-template\src\main\java\jetbrick\template\JetTemplateImpl.java,228
JDK:java.base:N/A:N/A,ClassOrInterfaceType,java.util.ArrayList,ArrayList,C:\Users\tyin363\Documents\repos\subchen__jetbrick-template-2x\jetbrick-template\src\main\java\jetbrick\template\runtime\buildin\JetMethods.java,121
CLIENT:client-code:N/A:N/A,ClassOrInterfaceType,jetbrick.template.parser.ast.AstDirectiveNoop,AstDirectiveNoop,C:\Users\tyin363\Documents\repos\subchen__jetbrick-template-2x\jetbrick-template\src\main\java\jetbrick\template\parser\ast\AstDirectiveNoop.java,28
CLIENT:client-code:N/A:N/A,MethodCallExpr,jetbrick.template.parser.ast.AstStatementList.ListIterator,peek,C:\Users\tyin363\Documents\repos\subchen__jetbrick-template-2x\jetbrick-template\src\main\java\jetbrick\template\parser\ast\AstStatementList.java,148
CLIENT:client-code:N/A:N/A,ObjectCreationExpr,jetbrick.template.parser.ast.Position,Position,C:\Users\tyin363\Documents\repos\subchen__jetbrick-template-2x\jetbrick-template\src\main\java\jetbrick\template\parser\AstBuilder.java,76
JDK:java.base:N/A:N/A,MethodCallExpr,java.lang.Object,getClass,C:\Users\tyin363\Documents\repos\subchen__jetbrick-template-2x\jetbrick-template\src\main\java\jetbrick\template\parser\ast\ALU.java,434
CLIENT:client-code:N/A:N/A,ClassOrInterfaceType,jetbrick.template.parser.ast.AstText.TextEncoder,TextEncoder,C:\Users\tyin363\Documents\repos\subchen__jetbrick-template-2x\jetbrick-template\src\main\java\jetbrick\template\parser\ast\AstText.java,31
JDK:java.base:N/A:N/A,MethodCallExpr,java.lang.String,substring,C:\Users\tyin363\Documents\repos\subchen__jetbrick-template-2x\jetbrick-template\src\main\java\jetbrick\template\parser\AstCodeVisitor.java,128
JDK:java.base:N/A:N/A,ClassOrInterfaceType,java.lang.Long,Long,C:\Users\tyin363\Documents\repos\subchen__jetbrick-template-2x\jetbrick-template\src\main\java\jetbrick\template\runtime\buildin\JetMethods.java,69
CLIENT:client-code:N/A:N/A,NameExpr,jetbrick.template.parser.ast.ALU,BYTE,C:\Users\tyin363\Documents\repos\subchen__jetbrick-template-2x\jetbrick-template\src\main\java\jetbrick\template\parser\ast\ALU.java,500
com.github.subchen:jetbrick-commons:jar:2.1.9,MethodCallExpr,jetbrick.config.Config,asString,C:\Users\tyin363\Documents\repos\subchen__jetbrick-template-2x\jetbrick-template\src\main\java\jetbrick\template\JetConfig.java,123
CLIENT:client-code:N/A:N/A,MethodCallExpr,jetbrick.template.runtime.InterpretContext,current,C:\Users\tyin363\Documents\repos\subchen__jetbrick-template-2x\jetbrick-template\src\main\java\jetbrick\template\runtime\buildin\JetFunctions.java,72
CLIENT:client-code:N/A:N/A,NameExpr,jetbrick.template.resolver.method.ExtensionMethodInvoker,method,C:\Users\tyin363\Documents\repos\subchen__jetbrick-template-2x\jetbrick-template\src\main\java\jetbrick\template\resolver\method\ExtensionMethodInvoker.java,56
com.github.subchen:jetbrick-commons:jar:2.1.9,MethodCallExpr,jetbrick.bean.MethodInfo,invoke,C:\Users\tyin363\Documents\repos\subchen__jetbrick-template-2x\jetbrick-template\src\main\java\jetbrick\template\resolver\tag\TagInvoker.java,47
CLIENT:client-code:N/A:N/A,FieldAccessExpr,jetbrick.template.parser.ast.AstInvokeNewObject,unsafe,C:\Users\tyin363\Documents\repos\subchen__jetbrick-template-2x\jetbrick-template\src\main\java\jetbrick\template\parser\ast\AstInvokeNewObject.java,40
CLIENT:client-code:N/A:N/A,ClassOrInterfaceType,jetbrick.template.runtime.InterpretContext,InterpretContext,C:\Users\tyin363\Documents\repos\subchen__jetbrick-template-2x\jetbrick-template\src\main\java\jetbrick\template\parser\ast\AstOperatorNullAsDefault.java,35
JDK:java.base:N/A:N/A,ObjectCreationExpr,java.lang.UnsupportedOperationException,UnsupportedOperationException,C:\Users\tyin363\Documents\repos\subchen__jetbrick-template-2x\jetbrick-template\src\main\java\jetbrick\template\parser\AstCodeVisitor.java,116
JDK:java.base:N/A:N/A,ClassOrInterfaceType,java.lang.String,String,C:\Users\tyin363\Documents\repos\subchen__jetbrick-template-2x\jetbrick-template\src\main\java\jetbrick\template\Errors.java,41
JDK:java.base:N/A:N/A,MethodCallExpr,java.lang.String,length,C:\Users\tyin363\Documents\repos\subchen__jetbrick-template-2x\jetbrick-template\src\main\java\jetbrick\template\JetSecurityManagerImpl.java,77
JDK:java.base:N/A:N/A,ClassOrInterfaceType,java.util.Map,Map,C:\Users\tyin363\Documents\repos\subchen__jetbrick-template-2x\jetbrick-template\src\main\java\jetbrick\template\resolver\method\MethodInvokerResolver.java,43
JDK:java.base:N/A:N/A,MethodCallExpr,java.util.List,toArray,C:\Users\tyin363\Documents\repos\subchen__jetbrick-template-2x\jetbrick-template\src\main\java\jetbrick\template\parser\ast\AstExpressionList.java,33
CLIENT:client-code:N/A:N/A,ClassOrInterfaceType,jetbrick.template.parser.ast.AstExpression,AstExpression,C:\Users\tyin363\Documents\repos\subchen__jetbrick-template-2x\jetbrick-template\src\main\java\jetbrick\template\parser\ast\AstInvokeNewArray.java,29
JDK:java.base:N/A:N/A,MethodCallExpr,java.lang.String,charAt,C:\Users\tyin363\Documents\repos\subchen__jetbrick-template-2x\jetbrick-template\src\main\java\jetbrick\template\parser\ast\AstText.java,139
JDK:java.base:N/A:N/A,ClassOrInterfaceType,java.util.Iterator,Iterator,C:\Users\tyin363\Documents\repos\subchen__jetbrick-template-2x\jetbrick-template\src\main\java\jetbrick\template\parser\ast\ALU.java,531
JDK:java.base:N/A:N/A,MethodCallExpr,java.io.Writer,write,C:\Users\tyin363\Documents\repos\subchen__jetbrick-template-2x\jetbrick-template\src\main\java\jetbrick\template\runtime\writer\JetWriterPrinter.java,91
CLIENT:client-code:N/A:N/A,FieldAccessExpr,jetbrick.template.Errors,OPERATION_BINARY_UNDEFINED,C:\Users\tyin363\Documents\repos\subchen__jetbrick-template-2x\jetbrick-template\src\main\java\jetbrick\template\parser\ast\ALU.java,458
JDK:java.base:N/A:N/A,FieldAccessExpr,java.lang.Boolean,TRUE,C:\Users\tyin363\Documents\repos\subchen__jetbrick-template-2x\jetbrick-template\src\main\java\jetbrick\template\runtime\buildin\JetMethods.java,55
CLIENT:client-code:N/A:N/A,ObjectCreationExpr,jetbrick.template.parser.ast.AstValue,AstValue,C:\Users\tyin363\Documents\repos\subchen__jetbrick-template-2x\jetbrick-template\src\main\java\jetbrick\template\parser\AstCodeVisitor.java,145
CLIENT:client-code:N/A:N/A,NameExpr,jetbrick.template.runtime.JetForIterator,outer,C:\Users\tyin363\Documents\repos\subchen__jetbrick-template-2x\jetbrick-template\src\main\java\jetbrick\template\runtime\JetForIterator.java,137
JDK:java.base:N/A:N/A,ClassOrInterfaceType,java.lang.String,String,C:\Users\tyin363\Documents\repos\subchen__jetbrick-template-2x\jetbrick-template\src\main\java\jetbrick\template\parser\AstCodeVisitor.java,868
CLIENT:client-code:N/A:N/A,ClassOrInterfaceType,jetbrick.template.JetEngine,JetEngine,C:\Users\tyin363\Documents\repos\subchen__jetbrick-template-2x\jetbrick-template\src\main\java\jetbrick\template\JetEngine.java,63
CLIENT:client-code:N/A:N/A,ObjectCreationExpr,jetbrick.template.runtime.InterpretException,InterpretException,C:\Users\tyin363\Documents\repos\subchen__jetbrick-template-2x\jetbrick-template\src\main\java\jetbrick\template\parser\ast\AstOperatorUnary.java,53
JDK:java.base:N/A:N/A,ObjectCreationExpr,java.util.LinkedHashMap,LinkedHashMap,C:\Users\tyin363\Documents\repos\subchen__jetbrick-template-2x\jetbrick-template\src\main\java\jetbrick\template\parser\ParserContext.java,165
JDK:java.base:N/A:N/A,MethodCallExpr,java.lang.Object,getClass,C:\Users\tyin363\Documents\repos\subchen__jetbrick-template-2x\jetbrick-template\src\main\java\jetbrick\template\parser\ast\ALU.java,433
CLIENT:client-code:N/A:N/A,ObjectCreationExpr,jetbrick.template.resolver.macro.MacroResolver,MacroResolver,C:\Users\tyin363\Documents\repos\subchen__jetbrick-template-2x\jetbrick-template\src\main\java\jetbrick\template\resolver\GlobalResolver.java,58
CLIENT:client-code:N/A:N/A,ClassOrInterfaceType,jetbrick.template.runtime.InterpretContext,InterpretContext,C:\Users\tyin363\Documents\repos\subchen__jetbrick-template-2x\jetbrick-template\src\main\java\jetbrick\template\parser\ast\AstInvokeFunction.java,46
CLIENT:client-code:N/A:N/A,ClassOrInterfaceType,jetbrick.template.parser.ast.Position,Position,C:\Users\tyin363\Documents\repos\subchen__jetbrick-template-2x\jetbrick-template\src\main\java\jetbrick\template\parser\ast\AstConstant.java,27
JDK:java.base:N/A:N/A,ClassOrInterfaceType,java.lang.Object,Object,C:\Users\tyin363\Documents\repos\subchen__jetbrick-template-2x\jetbrick-template\src\main\java\jetbrick\template\runtime\buildin\JetMethods.java,89
CLIENT:client-code:N/A:N/A,FieldAccessExpr,jetbrick.template.parser.ast.AstText.Jdk7CharArrayEncoder,chars,C:\Users\tyin363\Documents\repos\subchen__jetbrick-template-2x\jetbrick-template\src\main\java\jetbrick\template\parser\ast\AstText.java,282
CLIENT:client-code:N/A:N/A,MethodCallExpr,jetbrick.template.JetSecurityManagerImpl,addList,C:\Users\tyin363\Documents\repos\subchen__jetbrick-template-2x\jetbrick-template\src\main\java\jetbrick\template\JetSecurityManagerImpl.java,59
CLIENT:client-code:N/A:N/A,NameExpr,jetbrick.template.parser.ast.AstInvokeIndexGet,objectExpression,C:\Users\tyin363\Documents\repos\subchen__jetbrick-template-2x\jetbrick-template\src\main\java\jetbrick\template\parser\ast\AstInvokeIndexGet.java,50
JDK:java.base:N/A:N/A,ClassOrInterfaceType,java.io.IOException,IOException,C:\Users\tyin363\Documents\repos\subchen__jetbrick-template-2x\jetbrick-template\src\main\java\jetbrick\template\runtime\JetWriter.java,106
org.antlr:antlr4-runtime:jar:4.10.1,MethodCallExpr,org.antlr.v4.runtime.RecognitionException,getOffendingToken,C:\Users\tyin363\Documents\repos\subchen__jetbrick-template-2x\jetbrick-template\src\main\java\jetbrick\template\parser\AstBuilder.java,92
com.github.subchen:jetbrick-commons:jar:2.1.9,FieldAccessExpr,jetbrick.util.ArrayUtils,EMPTY_OBJECT_ARRAY,C:\Users\tyin363\Documents\repos\subchen__jetbrick-template-2x\jetbrick-template\src\main\java\jetbrick\template\parser\ast\AstDirectiveTag.java,46
JDK:java.base:N/A:N/A,MethodCallExpr,java.lang.Integer,valueOf,C:\Users\tyin363\Documents\repos\subchen__jetbrick-template-2x\jetbrick-template\src\main\java\jetbrick\template\parser\ast\ALU.java,279
JDK:java.base:N/A:N/A,ClassOrInterfaceType,java.lang.String,String,C:\Users\tyin363\Documents\repos\subchen__jetbrick-template-2x\jetbrick-template\src\main\java\jetbrick\template\parser\ast\AstOperatorBinary.java,60
CLIENT:client-code:N/A:N/A,FieldAccessExpr,jetbrick.template.parser.ast.ALU,VOID,C:\Users\tyin363\Documents\repos\subchen__jetbrick-template-2x\jetbrick-template\src\main\java\jetbrick\template\parser\ast\AstInvokeMethod.java,104
org.antlr:antlr4-runtime:jar:4.10.1,ClassOrInterfaceType,org.antlr.v4.runtime.Token,Token,C:\Users\tyin363\Documents\repos\subchen__jetbrick-template-2x\jetbrick-template\src\main\java\jetbrick\template\parser\AstCodeVisitor.java,899
CLIENT:client-code:N/A:N/A,MethodCallExpr,jetbrick.template.resolver.SignatureUtils,getFunctionSignature,C:\Users\tyin363\Documents\repos\subchen__jetbrick-template-2x\jetbrick-template\src\main\java\jetbrick\template\parser\ast\AstDirectiveTag.java,62
JDK:java.base:N/A:N/A,ClassOrInterfaceType,java.lang.Class,Class,C:\Users\tyin363\Documents\repos\subchen__jetbrick-template-2x\jetbrick-template\src\main\java\jetbrick\template\parser\ast\AstIdentifier.java,43
JDK:java.base:N/A:N/A,ClassOrInterfaceType,java.util.List,List,C:\Users\tyin363\Documents\repos\subchen__jetbrick-template-2x\jetbrick-template\src\main\java\jetbrick\template\parser\AstCodeVisitor.java,233
CLIENT:client-code:N/A:N/A,NameExpr,jetbrick.template.JetTemplateImpl,macroResolver,C:\Users\tyin363\Documents\repos\subchen__jetbrick-template-2x\jetbrick-template\src\main\java\jetbrick\template\JetTemplateImpl.java,133
JDK:java.base:N/A:N/A,ClassOrInterfaceType,java.lang.IllegalStateException,IllegalStateException,C:\Users\tyin363\Documents\repos\subchen__jetbrick-template-2x\jetbrick-template\src\main\java\jetbrick\template\parser\ast\ALU.java,190
CLIENT:client-code:N/A:N/A,MethodCallExpr,jetbrick.template.JetSecurityManagerImpl,checkAccess,C:\Users\tyin363\Documents\repos\subchen__jetbrick-template-2x\jetbrick-template\src\main\java\jetbrick\template\JetSecurityManagerImpl.java,141
JDK:java.base:N/A:N/A,MethodCallExpr,java.lang.Double,valueOf,C:\Users\tyin363\Documents\repos\subchen__jetbrick-template-2x\jetbrick-template\src\main\java\jetbrick\template\parser\ast\ALU.java,108
JDK:java.base:N/A:N/A,MethodCallExpr,java.lang.Number,intValue,C:\Users\tyin363\Documents\repos\subchen__jetbrick-template-2x\jetbrick-template\src\main\java\jetbrick\template\parser\ast\ALU.java,173
CLIENT:client-code:N/A:N/A,NameExpr,jetbrick.template.runtime.JetForIterator,index,C:\Users\tyin363\Documents\repos\subchen__jetbrick-template-2x\jetbrick-template\src\main\java\jetbrick\template\runtime\JetForIterator.java,125
JDK:java.base:N/A:N/A,ClassOrInterfaceType,java.lang.String,String,C:\Users\tyin363\Documents\repos\subchen__jetbrick-template-2x\jetbrick-template\src\main\java\jetbrick\template\Errors.java,39
CLIENT:client-code:N/A:N/A,NameExpr,jetbrick.template.parser.ast.ALU,DOUBLE,C:\Users\tyin363\Documents\repos\subchen__jetbrick-template-2x\jetbrick-template\src\main\java\jetbrick\template\parser\ast\ALU.java,84
JDK:java.base:N/A:N/A,ClassOrInterfaceType,java.lang.Iterable,Iterable,C:\Users\tyin363\Documents\repos\subchen__jetbrick-template-2x\jetbrick-template\src\main\java\jetbrick\template\runtime\JetForIterator.java,53
org.antlr:antlr4-runtime:jar:4.10.1,MethodCallExpr,org.antlr.v4.runtime.RecognitionException,getOffendingToken,C:\Users\tyin363\Documents\repos\subchen__jetbrick-template-2x\jetbrick-template\src\main\java\jetbrick\template\parser\AstBuilder.java,91
JDK:java.base:N/A:N/A,ClassOrInterfaceType,java.lang.Class,Class,C:\Users\tyin363\Documents\repos\subchen__jetbrick-template-2x\jetbrick-template\src\main\java\jetbrick\template\parser\ast\ALU.java,238
CLIENT:client-code:N/A:N/A,NameExpr,jetbrick.template.parser.SyntaxException,source,C:\Users\tyin363\Documents\repos\subchen__jetbrick-template-2x\jetbrick-template\src\main\java\jetbrick\template\parser\SyntaxException.java,64
CLIENT:client-code:N/A:N/A,ObjectCreationExpr,jetbrick.template.parser.SyntaxException,SyntaxException,C:\Users\tyin363\Documents\repos\subchen__jetbrick-template-2x\jetbrick-template\src\main\java\jetbrick\template\parser\AstCodeVisitor.java,367
org.antlr:antlr4-runtime:jar:4.10.1,ClassOrInterfaceType,org.antlr.v4.runtime.Token,Token,C:\Users\tyin363\Documents\repos\subchen__jetbrick-template-2x\jetbrick-template\src\main\java\jetbrick\template\parser\AstCodeVisitor.java,898
JDK:java.base:N/A:N/A,ClassOrInterfaceType,java.lang.String,String,C:\Users\tyin363\Documents\repos\subchen__jetbrick-template-2x\jetbrick-template\src\main\java\jetbrick\template\runtime\buildin\JetMethods.java,241
CLIENT:client-code:N/A:N/A,MethodCallExpr,jetbrick.template.parser.ast.AstStatementList.ListIterator,has,C:\Users\tyin363\Documents\repos\subchen__jetbrick-template-2x\jetbrick-template\src\main\java\jetbrick\template\parser\ast\AstStatementList.java,131
CLIENT:client-code:N/A:N/A,NameExpr,jetbrick.template.JetEngineImpl,log,C:\Users\tyin363\Documents\repos\subchen__jetbrick-template-2x\jetbrick-template\src\main\java\jetbrick\template\JetEngineImpl.java,196
JDK:java.base:N/A:N/A,MethodCallExpr,java.lang.Number,shortValue,C:\Users\tyin363\Documents\repos\subchen__jetbrick-template-2x\jetbrick-template\src\main\java\jetbrick\template\parser\ast\ALU.java,207
CLIENT:client-code:N/A:N/A,MethodCallExpr,jetbrick.template.parser.ParserContext,enterMacros,C:\Users\tyin363\Documents\repos\subchen__jetbrick-template-2x\jetbrick-template\src\main\java\jetbrick\template\parser\AstCodeVisitor.java,426
com.github.subchen:jetbrick-commons:jar:2.1.9,ClassOrInterfaceType,jetbrick.io.resource.Resource,Resource,C:\Users\tyin363\Documents\repos\subchen__jetbrick-template-2x\jetbrick-template\src\main\java\jetbrick\template\JetTemplateImpl.java,43
CLIENT:client-code:N/A:N/A,NameExpr,jetbrick.template.runtime.InterpretContextImpl,templateStack,C:\Users\tyin363\Documents\repos\subchen__jetbrick-template-2x\jetbrick-template\src\main\java\jetbrick\template\runtime\InterpretContextImpl.java,150
CLIENT:client-code:N/A:N/A,NameExpr,jetbrick.template.parser.ast.AstConstant,value,C:\Users\tyin363\Documents\repos\subchen__jetbrick-template-2x\jetbrick-template\src\main\java\jetbrick\template\parser\ast\AstConstant.java,38
JDK:java.base:N/A:N/A,ObjectCreationExpr,java.math.BigInteger,BigInteger,C:\Users\tyin363\Documents\repos\subchen__jetbrick-template-2x\jetbrick-template\src\main\java\jetbrick\template\runtime\buildin\JetMethods.java,228
JDK:java.base:N/A:N/A,ClassOrInterfaceType,java.lang.String,String,C:\Users\tyin363\Documents\repos\subchen__jetbrick-template-2x\jetbrick-template\src\main\java\jetbrick\template\Errors.java,40
CLIENT:client-code:N/A:N/A,NameExpr,jetbrick.template.parser.ast.AstInvokeNewObject,type,C:\Users\tyin363\Documents\repos\subchen__jetbrick-template-2x\jetbrick-template\src\main\java\jetbrick\template\parser\ast\AstInvokeNewObject.java,58
CLIENT:client-code:N/A:N/A,NameExpr,jetbrick.template.resolver.method.ClassBuildinMethodInvoker,method,C:\Users\tyin363\Documents\repos\subchen__jetbrick-template-2x\jetbrick-template\src\main\java\jetbrick\template\resolver\method\ClassBuildinMethodInvoker.java,48
CLIENT:client-code:N/A:N/A,ClassOrInterfaceType,jetbrick.template.parser.ast.Position,Position,C:\Users\tyin363\Documents\repos\subchen__jetbrick-template-2x\jetbrick-template\src\main\java\jetbrick\template\parser\ast\AstDirectiveInclude.java,35
com.github.subchen:jetbrick-commons:jar:2.1.9,MethodCallExpr,jetbrick.bean.MethodInfo,getName,C:\Users\tyin363\Documents\repos\subchen__jetbrick-template-2x\jetbrick-template\src\main\java\jetbrick\template\resolver\function\FunctionInvokerResolver.java,64
CLIENT:client-code:N/A:N/A,NameExpr,jetbrick.template.runtime.writer.JetOutputStreamPrinter,charset,C:\Users\tyin363\Documents\repos\subchen__jetbrick-template-2x\jetbrick-template\src\main\java\jetbrick\template\runtime\writer\JetOutputStreamPrinter.java,50
JDK:java.base:N/A:N/A,ClassOrInterfaceType,java.lang.Class,Class,C:\Users\tyin363\Documents\repos\subchen__jetbrick-template-2x\jetbrick-template\src\main\java\jetbrick\template\parser\ast\ALU.java,237
JDK:java.base:N/A:N/A,MethodCallExpr,java.util.HashMap,get,C:\Users\tyin363\Documents\repos\subchen__jetbrick-template-2x\jetbrick-template\src\main\java\jetbrick\template\JetContext.java,37
JDK:java.base:N/A:N/A,MethodCallExpr,java.lang.Object,toString,C:\Users\tyin363\Documents\repos\subchen__jetbrick-template-2x\jetbrick-template\src\main\java\jetbrick\template\runtime\buildin\JetTags.java,52
CLIENT:client-code:N/A:N/A,NameExpr,jetbrick.template.parser.ast.AstInvokeIndexGet,objectExpression,C:\Users\tyin363\Documents\repos\subchen__jetbrick-template-2x\jetbrick-template\src\main\java\jetbrick\template\parser\ast\AstInvokeIndexGet.java,48
com.github.subchen:jetbrick-commons:jar:2.1.9,MethodCallExpr,jetbrick.util.StringEscapeUtils,escapeXml,C:\Users\tyin363\Documents\repos\subchen__jetbrick-template-2x\jetbrick-template\src\main\java\jetbrick\template\runtime\buildin\JetMethods.java,275
JDK:java.base:N/A:N/A,ClassOrInterfaceType,java.lang.Class,Class,C:\Users\tyin363\Documents\repos\subchen__jetbrick-template-2x\jetbrick-template\src\main\java\jetbrick\template\runtime\JetForIterator.java,67
org.antlr:antlr4-runtime:jar:4.10.1,MethodCallExpr,org.antlr.v4.runtime.tree.TerminalNode,getSymbol,C:\Users\tyin363\Documents\repos\subchen__jetbrick-template-2x\jetbrick-template\src\main\java\jetbrick\template\parser\AstCodeVisitor.java,124
CLIENT:client-code:N/A:N/A,NameExpr,jetbrick.template.parser.ParserContext,currentSymbols,C:\Users\tyin363\Documents\repos\subchen__jetbrick-template-2x\jetbrick-template\src\main\java\jetbrick\template\parser\ParserContext.java,197
CLIENT:client-code:N/A:N/A,FieldAccessExpr,jetbrick.template.parser.ast.Tokens,NE,C:\Users\tyin363\Documents\repos\subchen__jetbrick-template-2x\jetbrick-template\src\main\java\jetbrick\template\parser\ast\AstOperatorEquals.java,52
CLIENT:client-code:N/A:N/A,MethodCallExpr,jetbrick.template.runtime.InterpretException,set,C:\Users\tyin363\Documents\repos\subchen__jetbrick-template-2x\jetbrick-template\src\main\java\jetbrick\template\parser\ast\AstInvokeMethodStatic.java,68
CLIENT:client-code:N/A:N/A,FieldAccessExpr,jetbrick.template.parser.ast.AstStatementList.ListIterator,size,C:\Users\tyin363\Documents\repos\subchen__jetbrick-template-2x\jetbrick-template\src\main\java\jetbrick\template\parser\ast\AstStatementList.java,231
JDK:java.base:N/A:N/A,ClassOrInterfaceType,java.lang.String,String,C:\Users\tyin363\Documents\repos\subchen__jetbrick-template-2x\jetbrick-template\src\main\java\jetbrick\template\parser\ast\Tokens.java,52
JDK:java.base:N/A:N/A,ClassOrInterfaceType,java.lang.Object,Object,C:\Users\tyin363\Documents\repos\subchen__jetbrick-template-2x\jetbrick-template\src\main\java\jetbrick\template\parser\ast\AstExpression.java,35
CLIENT:client-code:N/A:N/A,NameExpr,jetbrick.template.runtime.writer.TrimLeadingWhitespacesWriter,out,C:\Users\tyin363\Documents\repos\subchen__jetbrick-template-2x\jetbrick-template\src\main\java\jetbrick\template\runtime\writer\TrimLeadingWhitespacesWriter.java,48
CLIENT:client-code:N/A:N/A,ClassOrInterfaceType,jetbrick.template.runtime.InterpretException,InterpretException,C:\Users\tyin363\Documents\repos\subchen__jetbrick-template-2x\jetbrick-template\src\main\java\jetbrick\template\JetTemplateImpl.java,164
JDK:java.base:N/A:N/A,MethodCallExpr,java.util.Map,containsKey,C:\Users\tyin363\Documents\repos\subchen__jetbrick-template-2x\jetbrick-template\src\main\java\jetbrick\template\parser\ParserContext.java,181
CLIENT:client-code:N/A:N/A,MethodCallExpr,jetbrick.template.Errors,isReflectIllegalArgumentException,C:\Users\tyin363\Documents\repos\subchen__jetbrick-template-2x\jetbrick-template\src\main\java\jetbrick\template\parser\ast\AstInvokeMethodStatic.java,94
CLIENT:client-code:N/A:N/A,ClassOrInterfaceType,jetbrick.template.parser.ast.AstText,AstText,C:\Users\tyin363\Documents\repos\subchen__jetbrick-template-2x\jetbrick-template\src\main\java\jetbrick\template\parser\ast\AstStatementList.java,85
CLIENT:client-code:N/A:N/A,NameExpr,jetbrick.template.parser.ParserContext,strict,C:\Users\tyin363\Documents\repos\subchen__jetbrick-template-2x\jetbrick-template\src\main\java\jetbrick\template\parser\ParserContext.java,72
JDK:java.base:N/A:N/A,ClassOrInterfaceType,java.lang.String,String,C:\Users\tyin363\Documents\repos\subchen__jetbrick-template-2x\jetbrick-template\src\main\java\jetbrick\template\Errors.java,37
com.github.subchen:jetbrick-commons:jar:2.1.9,MethodCallExpr,jetbrick.io.resource.Resource,lastModified,C:\Users\tyin363\Documents\repos\subchen__jetbrick-template-2x\jetbrick-template\src\main\java\jetbrick\template\JetTemplateImpl.java,81
JDK:java.base:N/A:N/A,ClassOrInterfaceType,java.lang.String,String,C:\Users\tyin363\Documents\repos\subchen__jetbrick-template-2x\jetbrick-template\src\main\java\jetbrick\template\runtime\InterpretException.java,36
JDK:java.base:N/A:N/A,ClassOrInterfaceType,java.lang.ThreadLocal,ThreadLocal,C:\Users\tyin363\Documents\repos\subchen__jetbrick-template-2x\jetbrick-template\src\main\java\jetbrick\template\runtime\InterpretContext.java,31
JDK:java.base:N/A:N/A,ClassOrInterfaceType,java.lang.Number,Number,C:\Users\tyin363\Documents\repos\subchen__jetbrick-template-2x\jetbrick-template\src\main\java\jetbrick\template\parser\ast\ALU.java,221
CLIENT:client-code:N/A:N/A,NameExpr,jetbrick.template.runtime.writer.JetOutputStreamPrinter,error,C:\Users\tyin363\Documents\repos\subchen__jetbrick-template-2x\jetbrick-template\src\main\java\jetbrick\template\runtime\writer\JetOutputStreamPrinter.java,93
CLIENT:client-code:N/A:N/A,MethodCallExpr,jetbrick.template.resolver.GlobalResolver,registerTags,C:\Users\tyin363\Documents\repos\subchen__jetbrick-template-2x\jetbrick-template\src\main\java\jetbrick\template\JetEngineImpl.java,182
JDK:java.base:N/A:N/A,ClassOrInterfaceType,java.util.HashMap,HashMap,C:\Users\tyin363\Documents\repos\subchen__jetbrick-template-2x\jetbrick-template\src\main\java\jetbrick\template\runtime\InterpretContextImpl.java,162
JDK:java.base:N/A:N/A,ClassOrInterfaceType,java.lang.Object,Object,C:\Users\tyin363\Documents\repos\subchen__jetbrick-template-2x\jetbrick-template\src\main\java\jetbrick\template\resolver\tag\TagInvoker.java,43
CLIENT:client-code:N/A:N/A,FieldAccessExpr,jetbrick.template.JetSecurityManagerImpl,disallowConstructor,C:\Users\tyin363\Documents\repos\subchen__jetbrick-template-2x\jetbrick-template\src\main\java\jetbrick\template\JetSecurityManagerImpl.java,64
JDK:java.base:N/A:N/A,MethodCallExpr,java.lang.Object,getClass,C:\Users\tyin363\Documents\repos\subchen__jetbrick-template-2x\jetbrick-template\src\main\java\jetbrick\template\parser\ast\ALU.java,165
CLIENT:client-code:N/A:N/A,ObjectCreationExpr,jetbrick.template.runtime.JetTagContext,JetTagContext,C:\Users\tyin363\Documents\repos\subchen__jetbrick-template-2x\jetbrick-template\src\main\java\jetbrick\template\parser\ast\AstDirectiveTag.java,39
JDK:java.base:N/A:N/A,ClassOrInterfaceType,java.lang.String,String,C:\Users\tyin363\Documents\repos\subchen__jetbrick-template-2x\jetbrick-template\src\main\java\jetbrick\template\resolver\macro\MacroResolver.java,52
CLIENT:client-code:N/A:N/A,NameExpr,jetbrick.template.JetTemplateImpl,source,C:\Users\tyin363\Documents\repos\subchen__jetbrick-template-2x\jetbrick-template\src\main\java\jetbrick\template\JetTemplateImpl.java,98
com.github.subchen:jetbrick-commons:jar:2.1.9,ClassOrInterfaceType,jetbrick.bean.MethodInfo,MethodInfo,C:\Users\tyin363\Documents\repos\subchen__jetbrick-template-2x\jetbrick-template\src\main\java\jetbrick\template\resolver\function\FunctionInvokerResolver.java,51
JDK:java.base:N/A:N/A,FieldAccessExpr,java.lang.Boolean,FALSE,C:\Users\tyin363\Documents\repos\subchen__jetbrick-template-2x\jetbrick-template\src\main\java\jetbrick\template\parser\ast\ALU.java,503
JDK:java.base:N/A:N/A,MethodCallExpr,java.lang.StringBuilder,append,C:\Users\tyin363\Documents\repos\subchen__jetbrick-template-2x\jetbrick-template\src\main\java\jetbrick\template\parser\ast\AstStatementList.java,105
JDK:java.base:N/A:N/A,ClassOrInterfaceType,java.lang.Object,Object,C:\Users\tyin363\Documents\repos\subchen__jetbrick-template-2x\jetbrick-template\src\main\java\jetbrick\template\runtime\writer\JetOutputStreamPrinterEx.java,37
CLIENT:client-code:N/A:N/A,ClassOrInterfaceType,jetbrick.template.resolver.property.Getter,Getter,C:\Users\tyin363\Documents\repos\subchen__jetbrick-template-2x\jetbrick-template\src\main\java\jetbrick\template\resolver\property\FieldGetter.java,28
CLIENT:client-code:N/A:N/A,NameExpr,jetbrick.template.JetConfig,trimDirectiveCommentsPrefix,C:\Users\tyin363\Documents\repos\subchen__jetbrick-template-2x\jetbrick-template\src\main\java\jetbrick\template\JetConfig.java,122
CLIENT:client-code:N/A:N/A,NameExpr,jetbrick.template.parser.ast.AstDirectiveInclude,fileExpression,C:\Users\tyin363\Documents\repos\subchen__jetbrick-template-2x\jetbrick-template\src\main\java\jetbrick\template\parser\ast\AstDirectiveInclude.java,47
JDK:java.base:N/A:N/A,ClassOrInterfaceType,java.util.HashMap,HashMap,C:\Users\tyin363\Documents\repos\subchen__jetbrick-template-2x\jetbrick-template\src\main\java\jetbrick\template\parser\ParserContext.java,64
CLIENT:client-code:N/A:N/A,NameExpr,jetbrick.template.parser.ast.ALU,SHORT,C:\Users\tyin363\Documents\repos\subchen__jetbrick-template-2x\jetbrick-template\src\main\java\jetbrick\template\parser\ast\ALU.java,225
CLIENT:client-code:N/A:N/A,NameExpr,jetbrick.template.loader.AbstractResourceLoader,root,C:\Users\tyin363\Documents\repos\subchen__jetbrick-template-2x\jetbrick-template\src\main\java\jetbrick\template\loader\FileSystemResourceLoader.java,30
org.antlr:antlr4-runtime:jar:4.10.1,MethodCallExpr,org.antlr.v4.runtime.ParserRuleContext,getStart,C:\Users\tyin363\Documents\repos\subchen__jetbrick-template-2x\jetbrick-template\src\main\java\jetbrick\template\parser\AstCodeVisitor.java,895
JDK:java.base:N/A:N/A,MethodCallExpr,java.lang.String,substring,C:\Users\tyin363\Documents\repos\subchen__jetbrick-template-2x\jetbrick-template\src\main\java\jetbrick\template\parser\AstCodeVisitor.java,131
JDK:java.base:N/A:N/A,ObjectCreationExpr,java.util.ArrayList,ArrayList,C:\Users\tyin363\Documents\repos\subchen__jetbrick-template-2x\jetbrick-template\src\main\java\jetbrick\template\resolver\property\DefaultGetterResolver.java,40
JDK:java.base:N/A:N/A,ClassOrInterfaceType,java.lang.String,String,C:\Users\tyin363\Documents\repos\subchen__jetbrick-template-2x\jetbrick-template\src\main\java\jetbrick\template\Errors.java,38
CLIENT:client-code:N/A:N/A,FieldAccessExpr,jetbrick.template.parser.Source,filename,C:\Users\tyin363\Documents\repos\subchen__jetbrick-template-2x\jetbrick-template\src\main\java\jetbrick\template\parser\Source.java,33
JDK:java.base:N/A:N/A,ClassOrInterfaceType,java.lang.Number,Number,C:\Users\tyin363\Documents\repos\subchen__jetbrick-template-2x\jetbrick-template\src\main\java\jetbrick\template\parser\ast\ALU.java,220
CLIENT:client-code:N/A:N/A,NameExpr,jetbrick.template.parser.ast.AstInvokeNewObject,type,C:\Users\tyin363\Documents\repos\subchen__jetbrick-template-2x\jetbrick-template\src\main\java\jetbrick\template\parser\ast\AstInvokeNewObject.java,60
CLIENT:client-code:N/A:N/A,NameExpr,jetbrick.template.JetConfig,templateLoaders,C:\Users\tyin363\Documents\repos\subchen__jetbrick-template-2x\jetbrick-template\src\main\java\jetbrick\template\JetConfig.java,112
JDK:java.base:N/A:N/A,ClassOrInterfaceType,java.lang.Number,Number,C:\Users\tyin363\Documents\repos\subchen__jetbrick-template-2x\jetbrick-template\src\main\java\jetbrick\template\parser\ast\AstInvokeIndexGet.java,65
CLIENT:client-code:N/A:N/A,ClassOrInterfaceType,jetbrick.template.runtime.ValueContext,ValueContext,C:\Users\tyin363\Documents\repos\subchen__jetbrick-template-2x\jetbrick-template\src\main\java\jetbrick\template\runtime\ValueStack.java,41
CLIENT:client-code:N/A:N/A,MethodCallExpr,jetbrick.template.parser.ast.AstExpression,execute,C:\Users\tyin363\Documents\repos\subchen__jetbrick-template-2x\jetbrick-template\src\main\java\jetbrick\template\parser\ast\AstExpressionList.java,41
com.github.subchen:jetbrick-commons:jar:2.1.9,MethodCallExpr,jetbrick.bean.Executable,getSignature,C:\Users\tyin363\Documents\repos\subchen__jetbrick-template-2x\jetbrick-template\src\main\java\jetbrick\template\resolver\method\ClassBuildinMethodInvoker.java,64
JDK:java.base:N/A:N/A,MethodCallExpr,java.text.Format,format,C:\Users\tyin363\Documents\repos\subchen__jetbrick-template-2x\jetbrick-template\src\main\java\jetbrick\template\runtime\buildin\JetMethods.java,145
CLIENT:client-code:N/A:N/A,NameExpr,jetbrick.template.runtime.TemplateStack,DEFAULT_CAPACITY,C:\Users\tyin363\Documents\repos\subchen__jetbrick-template-2x\jetbrick-template\src\main\java\jetbrick\template\runtime\TemplateStack.java,48
JDK:java.base:N/A:N/A,MethodCallExpr,java.io.OutputStream,write,C:\Users\tyin363\Documents\repos\subchen__jetbrick-template-2x\jetbrick-template\src\main\java\jetbrick\template\runtime\writer\JetOutputStreamPrinter.java,91
CLIENT:client-code:N/A:N/A,MethodCallExpr,jetbrick.template.parser.ParserContext,resolveClass,C:\Users\tyin363\Documents\repos\subchen__jetbrick-template-2x\jetbrick-template\src\main\java\jetbrick\template\parser\AstCodeVisitor.java,798
JDK:java.base:N/A:N/A,MethodCallExpr,java.lang.Object,getClass,C:\Users\tyin363\Documents\repos\subchen__jetbrick-template-2x\jetbrick-template\src\main\java\jetbrick\template\parser\ast\ALU.java,164
CLIENT:client-code:N/A:N/A,MethodCallExpr,jetbrick.template.parser.Source,getContents,C:\Users\tyin363\Documents\repos\subchen__jetbrick-template-2x\jetbrick-template\src\main\java\jetbrick\template\parser\AstBuilder.java,34
JDK:java.base:N/A:N/A,MethodCallExpr,java.util.List,add,C:\Users\tyin363\Documents\repos\subchen__jetbrick-template-2x\jetbrick-template\src\main\java\jetbrick\template\resolver\function\FunctionInvokerResolver.java,89
JDK:java.base:N/A:N/A,MethodCallExpr,java.util.Arrays,asList,C:\Users\tyin363\Documents\repos\subchen__jetbrick-template-2x\jetbrick-template\src\main\java\jetbrick\template\resolver\clazz\ClassResolver.java,137
JDK:java.base:N/A:N/A,ClassOrInterfaceType,java.lang.String,String,C:\Users\tyin363\Documents\repos\subchen__jetbrick-template-2x\jetbrick-template\src\main\java\jetbrick\template\runtime\ValueStack.java,81
JDK:java.base:N/A:N/A,ClassOrInterfaceType,java.lang.Class,Class,C:\Users\tyin363\Documents\repos\subchen__jetbrick-template-2x\jetbrick-template\src\main\java\jetbrick\template\parser\ast\AstInvokeFunction.java,61
com.github.subchen:jetbrick-commons:jar:2.1.9,MethodCallExpr,jetbrick.util.ClassUtils,isInstance,C:\Users\tyin363\Documents\repos\subchen__jetbrick-template-2x\jetbrick-template\src\main\java\jetbrick\template\runtime\ValueStack.java,188
CLIENT:client-code:N/A:N/A,NameExpr,jetbrick.template.JetTemplateImpl,engine,C:\Users\tyin363\Documents\repos\subchen__jetbrick-template-2x\jetbrick-template\src\main\java\jetbrick\template\JetTemplateImpl.java,103
JDK:java.base:N/A:N/A,ClassOrInterfaceType,java.lang.IllegalStateException,IllegalStateException,C:\Users\tyin363\Documents\repos\subchen__jetbrick-template-2x\jetbrick-template\src\main\java\jetbrick\template\parser\ast\ALU.java,186
JDK:java.base:N/A:N/A,ClassOrInterfaceType,java.lang.String,String,C:\Users\tyin363\Documents\repos\subchen__jetbrick-template-2x\jetbrick-template\src\main\java\jetbrick\template\parser\AstCodeVisitor.java,867
CLIENT:client-code:N/A:N/A,MethodCallExpr,jetbrick.template.parser.ast.AstInvokeNewArray,validate,C:\Users\tyin363\Documents\repos\subchen__jetbrick-template-2x\jetbrick-template\src\main\java\jetbrick\template\parser\ast\AstInvokeNewArray.java,64
JDK:java.base:N/A:N/A,FieldAccessExpr,java.lang.Boolean,FALSE,C:\Users\tyin363\Documents\repos\subchen__jetbrick-template-2x\jetbrick-template\src\main\java\jetbrick\template\parser\ast\ALU.java,505
JDK:java.base:N/A:N/A,ClassOrInterfaceType,java.lang.Object,Object,C:\Users\tyin363\Documents\repos\subchen__jetbrick-template-2x\jetbrick-template\src\main\java\jetbrick\template\parser\ast\AstExpression.java,37
CLIENT:client-code:N/A:N/A,MethodCallExpr,jetbrick.template.parser.ast.AstExpression,execute,C:\Users\tyin363\Documents\repos\subchen__jetbrick-template-2x\jetbrick-template\src\main\java\jetbrick\template\parser\ast\AstOperatorInstanceof.java,37
JDK:java.base:N/A:N/A,ClassOrInterfaceType,java.lang.String,String,C:\Users\tyin363\Documents\repos\subchen__jetbrick-template-2x\jetbrick-template\src\main\java\jetbrick\template\Errors.java,35
CLIENT:client-code:N/A:N/A,MethodCallExpr,jetbrick.template.resolver.GlobalResolver,registerTags,C:\Users\tyin363\Documents\repos\subchen__jetbrick-template-2x\jetbrick-template\src\main\java\jetbrick\template\JetEngineImpl.java,184
JDK:java.base:N/A:N/A,MethodCallExpr,java.lang.Integer,valueOf,C:\Users\tyin363\Documents\repos\subchen__jetbrick-template-2x\jetbrick-template\src\main\java\jetbrick\template\parser\ast\ALU.java,283
JDK:java.base:N/A:N/A,ClassOrInterfaceType,java.lang.String,String,C:\Users\tyin363\Documents\repos\subchen__jetbrick-template-2x\jetbrick-template\src\main\java\jetbrick\template\JetSecurityManagerImpl.java,146
CLIENT:client-code:N/A:N/A,MethodCallExpr,jetbrick.template.JetTemplateOption,isSafecall,C:\Users\tyin363\Documents\repos\subchen__jetbrick-template-2x\jetbrick-template\src\main\java\jetbrick\template\parser\ast\AstInvokeField.java,49
JDK:java.base:N/A:N/A,MethodCallExpr,java.lang.Object,getClass,C:\Users\tyin363\Documents\repos\subchen__jetbrick-template-2x\jetbrick-template\src\main\java\jetbrick\template\parser\ast\AstInvokeNewArray.java,75
JDK:java.base:N/A:N/A,ClassOrInterfaceType,java.util.List,List,C:\Users\tyin363\Documents\repos\subchen__jetbrick-template-2x\jetbrick-template\src\main\java\jetbrick\template\resolver\function\FunctionInvokerResolver.java,84
JDK:java.base:N/A:N/A,MethodCallExpr,java.security.MessageDigest,digest,C:\Users\tyin363\Documents\repos\subchen__jetbrick-template-2x\jetbrick-template\src\main\java\jetbrick\template\runtime\buildin\JetMethods.java,246
com.github.subchen:jetbrick-commons:jar:2.1.9,MethodCallExpr,jetbrick.bean.ExecutableUtils,searchExecutable,C:\Users\tyin363\Documents\repos\subchen__jetbrick-template-2x\jetbrick-template\src\main\java\jetbrick\template\resolver\method\MethodInvokerResolver.java,140
CLIENT:client-code:N/A:N/A,ObjectCreationExpr,jetbrick.template.runtime.InterpretException,InterpretException,C:\Users\tyin363\Documents\repos\subchen__jetbrick-template-2x\jetbrick-template\src\main\java\jetbrick\template\parser\ast\AstInvokeField.java,81
CLIENT:client-code:N/A:N/A,MethodCallExpr,jetbrick.template.resolver.ParameterUtils,getActualArguments,C:\Users\tyin363\Documents\repos\subchen__jetbrick-template-2x\jetbrick-template\src\main\java\jetbrick\template\resolver\method\ExtensionMethodInvoker.java,53
CLIENT:client-code:N/A:N/A,ClassOrInterfaceType,jetbrick.template.runtime.InterpretException,InterpretException,C:\Users\tyin363\Documents\repos\subchen__jetbrick-template-2x\jetbrick-template\src\main\java\jetbrick\template\parser\ast\AstInvokeMethodStatic.java,80
org.slf4j:slf4j-api:jar:1.7.7,MethodCallExpr,org.slf4j.LoggerFactory,getLogger,C:\Users\tyin363\Documents\repos\subchen__jetbrick-template-2x\jetbrick-template\src\main\java\jetbrick\template\resolver\tag\TagInvokerResolver.java,41
JDK:java.base:N/A:N/A,ClassOrInterfaceType,java.lang.String,String,C:\Users\tyin363\Documents\repos\subchen__jetbrick-template-2x\jetbrick-template\src\main\java\jetbrick\template\resolver\tag\TagInvokerResolver.java,44
CLIENT:client-code:N/A:N/A,NameExpr,jetbrick.template.runtime.ValueStack,DEFAULT_CAPACITY,C:\Users\tyin363\Documents\repos\subchen__jetbrick-template-2x\jetbrick-template\src\main\java\jetbrick\template\runtime\ValueStack.java,47
CLIENT:client-code:N/A:N/A,ClassOrInterfaceType,jetbrick.template.parser.SyntaxException,SyntaxException,C:\Users\tyin363\Documents\repos\subchen__jetbrick-template-2x\jetbrick-template\src\main\java\jetbrick\template\parser\AstCodeVisitor.java,547
JDK:java.base:N/A:N/A,ClassOrInterfaceType,java.lang.Class,Class,C:\Users\tyin363\Documents\repos\subchen__jetbrick-template-2x\jetbrick-template\src\main\java\jetbrick\template\runtime\JetForIterator.java,68
com.github.subchen:jetbrick-commons:jar:2.1.9,MethodCallExpr,jetbrick.bean.KlassInfo,getField,C:\Users\tyin363\Documents\repos\subchen__jetbrick-template-2x\jetbrick-template\src\main\java\jetbrick\template\resolver\property\DefaultGetterResolver.java,84
CLIENT:client-code:N/A:N/A,NameExpr,jetbrick.template.parser.ast.AstInvokeFieldStatic,field,C:\Users\tyin363\Documents\repos\subchen__jetbrick-template-2x\jetbrick-template\src\main\java\jetbrick\template\parser\ast\AstInvokeFieldStatic.java,62
CLIENT:client-code:N/A:N/A,FieldAccessExpr,jetbrick.template.parser.ast.Tokens,PLUS,C:\Users\tyin363\Documents\repos\subchen__jetbrick-template-2x\jetbrick-template\src\main\java\jetbrick\template\parser\AstCodeVisitor.java,559
JDK:java.base:N/A:N/A,MethodCallExpr,java.lang.Object,getClass,C:\Users\tyin363\Documents\repos\subchen__jetbrick-template-2x\jetbrick-template\src\main\java\jetbrick\template\resolver\ParameterUtils.java,69
CLIENT:client-code:N/A:N/A,MethodCallExpr,jetbrick.template.Errors,format,C:\Users\tyin363\Documents\repos\subchen__jetbrick-template-2x\jetbrick-template\src\main\java\jetbrick\template\parser\ast\ALU.java,458
JDK:java.base:N/A:N/A,ClassOrInterfaceType,java.io.IOException,IOException,C:\Users\tyin363\Documents\repos\subchen__jetbrick-template-2x\jetbrick-template\src\main\java\jetbrick\template\runtime\JetWriter.java,109
CLIENT:client-code:N/A:N/A,ClassOrInterfaceType,jetbrick.template.parser.ast.AstDirectiveTag,AstDirectiveTag,C:\Users\tyin363\Documents\repos\subchen__jetbrick-template-2x\jetbrick-template\src\main\java\jetbrick\template\parser\AstCodeVisitor.java,403
com.github.subchen:jetbrick-commons:jar:2.1.9,MethodCallExpr,jetbrick.util.IdentifiedNameUtils,toCapitalizeCamelCase,C:\Users\tyin363\Documents\repos\subchen__jetbrick-template-2x\jetbrick-template\src\main\java\jetbrick\template\runtime\buildin\JetMethods.java,170
CLIENT:client-code:N/A:N/A,NameExpr,jetbrick.template.parser.ast.ALU,BYTE,C:\Users\tyin363\Documents\repos\subchen__jetbrick-template-2x\jetbrick-template\src\main\java\jetbrick\template\parser\ast\ALU.java,243
CLIENT:client-code:N/A:N/A,MethodCallExpr,jetbrick.template.parser.AstCodeVisitor,resolveClass,C:\Users\tyin363\Documents\repos\subchen__jetbrick-template-2x\jetbrick-template\src\main\java\jetbrick\template\parser\AstCodeVisitor.java,458
JDK:java.base:N/A:N/A,ClassOrInterfaceType,java.lang.String,String,C:\Users\tyin363\Documents\repos\subchen__jetbrick-template-2x\jetbrick-template\src\main\java\jetbrick\template\Errors.java,36
JDK:java.base:N/A:N/A,MethodCallExpr,java.lang.String,charAt,C:\Users\tyin363\Documents\repos\subchen__jetbrick-template-2x\jetbrick-template\src\main\java\jetbrick\template\parser\ast\AstText.java,132
JDK:java.base:N/A:N/A,ClassOrInterfaceType,java.lang.Number,Number,C:\Users\tyin363\Documents\repos\subchen__jetbrick-template-2x\jetbrick-template\src\main\java\jetbrick\template\parser\ast\ALU.java,222
com.github.subchen:jetbrick-commons:jar:2.1.9,MethodCallExpr,jetbrick.config.Config,asString,C:\Users\tyin363\Documents\repos\subchen__jetbrick-template-2x\jetbrick-template\src\main\java\jetbrick\template\JetConfig.java,122
CLIENT:client-code:N/A:N/A,NameExpr,jetbrick.template.parser.ast.AstDirectiveInclude,fileExpression,C:\Users\tyin363\Documents\repos\subchen__jetbrick-template-2x\jetbrick-template\src\main\java\jetbrick\template\parser\ast\AstDirectiveInclude.java,45
CLIENT:client-code:N/A:N/A,NameExpr,jetbrick.template.parser.ast.AstConstant,value,C:\Users\tyin363\Documents\repos\subchen__jetbrick-template-2x\jetbrick-template\src\main\java\jetbrick\template\parser\ast\AstConstant.java,34
CLIENT:client-code:N/A:N/A,ClassOrInterfaceType,jetbrick.template.parser.SyntaxException,SyntaxException,C:\Users\tyin363\Documents\repos\subchen__jetbrick-template-2x\jetbrick-template\src\main\java\jetbrick\template\parser\SyntaxException.java,47
CLIENT:client-code:N/A:N/A,NameExpr,jetbrick.template.resolver.method.ExtensionMethodInvoker,method,C:\Users\tyin363\Documents\repos\subchen__jetbrick-template-2x\jetbrick-template\src\main\java\jetbrick\template\resolver\method\ExtensionMethodInvoker.java,61
CLIENT:client-code:N/A:N/A,NameExpr,jetbrick.template.parser.ast.ALU,LONG,C:\Users\tyin363\Documents\repos\subchen__jetbrick-template-2x\jetbrick-template\src\main\java\jetbrick\template\parser\ast\ALU.java,48
JDK:java.base:N/A:N/A,MethodCallExpr,java.lang.Object,getClass,C:\Users\tyin363\Documents\repos\subchen__jetbrick-template-2x\jetbrick-template\src\main\java\jetbrick\template\parser\ast\AstDirectiveInclude.java,50
CLIENT:client-code:N/A:N/A,ClassOrInterfaceType,jetbrick.template.parser.AstBuilder.AstErrorListener,AstErrorListener,C:\Users\tyin363\Documents\repos\subchen__jetbrick-template-2x\jetbrick-template\src\main\java\jetbrick\template\parser\AstBuilder.java,57
CLIENT:client-code:N/A:N/A,ClassOrInterfaceType,jetbrick.template.runtime.ValueContext,ValueContext,C:\Users\tyin363\Documents\repos\subchen__jetbrick-template-2x\jetbrick-template\src\main\java\jetbrick\template\runtime\ValueStack.java,39
CLIENT:client-code:N/A:N/A,ClassOrInterfaceType,jetbrick.template.JetTemplateMacro,JetTemplateMacro,C:\Users\tyin363\Documents\repos\subchen__jetbrick-template-2x\jetbrick-template\src\main\java\jetbrick\template\runtime\InterpretContextImpl.java,144
CLIENT:client-code:N/A:N/A,ClassOrInterfaceType,jetbrick.template.JetSecurityManager,JetSecurityManager,C:\Users\tyin363\Documents\repos\subchen__jetbrick-template-2x\jetbrick-template\src\main\java\jetbrick\template\loader\AbstractResourceLoader.java,28
JDK:java.base:N/A:N/A,ClassOrInterfaceType,java.lang.String,String,C:\Users\tyin363\Documents\repos\subchen__jetbrick-template-2x\jetbrick-template\src\main\java\jetbrick\template\resolver\tag\TagInvokerResolver.java,43
CLIENT:client-code:N/A:N/A,FieldAccessExpr,jetbrick.template.runtime.InterpretContextImpl,writer,C:\Users\tyin363\Documents\repos\subchen__jetbrick-template-2x\jetbrick-template\src\main\java\jetbrick\template\runtime\InterpretContextImpl.java,101
CLIENT:client-code:N/A:N/A,ClassOrInterfaceType,jetbrick.template.runtime.InterpretContext,InterpretContext,C:\Users\tyin363\Documents\repos\subchen__jetbrick-template-2x\jetbrick-template\src\main\java\jetbrick\template\parser\ast\AstTernaryOperator.java,38
CLIENT:client-code:N/A:N/A,FieldAccessExpr,jetbrick.template.Errors,VARIABLE_TYPE_MISMATCH,C:\Users\tyin363\Documents\repos\subchen__jetbrick-template-2x\jetbrick-template\src\main\java\jetbrick\template\parser\AstCodeVisitor.java,382
CLIENT:client-code:N/A:N/A,NameExpr,jetbrick.template.runtime.TemplateStack,DEFAULT_CAPACITY,C:\Users\tyin363\Documents\repos\subchen__jetbrick-template-2x\jetbrick-template\src\main\java\jetbrick\template\runtime\TemplateStack.java,38
JDK:java.base:N/A:N/A,ObjectCreationExpr,java.lang.IllegalStateException,IllegalStateException,C:\Users\tyin363\Documents\repos\subchen__jetbrick-template-2x\jetbrick-template\src\main\java\jetbrick\template\parser\ast\ALU.java,270
JDK:java.base:N/A:N/A,ClassOrInterfaceType,java.lang.Object,Object,C:\Users\tyin363\Documents\repos\subchen__jetbrick-template-2x\jetbrick-template\src\main\java\jetbrick\template\resolver\method\ClassBuildinMethodInvoker.java,52
JDK:java.base:N/A:N/A,MethodCallExpr,java.lang.Number,intValue,C:\Users\tyin363\Documents\repos\subchen__jetbrick-template-2x\jetbrick-template\src\main\java\jetbrick\template\parser\ast\ALU.java,443
JDK:java.base:N/A:N/A,FieldAccessExpr,java.lang.Boolean,FALSE,C:\Users\tyin363\Documents\repos\subchen__jetbrick-template-2x\jetbrick-template\src\main\java\jetbrick\template\parser\ast\ALU.java,507
JDK:java.base:N/A:N/A,MethodCallExpr,java.lang.StringBuffer,append,C:\Users\tyin363\Documents\repos\subchen__jetbrick-template-2x\jetbrick-template\src\main\java\jetbrick\template\resolver\function\FunctionInvokerResolver.java,80
CLIENT:client-code:N/A:N/A,MethodCallExpr,jetbrick.template.runtime.TemplateStack,push,C:\Users\tyin363\Documents\repos\subchen__jetbrick-template-2x\jetbrick-template\src\main\java\jetbrick\template\runtime\InterpretContextImpl.java,126
JDK:java.base:N/A:N/A,ClassOrInterfaceType,java.util.List,List,C:\Users\tyin363\Documents\repos\subchen__jetbrick-template-2x\jetbrick-template\src\main\java\jetbrick\template\parser\ParserContext.java,246
CLIENT:client-code:N/A:N/A,NameExpr,jetbrick.template.runtime.writer.TrimLeadingWhitespacesOutputStream,out,C:\Users\tyin363\Documents\repos\subchen__jetbrick-template-2x\jetbrick-template\src\main\java\jetbrick\template\runtime\writer\TrimLeadingWhitespacesOutputStream.java,82
JDK:java.base:N/A:N/A,MethodCallExpr,java.lang.Integer,valueOf,C:\Users\tyin363\Documents\repos\subchen__jetbrick-template-2x\jetbrick-template\src\main\java\jetbrick\template\parser\ast\ALU.java,285
com.github.subchen:jetbrick-commons:jar:2.1.9,ClassOrInterfaceType,jetbrick.io.resource.ResourceNotFoundException,ResourceNotFoundException,C:\Users\tyin363\Documents\repos\subchen__jetbrick-template-2x\jetbrick-template\src\main\java\jetbrick\template\JetTemplateImpl.java,68
JDK:java.base:N/A:N/A,MethodCallExpr,java.lang.String,equals,C:\Users\tyin363\Documents\repos\subchen__jetbrick-template-2x\jetbrick-template\src\main\java\jetbrick\template\parser\AstCodeVisitor.java,189
JDK:java.base:N/A:N/A,ObjectCreationExpr,java.util.Date,Date,C:\Users\tyin363\Documents\repos\subchen__jetbrick-template-2x\jetbrick-template\src\main\java\jetbrick\template\runtime\buildin\JetFunctions.java,42
CLIENT:client-code:N/A:N/A,MethodCallExpr,jetbrick.template.parser.ast.AstStatementList,execute,C:\Users\tyin363\Documents\repos\subchen__jetbrick-template-2x\jetbrick-template\src\main\java\jetbrick\template\parser\ast\AstDirectiveFor.java,63
CLIENT:client-code:N/A:N/A,NameExpr,jetbrick.template.parser.ParserContext,currentSymbols,C:\Users\tyin363\Documents\repos\subchen__jetbrick-template-2x\jetbrick-template\src\main\java\jetbrick\template\parser\ParserContext.java,202
JDK:java.base:N/A:N/A,ClassOrInterfaceType,java.lang.String,String,C:\Users\tyin363\Documents\repos\subchen__jetbrick-template-2x\jetbrick-template\src\main\java\jetbrick\template\resolver\property\DefaultGetterResolver.java,69
CLIENT:client-code:N/A:N/A,MethodCallExpr,jetbrick.template.parser.ast.AstInvokeFunction,doInvoke,C:\Users\tyin363\Documents\repos\subchen__jetbrick-template-2x\jetbrick-template\src\main\java\jetbrick\template\parser\ast\AstInvokeFunction.java,91
JDK:java.base:N/A:N/A,ClassOrInterfaceType,java.lang.Integer,Integer,C:\Users\tyin363\Documents\repos\subchen__jetbrick-template-2x\jetbrick-template\src\main\java\jetbrick\template\parser\ast\ALU.java,362
JDK:java.base:N/A:N/A,MethodCallExpr,java.util.Collections,emptyMap,C:\Users\tyin363\Documents\repos\subchen__jetbrick-template-2x\jetbrick-template\src\main\java\jetbrick\template\parser\ast\AstDirectiveInclude.java,59
CLIENT:client-code:N/A:N/A,NameExpr,jetbrick.template.runtime.TemplateStack,templates,C:\Users\tyin363\Documents\repos\subchen__jetbrick-template-2x\jetbrick-template\src\main\java\jetbrick\template\runtime\TemplateStack.java,47
CLIENT:client-code:N/A:N/A,FieldAccessExpr,jetbrick.template.parser.ast.AstInvokeMethod,last,C:\Users\tyin363\Documents\repos\subchen__jetbrick-template-2x\jetbrick-template\src\main\java\jetbrick\template\parser\ast\AstInvokeMethod.java,84
CLIENT:client-code:N/A:N/A,NameExpr,jetbrick.template.resolver.method.ClassBuildinMethodInvoker,method,C:\Users\tyin363\Documents\repos\subchen__jetbrick-template-2x\jetbrick-template\src\main\java\jetbrick\template\resolver\method\ClassBuildinMethodInvoker.java,59
CLIENT:client-code:N/A:N/A,MethodCallExpr,jetbrick.template.parser.ast.AstInvokeField,doInvokeGetter,C:\Users\tyin363\Documents\repos\subchen__jetbrick-template-2x\jetbrick-template\src\main\java\jetbrick\template\parser\ast\AstInvokeField.java,57
CLIENT:client-code:N/A:N/A,ClassOrInterfaceType,jetbrick.template.JetTemplateOption,JetTemplateOption,C:\Users\tyin363\Documents\repos\subchen__jetbrick-template-2x\jetbrick-template\src\main\java\jetbrick\template\JetTemplateImpl.java,207
CLIENT:client-code:N/A:N/A,NameExpr,jetbrick.template.runtime.TemplateStack,templates,C:\Users\tyin363\Documents\repos\subchen__jetbrick-template-2x\jetbrick-template\src\main\java\jetbrick\template\runtime\TemplateStack.java,48
org.antlr:antlr4-runtime:jar:4.10.1,ClassOrInterfaceType,org.antlr.v4.runtime.RecognitionException,RecognitionException,C:\Users\tyin363\Documents\repos\subchen__jetbrick-template-2x\jetbrick-template\src\main\java\jetbrick\template\parser\AstBuilder.java,60
JDK:java.base:N/A:N/A,ClassOrInterfaceType,java.lang.Object,Object,C:\Users\tyin363\Documents\repos\subchen__jetbrick-template-2x\jetbrick-template\src\main\java\jetbrick\template\JetGlobalContext.java,63
CLIENT:client-code:N/A:N/A,ClassOrInterfaceType,jetbrick.template.parser.ast.AstNode,AstNode,C:\Users\tyin363\Documents\repos\subchen__jetbrick-template-2x\jetbrick-template\src\main\java\jetbrick\template\parser\AstCodeVisitor.java,206
com.github.subchen:jetbrick-commons:jar:2.1.9,ClassOrInterfaceType,jetbrick.io.stream.UnsafeCharArrayWriter,UnsafeCharArrayWriter,C:\Users\tyin363\Documents\repos\subchen__jetbrick-template-2x\jetbrick-template\src\main\java\jetbrick\template\runtime\JetTagContext.java,44
JDK:java.base:N/A:N/A,ClassOrInterfaceType,java.io.IOException,IOException,C:\Users\tyin363\Documents\repos\subchen__jetbrick-template-2x\jetbrick-template\src\main\java\jetbrick\template\runtime\JetWriter.java,99
CLIENT:client-code:N/A:N/A,NameExpr,jetbrick.template.parser.ast.AstInvokeFieldStatic,field,C:\Users\tyin363\Documents\repos\subchen__jetbrick-template-2x\jetbrick-template\src\main\java\jetbrick\template\parser\ast\AstInvokeFieldStatic.java,52
CLIENT:client-code:N/A:N/A,FieldAccessExpr,jetbrick.template.resolver.function.ExtensionFunctionInvoker,varArgsClass,C:\Users\tyin363\Documents\repos\subchen__jetbrick-template-2x\jetbrick-template\src\main\java\jetbrick\template\resolver\function\ExtensionFunctionInvoker.java,42
com.github.subchen:jetbrick-commons:jar:2.1.9,ClassOrInterfaceType,jetbrick.bean.MethodInfo,MethodInfo,C:\Users\tyin363\Documents\repos\subchen__jetbrick-template-2x\jetbrick-template\src\main\java\jetbrick\template\resolver\function\FunctionInvokerResolver.java,63
JDK:java.base:N/A:N/A,MethodCallExpr,java.lang.Object,equals,C:\Users\tyin363\Documents\repos\subchen__jetbrick-template-2x\jetbrick-template\src\main\java\jetbrick\template\parser\ast\ALU.java,379
JDK:java.base:N/A:N/A,MethodCallExpr,java.util.Map,get,C:\Users\tyin363\Documents\repos\subchen__jetbrick-template-2x\jetbrick-template\src\main\java\jetbrick\template\resolver\macro\MacroResolver.java,56
CLIENT:client-code:N/A:N/A,MethodCallExpr,jetbrick.template.JetSecurityManagerImpl,checkAccess,C:\Users\tyin363\Documents\repos\subchen__jetbrick-template-2x\jetbrick-template\src\main\java\jetbrick\template\JetSecurityManagerImpl.java,150
CLIENT:client-code:N/A:N/A,NameExpr,jetbrick.template.parser.ast.AstOperatorInstanceof,expression,C:\Users\tyin363\Documents\repos\subchen__jetbrick-template-2x\jetbrick-template\src\main\java\jetbrick\template\parser\ast\AstOperatorInstanceof.java,37
CLIENT:client-code:N/A:N/A,MethodCallExpr,jetbrick.template.parser.AstCodeVisitor,pos,C:\Users\tyin363\Documents\repos\subchen__jetbrick-template-2x\jetbrick-template\src\main\java\jetbrick\template\parser\AstCodeVisitor.java,367
JDK:java.base:N/A:N/A,ClassOrInterfaceType,java.lang.String,String,C:\Users\tyin363\Documents\repos\subchen__jetbrick-template-2x\jetbrick-template\src\main\java\jetbrick\template\Errors.java,47
JDK:java.base:N/A:N/A,ClassOrInterfaceType,java.lang.Class,Class,C:\Users\tyin363\Documents\repos\subchen__jetbrick-template-2x\jetbrick-template\src\main\java\jetbrick\template\JetEngineImpl.java,206
CLIENT:client-code:N/A:N/A,FieldAccessExpr,jetbrick.template.parser.ast.Tokens,MINUS,C:\Users\tyin363\Documents\repos\subchen__jetbrick-template-2x\jetbrick-template\src\main\java\jetbrick\template\parser\AstCodeVisitor.java,561
JDK:java.base:N/A:N/A,ClassOrInterfaceType,java.lang.IllegalStateException,IllegalStateException,C:\Users\tyin363\Documents\repos\subchen__jetbrick-template-2x\jetbrick-template\src\main\java\jetbrick\template\parser\ast\ALU.java,182
CLIENT:client-code:N/A:N/A,ClassOrInterfaceType,jetbrick.template.runtime.InterpretContext,InterpretContext,C:\Users\tyin363\Documents\repos\subchen__jetbrick-template-2x\jetbrick-template\src\main\java\jetbrick\template\parser\ast\AstDirectiveContinue.java,33
CLIENT:client-code:N/A:N/A,FieldAccessExpr,jetbrick.template.parser.ast.Tokens,AST_BLOCK_ELSEIF,C:\Users\tyin363\Documents\repos\subchen__jetbrick-template-2x\jetbrick-template\src\main\java\jetbrick\template\parser\AstCodeVisitor.java,108
com.github.subchen:jetbrick-commons:jar:2.1.9,ClassOrInterfaceType,jetbrick.io.resource.ResourceNotFoundException,ResourceNotFoundException,C:\Users\tyin363\Documents\repos\subchen__jetbrick-template-2x\jetbrick-template\src\main\java\jetbrick\template\parser\ast\AstDirectiveInclude.java,68
JDK:java.base:N/A:N/A,FieldAccessExpr,java.lang.Boolean,FALSE,C:\Users\tyin363\Documents\repos\subchen__jetbrick-template-2x\jetbrick-template\src\main\java\jetbrick\template\parser\ast\ALU.java,509
JDK:java.base:N/A:N/A,MethodCallExpr,java.lang.StringBuilder,append,C:\Users\tyin363\Documents\repos\subchen__jetbrick-template-2x\jetbrick-template\src\main\java\jetbrick\template\parser\ast\AstStatementList.java,96
CLIENT:client-code:N/A:N/A,MethodCallExpr,jetbrick.template.runtime.ValueStack,setLocal,C:\Users\tyin363\Documents\repos\subchen__jetbrick-template-2x\jetbrick-template\src\main\java\jetbrick\template\runtime\buildin\JetTags.java,38
JDK:java.base:N/A:N/A,MethodCallExpr,java.util.List,isEmpty,C:\Users\tyin363\Documents\repos\subchen__jetbrick-template-2x\jetbrick-template\src\main\java\jetbrick\template\parser\ast\AstStatementList.java,31
JDK:java.base:N/A:N/A,MethodCallExpr,java.lang.String,format,C:\Users\tyin363\Documents\repos\subchen__jetbrick-template-2x\jetbrick-template\src\main\java\jetbrick\template\Errors.java,130
CLIENT:client-code:N/A:N/A,NameExpr,jetbrick.template.parser.ast.AstInvokeFieldStatic,field,C:\Users\tyin363\Documents\repos\subchen__jetbrick-template-2x\jetbrick-template\src\main\java\jetbrick\template\parser\ast\AstInvokeFieldStatic.java,51
CLIENT:client-code:N/A:N/A,ClassOrInterfaceType,jetbrick.template.parser.ast.AstIdentifier,AstIdentifier,C:\Users\tyin363\Documents\repos\subchen__jetbrick-template-2x\jetbrick-template\src\main\java\jetbrick\template\parser\AstCodeVisitor.java,717
CLIENT:client-code:N/A:N/A,ClassOrInterfaceType,jetbrick.template.parser.SyntaxException,SyntaxException,C:\Users\tyin363\Documents\repos\subchen__jetbrick-template-2x\jetbrick-template\src\main\java\jetbrick\template\parser\SyntaxException.java,52
CLIENT:client-code:N/A:N/A,NameExpr,jetbrick.template.runtime.writer.JetWriterPrinter,os,C:\Users\tyin363\Documents\repos\subchen__jetbrick-template-2x\jetbrick-template\src\main\java\jetbrick\template\runtime\writer\JetWriterPrinter.java,133
JDK:java.base:N/A:N/A,ClassOrInterfaceType,java.lang.String,String,C:\Users\tyin363\Documents\repos\subchen__jetbrick-template-2x\jetbrick-template\src\main\java\jetbrick\template\Errors.java,48
CLIENT:client-code:N/A:N/A,ObjectCreationExpr,jetbrick.template.parser.ast.AstTemplate,AstTemplate,C:\Users\tyin363\Documents\repos\subchen__jetbrick-template-2x\jetbrick-template\src\main\java\jetbrick\template\parser\AstCodeVisitor.java,92
JDK:java.base:N/A:N/A,ClassOrInterfaceType,java.lang.String,String,C:\Users\tyin363\Documents\repos\subchen__jetbrick-template-2x\jetbrick-template\src\main\java\jetbrick\template\JetConfig.java,80
com.github.subchen:jetbrick-commons:jar:2.1.9,ClassOrInterfaceType,jetbrick.io.resource.ResourceNotFoundException,ResourceNotFoundException,C:\Users\tyin363\Documents\repos\subchen__jetbrick-template-2x\jetbrick-template\src\main\java\jetbrick\template\JetEngine.java,115
CLIENT:client-code:N/A:N/A,MethodCallExpr,jetbrick.template.parser.ast.AstStatementList.ListIterator,peek,C:\Users\tyin363\Documents\repos\subchen__jetbrick-template-2x\jetbrick-template\src\main\java\jetbrick\template\parser\ast\AstStatementList.java,143
CLIENT:client-code:N/A:N/A,NameExpr,jetbrick.template.resolver.macro.MacroResolver,loadedTemplates,C:\Users\tyin363\Documents\repos\subchen__jetbrick-template-2x\jetbrick-template\src\main\java\jetbrick\template\resolver\macro\MacroResolver.java,31
JDK:java.base:N/A:N/A,ClassOrInterfaceType,java.util.ArrayList,ArrayList,C:\Users\tyin363\Documents\repos\subchen__jetbrick-template-2x\jetbrick-template\src\main\java\jetbrick\template\runtime\buildin\JetMethods.java,114
CLIENT:client-code:N/A:N/A,FieldAccessExpr,jetbrick.template.parser.ast.AstOperatorInstanceof,type,C:\Users\tyin363\Documents\repos\subchen__jetbrick-template-2x\jetbrick-template\src\main\java\jetbrick\template\parser\ast\AstOperatorInstanceof.java,32
CLIENT:client-code:N/A:N/A,FieldAccessExpr,jetbrick.template.parser.ast.AstDirectiveMacro,symbols,C:\Users\tyin363\Documents\repos\subchen__jetbrick-template-2x\jetbrick-template\src\main\java\jetbrick\template\parser\ast\AstDirectiveMacro.java,36
CLIENT:client-code:N/A:N/A,MethodCallExpr,jetbrick.template.resolver.tag.TagInvokerResolver,register,C:\Users\tyin363\Documents\repos\subchen__jetbrick-template-2x\jetbrick-template\src\main\java\jetbrick\template\resolver\tag\TagInvokerResolver.java,56
CLIENT:client-code:N/A:N/A,ClassOrInterfaceType,jetbrick.template.runtime.InterpretContext,InterpretContext,C:\Users\tyin363\Documents\repos\subchen__jetbrick-template-2x\jetbrick-template\src\main\java\jetbrick\template\parser\ast\AstDirectiveIf.java,37
CLIENT:client-code:N/A:N/A,MethodCallExpr,jetbrick.template.resolver.GlobalResolver,registerMacros,C:\Users\tyin363\Documents\repos\subchen__jetbrick-template-2x\jetbrick-template\src\main\java\jetbrick\template\JetEngineImpl.java,217
CLIENT:client-code:N/A:N/A,ClassOrInterfaceType,jetbrick.template.runtime.InterpretContext,InterpretContext,C:\Users\tyin363\Documents\repos\subchen__jetbrick-template-2x\jetbrick-template\src\main\java\jetbrick\template\parser\ast\AstInvokeFunction.java,57
CLIENT:client-code:N/A:N/A,NameExpr,jetbrick.template.runtime.ValueContext,inheritedContext,C:\Users\tyin363\Documents\repos\subchen__jetbrick-template-2x\jetbrick-template\src\main\java\jetbrick\template\runtime\ValueContext.java,77
CLIENT:client-code:N/A:N/A,NameExpr,jetbrick.template.resolver.method.ExtensionMethodInvoker,method,C:\Users\tyin363\Documents\repos\subchen__jetbrick-template-2x\jetbrick-template\src\main\java\jetbrick\template\resolver\method\ExtensionMethodInvoker.java,48
CLIENT:client-code:N/A:N/A,MethodCallExpr,jetbrick.template.parser.AstCodeVisitor,accept,C:\Users\tyin363\Documents\repos\subchen__jetbrick-template-2x\jetbrick-template\src\main\java\jetbrick\template\parser\AstCodeVisitor.java,457
JDK:java.base:N/A:N/A,ClassOrInterfaceType,java.lang.Object,Object,C:\Users\tyin363\Documents\repos\subchen__jetbrick-template-2x\jetbrick-template\src\main\java\jetbrick\template\resolver\function\FunctionInvoker.java,31
CLIENT:client-code:N/A:N/A,MethodCallExpr,jetbrick.template.JetSecurityManagerImpl,addList,C:\Users\tyin363\Documents\repos\subchen__jetbrick-template-2x\jetbrick-template\src\main\java\jetbrick\template\JetSecurityManagerImpl.java,53
JDK:java.base:N/A:N/A,ClassOrInterfaceType,java.lang.Class,Class,C:\Users\tyin363\Documents\repos\subchen__jetbrick-template-2x\jetbrick-template\src\main\java\jetbrick\template\resolver\property\DefaultGetterResolver.java,49
CLIENT:client-code:N/A:N/A,ClassOrInterfaceType,jetbrick.template.JetEngine,JetEngine,C:\Users\tyin363\Documents\repos\subchen__jetbrick-template-2x\jetbrick-template\src\main\java\jetbrick\template\JetEngine.java,53
CLIENT:client-code:N/A:N/A,ClassOrInterfaceType,jetbrick.template.parser.ast.AstDirectiveTag,AstDirectiveTag,C:\Users\tyin363\Documents\repos\subchen__jetbrick-template-2x\jetbrick-template\src\main\java\jetbrick\template\parser\ast\AstStatementList.java,151
com.github.subchen:jetbrick-commons:jar:2.1.9,MethodCallExpr,jetbrick.util.StringEscapeUtils,unescapeJava,C:\Users\tyin363\Documents\repos\subchen__jetbrick-template-2x\jetbrick-template\src\main\java\jetbrick\template\parser\AstCodeVisitor.java,871
JDK:java.base:N/A:N/A,ClassOrInterfaceType,java.io.IOException,IOException,C:\Users\tyin363\Documents\repos\subchen__jetbrick-template-2x\jetbrick-template\src\main\java\jetbrick\template\runtime\JetWriter.java,97
JDK:java.base:N/A:N/A,ClassOrInterfaceType,java.io.IOException,IOException,C:\Users\tyin363\Documents\repos\subchen__jetbrick-template-2x\jetbrick-template\src\main\java\jetbrick\template\runtime\writer\JetOutputStreamPrinter.java,78
com.github.subchen:jetbrick-commons:jar:2.1.9,MethodCallExpr,jetbrick.bean.KlassInfo,searchMethod,C:\Users\tyin363\Documents\repos\subchen__jetbrick-template-2x\jetbrick-template\src\main\java\jetbrick\template\resolver\method\MethodInvokerResolver.java,123
CLIENT:client-code:N/A:N/A,FieldAccessExpr,jetbrick.template.resolver.function.ExtensionFunctionInvoker,varArgsClass,C:\Users\tyin363\Documents\repos\subchen__jetbrick-template-2x\jetbrick-template\src\main\java\jetbrick\template\resolver\function\ExtensionFunctionInvoker.java,40
CLIENT:client-code:N/A:N/A,MethodCallExpr,jetbrick.template.parser.ast.AstConstantMapEntry,execute,C:\Users\tyin363\Documents\repos\subchen__jetbrick-template-2x\jetbrick-template\src\main\java\jetbrick\template\parser\ast\AstConstantMap.java,40
CLIENT:client-code:N/A:N/A,MethodCallExpr,jetbrick.template.parser.ast.AstStatementList.ListIterator,peek,C:\Users\tyin363\Documents\repos\subchen__jetbrick-template-2x\jetbrick-template\src\main\java\jetbrick\template\parser\ast\AstStatementList.java,144
JDK:java.base:N/A:N/A,FieldAccessExpr,java.lang.Boolean,TRUE,C:\Users\tyin363\Documents\repos\subchen__jetbrick-template-2x\jetbrick-template\src\main\java\jetbrick\template\runtime\buildin\JetMethods.java,50
JDK:java.base:N/A:N/A,ClassOrInterfaceType,java.lang.Float,Float,C:\Users\tyin363\Documents\repos\subchen__jetbrick-template-2x\jetbrick-template\src\main\java\jetbrick\template\parser\ast\ALU.java,204
JDK:java.base:N/A:N/A,ClassOrInterfaceType,java.lang.String,String,C:\Users\tyin363\Documents\repos\subchen__jetbrick-template-2x\jetbrick-template\src\main\java\jetbrick\template\parser\ast\AstOperatorBinary.java,66
CLIENT:client-code:N/A:N/A,ClassOrInterfaceType,jetbrick.template.parser.SyntaxException,SyntaxException,C:\Users\tyin363\Documents\repos\subchen__jetbrick-template-2x\jetbrick-template\src\main\java\jetbrick\template\parser\AstCodeVisitor.java,800
JDK:java.base:N/A:N/A,ClassOrInterfaceType,java.lang.String,String,C:\Users\tyin363\Documents\repos\subchen__jetbrick-template-2x\jetbrick-template\src\main\java\jetbrick\template\parser\ast\AstInvokeFunction.java,65
CLIENT:client-code:N/A:N/A,ClassOrInterfaceType,jetbrick.template.parser.ast.AstInvokeField,AstInvokeField,C:\Users\tyin363\Documents\repos\subchen__jetbrick-template-2x\jetbrick-template\src\main\java\jetbrick\template\parser\AstCodeVisitor.java,661
CLIENT:client-code:N/A:N/A,NameExpr,jetbrick.template.parser.ast.AstExpression,position,C:\Users\tyin363\Documents\repos\subchen__jetbrick-template-2x\jetbrick-template\src\main\java\jetbrick\template\parser\ast\AstInvokeNewObject.java,79
JDK:java.base:N/A:N/A,ClassOrInterfaceType,java.lang.Object,Object,C:\Users\tyin363\Documents\repos\subchen__jetbrick-template-2x\jetbrick-template\src\main\java\jetbrick\template\runtime\ValueContext.java,88
CLIENT:client-code:N/A:N/A,MethodCallExpr,jetbrick.template.runtime.InterpretContext,getSignal,C:\Users\tyin363\Documents\repos\subchen__jetbrick-template-2x\jetbrick-template\src\main\java\jetbrick\template\parser\ast\AstDirectiveFor.java,66
CLIENT:client-code:N/A:N/A,NameExpr,jetbrick.template.JetConfig,AUTOSCAN_SKIPERRORS,C:\Users\tyin363\Documents\repos\subchen__jetbrick-template-2x\jetbrick-template\src\main\java\jetbrick\template\JetConfig.java,111
CLIENT:client-code:N/A:N/A,ClassOrInterfaceType,jetbrick.template.parser.ast.AstText.Jdk7CharArrayEncoder,Jdk7CharArrayEncoder,C:\Users\tyin363\Documents\repos\subchen__jetbrick-template-2x\jetbrick-template\src\main\java\jetbrick\template\parser\ast\AstText.java,217
CLIENT:client-code:N/A:N/A,ClassOrInterfaceType,jetbrick.template.JetTemplateOption,JetTemplateOption,C:\Users\tyin363\Documents\repos\subchen__jetbrick-template-2x\jetbrick-template\src\main\java\jetbrick\template\JetTemplate.java,50
JDK:java.base:N/A:N/A,MethodCallExpr,java.lang.Number,longValue,C:\Users\tyin363\Documents\repos\subchen__jetbrick-template-2x\jetbrick-template\src\main\java\jetbrick\template\parser\ast\ALU.java,201
com.github.subchen:jetbrick-commons:jar:2.1.9,MethodCallExpr,jetbrick.bean.MethodInfo,invoke,C:\Users\tyin363\Documents\repos\subchen__jetbrick-template-2x\jetbrick-template\src\main\java\jetbrick\template\resolver\method\ClassBuildinMethodInvoker.java,54
org.slf4j:slf4j-api:jar:1.7.7,ClassOrInterfaceType,org.slf4j.Logger,Logger,C:\Users\tyin363\Documents\repos\subchen__jetbrick-template-2x\jetbrick-template\src\main\java\jetbrick\template\JetEngineImpl.java,41
JDK:java.base:N/A:N/A,ClassOrInterfaceType,java.util.List,List,C:\Users\tyin363\Documents\repos\subchen__jetbrick-template-2x\jetbrick-template\src\main\java\jetbrick\template\parser\ParserContext.java,250
CLIENT:client-code:N/A:N/A,MethodCallExpr,jetbrick.template.runtime.JetForIterator,asList,C:\Users\tyin363\Documents\repos\subchen__jetbrick-template-2x\jetbrick-template\src\main\java\jetbrick\template\runtime\JetForIterator.java,44
CLIENT:client-code:N/A:N/A,NameExpr,jetbrick.template.runtime.ValueContext,inheritedContext,C:\Users\tyin363\Documents\repos\subchen__jetbrick-template-2x\jetbrick-template\src\main\java\jetbrick\template\runtime\ValueContext.java,71
JDK:java.base:N/A:N/A,ClassOrInterfaceType,java.lang.String,String,C:\Users\tyin363\Documents\repos\subchen__jetbrick-template-2x\jetbrick-template\src\main\java\jetbrick\template\Errors.java,46
CLIENT:client-code:N/A:N/A,ClassOrInterfaceType,jetbrick.template.parser.ast.AstStatement,AstStatement,C:\Users\tyin363\Documents\repos\subchen__jetbrick-template-2x\jetbrick-template\src\main\java\jetbrick\template\parser\AstCodeVisitor.java,272
JDK:java.base:N/A:N/A,FieldAccessExpr,java.lang.Boolean,TRUE,C:\Users\tyin363\Documents\repos\subchen__jetbrick-template-2x\jetbrick-template\src\main\java\jetbrick\template\runtime\buildin\JetMethods.java,51
CLIENT:client-code:N/A:N/A,NameExpr,jetbrick.template.parser.ast.AstIdentifier,name,C:\Users\tyin363\Documents\repos\subchen__jetbrick-template-2x\jetbrick-template\src\main\java\jetbrick\template\parser\ast\AstIdentifier.java,35
JDK:java.base:N/A:N/A,ClassOrInterfaceType,java.io.IOException,IOException,C:\Users\tyin363\Documents\repos\subchen__jetbrick-template-2x\jetbrick-template\src\main\java\jetbrick\template\runtime\JetWriter.java,103
CLIENT:client-code:N/A:N/A,MethodCallExpr,jetbrick.template.JetSecurityManager,checkAccess,C:\Users\tyin363\Documents\repos\subchen__jetbrick-template-2x\jetbrick-template\src\main\java\jetbrick\template\resolver\property\PropertyGetter.java,39
CLIENT:client-code:N/A:N/A,MethodCallExpr,jetbrick.template.parser.ast.AstStatementList.ListIterator,remove,C:\Users\tyin363\Documents\repos\subchen__jetbrick-template-2x\jetbrick-template\src\main\java\jetbrick\template\parser\ast\AstStatementList.java,97
JDK:java.base:N/A:N/A,ClassOrInterfaceType,java.lang.Number,Number,C:\Users\tyin363\Documents\repos\subchen__jetbrick-template-2x\jetbrick-template\src\main\java\jetbrick\template\parser\ast\AstInvokeIndexGet.java,74
CLIENT:client-code:N/A:N/A,ClassOrInterfaceType,jetbrick.template.parser.ast.AstConstant,AstConstant,C:\Users\tyin363\Documents\repos\subchen__jetbrick-template-2x\jetbrick-template\src\main\java\jetbrick\template\parser\AstCodeVisitor.java,500
CLIENT:client-code:N/A:N/A,MethodCallExpr,jetbrick.template.runtime.InterpretContext,getValueStack,C:\Users\tyin363\Documents\repos\subchen__jetbrick-template-2x\jetbrick-template\src\main\java\jetbrick\template\parser\ast\AstDirectiveFor.java,46
JDK:java.base:N/A:N/A,ClassOrInterfaceType,java.lang.Class,Class,C:\Users\tyin363\Documents\repos\subchen__jetbrick-template-2x\jetbrick-template\src\main\java\jetbrick\template\parser\ast\AstIdentifier.java,44
JDK:java.base:N/A:N/A,ClassOrInterfaceType,java.lang.Object,Object,C:\Users\tyin363\Documents\repos\subchen__jetbrick-template-2x\jetbrick-template\src\main\java\jetbrick\template\runtime\InterpretContextImpl.java,40
CLIENT:client-code:N/A:N/A,FieldAccessExpr,jetbrick.template.Errors,OPERATION_BINARY_UNDEFINED,C:\Users\tyin363\Documents\repos\subchen__jetbrick-template-2x\jetbrick-template\src\main\java\jetbrick\template\parser\ast\ALU.java,182
CLIENT:client-code:N/A:N/A,ClassOrInterfaceType,jetbrick.template.runtime.writer.JetOutputStreamPrinter,JetOutputStreamPrinter,C:\Users\tyin363\Documents\repos\subchen__jetbrick-template-2x\jetbrick-template\src\main\java\jetbrick\template\runtime\JetWriter.java,50
CLIENT:client-code:N/A:N/A,NameExpr,jetbrick.template.resolver.method.ClassBuildinMethodInvoker,method,C:\Users\tyin363\Documents\repos\subchen__jetbrick-template-2x\jetbrick-template\src\main\java\jetbrick\template\resolver\method\ClassBuildinMethodInvoker.java,54
JDK:java.base:N/A:N/A,MethodCallExpr,java.lang.Class,getName,C:\Users\tyin363\Documents\repos\subchen__jetbrick-template-2x\jetbrick-template\src\main\java\jetbrick\template\resolver\SignatureUtils.java,39
JDK:java.base:N/A:N/A,MethodCallExpr,java.util.Map,size,C:\Users\tyin363\Documents\repos\subchen__jetbrick-template-2x\jetbrick-template\src\main\java\jetbrick\template\runtime\JetForIterator.java,59
CLIENT:client-code:N/A:N/A,MethodCallExpr,jetbrick.template.parser.ast.AstExpression,execute,C:\Users\tyin363\Documents\repos\subchen__jetbrick-template-2x\jetbrick-template\src\main\java\jetbrick\template\parser\ast\AstInvokeField.java,47
JDK:java.base:N/A:N/A,ClassOrInterfaceType,java.util.List,List,C:\Users\tyin363\Documents\repos\subchen__jetbrick-template-2x\jetbrick-template\src\main\java\jetbrick\template\parser\ast\AstInvokeNewArray.java,34
CLIENT:client-code:N/A:N/A,FieldAccessExpr,jetbrick.template.runtime.InterpretException,position,C:\Users\tyin363\Documents\repos\subchen__jetbrick-template-2x\jetbrick-template\src\main\java\jetbrick\template\runtime\InterpretException.java,61
JDK:java.base:N/A:N/A,ClassOrInterfaceType,java.lang.Object,Object,C:\Users\tyin363\Documents\repos\subchen__jetbrick-template-2x\jetbrick-template\src\main\java\jetbrick\template\parser\ast\ALU.java,372
CLIENT:client-code:N/A:N/A,ClassOrInterfaceType,jetbrick.template.parser.SyntaxException,SyntaxException,C:\Users\tyin363\Documents\repos\subchen__jetbrick-template-2x\jetbrick-template\src\main\java\jetbrick\template\parser\SyntaxException.java,57
CLIENT:client-code:N/A:N/A,MethodCallExpr,jetbrick.template.JetTemplateMacro,getName,C:\Users\tyin363\Documents\repos\subchen__jetbrick-template-2x\jetbrick-template\src\main\java\jetbrick\template\resolver\macro\MacroResolver.java,46
CLIENT:client-code:N/A:N/A,NameExpr,jetbrick.template.runtime.writer.TrimLeadingWhitespacesOutputStream,out,C:\Users\tyin363\Documents\repos\subchen__jetbrick-template-2x\jetbrick-template\src\main\java\jetbrick\template\runtime\writer\TrimLeadingWhitespacesOutputStream.java,87
CLIENT:client-code:N/A:N/A,MethodCallExpr,jetbrick.template.JetConfig,isAutoscanSkiperrors,C:\Users\tyin363\Documents\repos\subchen__jetbrick-template-2x\jetbrick-template\src\main\java\jetbrick\template\JetEngineImpl.java,189
JDK:java.base:N/A:N/A,ClassOrInterfaceType,java.lang.String,String,C:\Users\tyin363\Documents\repos\subchen__jetbrick-template-2x\jetbrick-template\src\main\java\jetbrick\template\resolver\macro\MacroResolver.java,44
CLIENT:client-code:N/A:N/A,MethodCallExpr,jetbrick.template.runtime.InterpretException,cause,C:\Users\tyin363\Documents\repos\subchen__jetbrick-template-2x\jetbrick-template\src\main\java\jetbrick\template\parser\ast\AstDirectiveFor.java,60
CLIENT:client-code:N/A:N/A,MethodCallExpr,jetbrick.template.parser.ast.AstStatementList.ListIterator,reset,C:\Users\tyin363\Documents\repos\subchen__jetbrick-template-2x\jetbrick-template\src\main\java\jetbrick\template\parser\ast\AstStatementList.java,49
JDK:java.base:N/A:N/A,FieldAccessExpr,java.lang.Boolean,TRUE,C:\Users\tyin363\Documents\repos\subchen__jetbrick-template-2x\jetbrick-template\src\main\java\jetbrick\template\runtime\buildin\JetMethods.java,52
CLIENT:client-code:N/A:N/A,NameExpr,jetbrick.template.resolver.clazz.ClassResolver,importedPackageList,C:\Users\tyin363\Documents\repos\subchen__jetbrick-template-2x\jetbrick-template\src\main\java\jetbrick\template\resolver\clazz\ClassResolver.java,59
CLIENT:client-code:N/A:N/A,NameExpr,jetbrick.template.parser.AstCodeVisitor,parseCtx,C:\Users\tyin363\Documents\repos\subchen__jetbrick-template-2x\jetbrick-template\src\main\java\jetbrick\template\parser\AstCodeVisitor.java,469
JDK:java.base:N/A:N/A,ClassOrInterfaceType,java.lang.String,String,C:\Users\tyin363\Documents\repos\subchen__jetbrick-template-2x\jetbrick-template\src\main\java\jetbrick\template\JetConfig.java,77
CLIENT:client-code:N/A:N/A,MethodCallExpr,jetbrick.template.Errors,format,C:\Users\tyin363\Documents\repos\subchen__jetbrick-template-2x\jetbrick-template\src\main\java\jetbrick\template\parser\SyntaxException.java,40
CLIENT:client-code:N/A:N/A,FieldAccessExpr,jetbrick.template.Errors,UNICODE_STRING_INVALID,C:\Users\tyin363\Documents\repos\subchen__jetbrick-template-2x\jetbrick-template\src\main\java\jetbrick\template\parser\AstCodeVisitor.java,873
CLIENT:client-code:N/A:N/A,FieldAccessExpr,jetbrick.template.parser.ast.AstStatementList.ListIterator,list,C:\Users\tyin363\Documents\repos\subchen__jetbrick-template-2x\jetbrick-template\src\main\java\jetbrick\template\parser\ast\AstStatementList.java,229
CLIENT:client-code:N/A:N/A,ClassOrInterfaceType,jetbrick.template.parser.ast.AstText,AstText,C:\Users\tyin363\Documents\repos\subchen__jetbrick-template-2x\jetbrick-template\src\main\java\jetbrick\template\parser\ast\AstStatementList.java,79
CLIENT:client-code:N/A:N/A,MethodCallExpr,jetbrick.template.parser.ast.AstStatementList.ListIterator,remove,C:\Users\tyin363\Documents\repos\subchen__jetbrick-template-2x\jetbrick-template\src\main\java\jetbrick\template\parser\ast\AstStatementList.java,100
JDK:java.base:N/A:N/A,ClassOrInterfaceType,java.lang.UnsupportedOperationException,UnsupportedOperationException,C:\Users\tyin363\Documents\repos\subchen__jetbrick-template-2x\jetbrick-template\src\main\java\jetbrick\template\parser\Source.java,49
CLIENT:client-code:N/A:N/A,NameExpr,jetbrick.template.runtime.writer.TrimLeadingWhitespacesWriter,out,C:\Users\tyin363\Documents\repos\subchen__jetbrick-template-2x\jetbrick-template\src\main\java\jetbrick\template\runtime\writer\TrimLeadingWhitespacesWriter.java,37
CLIENT:client-code:N/A:N/A,MethodCallExpr,jetbrick.template.runtime.InterpretContext,doMacroCall,C:\Users\tyin363\Documents\repos\subchen__jetbrick-template-2x\jetbrick-template\src\main\java\jetbrick\template\JetTemplateMacro.java,67
JDK:java.base:N/A:N/A,ClassOrInterfaceType,java.util.ArrayList,ArrayList,C:\Users\tyin363\Documents\repos\subchen__jetbrick-template-2x\jetbrick-template\src\main\java\jetbrick\template\parser\ParserContext.java,235
CLIENT:client-code:N/A:N/A,NameExpr,jetbrick.template.runtime.ValueContext,inheritedContext,C:\Users\tyin363\Documents\repos\subchen__jetbrick-template-2x\jetbrick-template\src\main\java\jetbrick\template\runtime\ValueContext.java,72
CLIENT:client-code:N/A:N/A,MethodCallExpr,jetbrick.template.runtime.ValueStack,doGetType,C:\Users\tyin363\Documents\repos\subchen__jetbrick-template-2x\jetbrick-template\src\main\java\jetbrick\template\runtime\ValueStack.java,124
CLIENT:client-code:N/A:N/A,ClassOrInterfaceType,jetbrick.template.runtime.ValueStack,ValueStack,C:\Users\tyin363\Documents\repos\subchen__jetbrick-template-2x\jetbrick-template\src\main\java\jetbrick\template\runtime\InterpretContextImpl.java,80
CLIENT:client-code:N/A:N/A,NameExpr,jetbrick.template.parser.ast.ALU,INTEGER,C:\Users\tyin363\Documents\repos\subchen__jetbrick-template-2x\jetbrick-template\src\main\java\jetbrick\template\parser\ast\ALU.java,226
JDK:java.base:N/A:N/A,MethodCallExpr,java.lang.reflect.Array,getLength,C:\Users\tyin363\Documents\repos\subchen__jetbrick-template-2x\jetbrick-template\src\main\java\jetbrick\template\parser\ast\ALU.java,528
JDK:java.base:N/A:N/A,ClassOrInterfaceType,java.lang.Object,Object,C:\Users\tyin363\Documents\repos\subchen__jetbrick-template-2x\jetbrick-template\src\main\java\jetbrick\template\runtime\ValueContext.java,86
CLIENT:client-code:N/A:N/A,NameExpr,jetbrick.template.runtime.writer.JetOutputStreamPrinter,error,C:\Users\tyin363\Documents\repos\subchen__jetbrick-template-2x\jetbrick-template\src\main\java\jetbrick\template\runtime\writer\JetOutputStreamPrinter.java,87
org.antlr:antlr4-runtime:jar:4.10.1,MethodCallExpr,org.antlr.v4.runtime.tree.TerminalNode,getSymbol,C:\Users\tyin363\Documents\repos\subchen__jetbrick-template-2x\jetbrick-template\src\main\java\jetbrick\template\parser\AstCodeVisitor.java,395
CLIENT:client-code:N/A:N/A,FieldAccessExpr,jetbrick.template.JetTemplateImpl,config,C:\Users\tyin363\Documents\repos\subchen__jetbrick-template-2x\jetbrick-template\src\main\java\jetbrick\template\JetTemplateImpl.java,60
CLIENT:client-code:N/A:N/A,NameExpr,jetbrick.template.runtime.InterpretContextImpl,templateStack,C:\Users\tyin363\Documents\repos\subchen__jetbrick-template-2x\jetbrick-template\src\main\java\jetbrick\template\runtime\InterpretContextImpl.java,137
CLIENT:client-code:N/A:N/A,NameExpr,jetbrick.template.runtime.JetForIterator,index,C:\Users\tyin363\Documents\repos\subchen__jetbrick-template-2x\jetbrick-template\src\main\java\jetbrick\template\runtime\JetForIterator.java,129
JDK:java.base:N/A:N/A,ClassOrInterfaceType,java.lang.Class,Class,C:\Users\tyin363\Documents\repos\subchen__jetbrick-template-2x\jetbrick-template\src\main\java\jetbrick\template\runtime\ValueStack.java,58
JDK:java.base:N/A:N/A,ClassOrInterfaceType,java.lang.String,String,C:\Users\tyin363\Documents\repos\subchen__jetbrick-template-2x\jetbrick-template\src\main\java\jetbrick\template\Errors.java,43
JDK:java.base:N/A:N/A,FieldAccessExpr,java.lang.Boolean,TRUE,C:\Users\tyin363\Documents\repos\subchen__jetbrick-template-2x\jetbrick-template\src\main\java\jetbrick\template\runtime\buildin\JetMethods.java,53
CLIENT:client-code:N/A:N/A,FieldAccessExpr,jetbrick.template.runtime.writer.JetWriterPrinterEx,os,C:\Users\tyin363\Documents\repos\subchen__jetbrick-template-2x\jetbrick-template\src\main\java\jetbrick\template\runtime\writer\JetWriterPrinterEx.java,32
JDK:java.base:N/A:N/A,ClassOrInterfaceType,java.lang.String,String,C:\Users\tyin363\Documents\repos\subchen__jetbrick-template-2x\jetbrick-template\src\main\java\jetbrick\template\JetConfig.java,76
CLIENT:client-code:N/A:N/A,NameExpr,jetbrick.template.resolver.clazz.ClassResolver,importedPackageList,C:\Users\tyin363\Documents\repos\subchen__jetbrick-template-2x\jetbrick-template\src\main\java\jetbrick\template\resolver\clazz\ClassResolver.java,58
JDK:java.base:N/A:N/A,ClassOrInterfaceType,java.io.IOException,IOException,C:\Users\tyin363\Documents\repos\subchen__jetbrick-template-2x\jetbrick-template\src\main\java\jetbrick\template\runtime\JetWriter.java,101
CLIENT:client-code:N/A:N/A,ClassOrInterfaceType,jetbrick.template.parser.ast.AstStatementList,AstStatementList,C:\Users\tyin363\Documents\repos\subchen__jetbrick-template-2x\jetbrick-template\src\main\java\jetbrick\template\parser\ast\AstTemplate.java,29
CLIENT:client-code:N/A:N/A,ClassOrInterfaceType,jetbrick.template.parser.ast.AstIdentifier,AstIdentifier,C:\Users\tyin363\Documents\repos\subchen__jetbrick-template-2x\jetbrick-template\src\main\java\jetbrick\template\parser\AstCodeVisitor.java,711
CLIENT:client-code:N/A:N/A,MethodCallExpr,jetbrick.template.runtime.InterpretContextImpl,setThreadLocal,C:\Users\tyin363\Documents\repos\subchen__jetbrick-template-2x\jetbrick-template\src\main\java\jetbrick\template\runtime\InterpretContextImpl.java,48
CLIENT:client-code:N/A:N/A,MethodCallExpr,jetbrick.template.runtime.InterpretContext,getWriter,C:\Users\tyin363\Documents\repos\subchen__jetbrick-template-2x\jetbrick-template\src\main\java\jetbrick\template\runtime\JetTagContext.java,42
JDK:java.base:N/A:N/A,ClassOrInterfaceType,java.lang.Byte,Byte,C:\Users\tyin363\Documents\repos\subchen__jetbrick-template-2x\jetbrick-template\src\main\java\jetbrick\template\parser\ast\ALU.java,208
JDK:java.base:N/A:N/A,MethodCallExpr,java.lang.Class,getName,C:\Users\tyin363\Documents\repos\subchen__jetbrick-template-2x\jetbrick-template\src\main\java\jetbrick\template\runtime\ValueStack.java,189
com.github.subchen:jetbrick-commons:jar:2.1.9,MethodCallExpr,jetbrick.config.Config,asString,C:\Users\tyin363\Documents\repos\subchen__jetbrick-template-2x\jetbrick-template\src\main\java\jetbrick\template\JetConfig.java,113
CLIENT:client-code:N/A:N/A,MethodCallExpr,jetbrick.template.Errors,typeName,C:\Users\tyin363\Documents\repos\subchen__jetbrick-template-2x\jetbrick-template\src\main\java\jetbrick\template\parser\ast\ALU.java,315
JDK:java.base:N/A:N/A,MethodCallExpr,java.security.MessageDigest,update,C:\Users\tyin363\Documents\repos\subchen__jetbrick-template-2x\jetbrick-template\src\main\java\jetbrick\template\runtime\buildin\JetMethods.java,245
CLIENT:client-code:N/A:N/A,ClassOrInterfaceType,jetbrick.template.parser.ast.AstNode,AstNode,C:\Users\tyin363\Documents\repos\subchen__jetbrick-template-2x\jetbrick-template\src\main\java\jetbrick\template\parser\AstCodeVisitor.java,212
CLIENT:client-code:N/A:N/A,MethodCallExpr,jetbrick.template.JetTemplateMacro,getName,C:\Users\tyin363\Documents\repos\subchen__jetbrick-template-2x\jetbrick-template\src\main\java\jetbrick\template\resolver\macro\MacroResolver.java,48
JDK:java.base:N/A:N/A,MethodCallExpr,java.lang.StringBuilder,append,C:\Users\tyin363\Documents\repos\subchen__jetbrick-template-2x\jetbrick-template\src\main\java\jetbrick\template\parser\ast\AstStatementList.java,99
org.antlr:antlr4-runtime:jar:4.10.1,ClassOrInterfaceType,org.antlr.v4.runtime.Token,Token,C:\Users\tyin363\Documents\repos\subchen__jetbrick-template-2x\jetbrick-template\src\main\java\jetbrick\template\parser\AstCodeVisitor.java,893
JDK:java.base:N/A:N/A,FieldAccessExpr,java.lang.Boolean,FALSE,C:\Users\tyin363\Documents\repos\subchen__jetbrick-template-2x\jetbrick-template\src\main\java\jetbrick\template\parser\ast\ALU.java,514
CLIENT:client-code:N/A:N/A,FieldAccessExpr,jetbrick.template.parser.ast.AstDirectiveMacro,argumentNames,C:\Users\tyin363\Documents\repos\subchen__jetbrick-template-2x\jetbrick-template\src\main\java\jetbrick\template\parser\ast\AstDirectiveMacro.java,35
CLIENT:client-code:N/A:N/A,MethodCallExpr,jetbrick.template.parser.ParserContext,setTrimDirectiveWhitespaces,C:\Users\tyin363\Documents\repos\subchen__jetbrick-template-2x\jetbrick-template\src\main\java\jetbrick\template\JetTemplateImpl.java,107
JDK:java.base:N/A:N/A,ClassOrInterfaceType,java.lang.String,String,C:\Users\tyin363\Documents\repos\subchen__jetbrick-template-2x\jetbrick-template\src\main\java\jetbrick\template\Errors.java,44
CLIENT:client-code:N/A:N/A,NameExpr,jetbrick.template.parser.ast.AstInvokeMethod,last,C:\Users\tyin363\Documents\repos\subchen__jetbrick-template-2x\jetbrick-template\src\main\java\jetbrick\template\parser\ast\AstInvokeMethod.java,68
JDK:java.base:N/A:N/A,ClassOrInterfaceType,java.util.Map,Map,C:\Users\tyin363\Documents\repos\subchen__jetbrick-template-2x\jetbrick-template\src\main\java\jetbrick\template\parser\ast\ALU.java,525
CLIENT:client-code:N/A:N/A,NameExpr,jetbrick.template.runtime.InterpretContextImpl,templateStack,C:\Users\tyin363\Documents\repos\subchen__jetbrick-template-2x\jetbrick-template\src\main\java\jetbrick\template\runtime\InterpretContextImpl.java,138
CLIENT:client-code:N/A:N/A,ClassOrInterfaceType,jetbrick.template.parser.ast.Position,Position,C:\Users\tyin363\Documents\repos\subchen__jetbrick-template-2x\jetbrick-template\src\main\java\jetbrick\template\parser\ast\AstDirectiveStop.java,28
CLIENT:client-code:N/A:N/A,ObjectCreationExpr,jetbrick.template.parser.ast.AstOperatorBinary,AstOperatorBinary,C:\Users\tyin363\Documents\repos\subchen__jetbrick-template-2x\jetbrick-template\src\main\java\jetbrick\template\parser\AstCodeVisitor.java,565
JDK:java.base:N/A:N/A,FieldAccessExpr,java.lang.Void,TYPE,C:\Users\tyin363\Documents\repos\subchen__jetbrick-template-2x\jetbrick-template\src\main\java\jetbrick\template\resolver\method\ExtensionMethodInvoker.java,61
CLIENT:client-code:N/A:N/A,MethodCallExpr,jetbrick.template.resolver.SignatureUtils,getMethodSignature,C:\Users\tyin363\Documents\repos\subchen__jetbrick-template-2x\jetbrick-template\src\main\java\jetbrick\template\parser\ast\AstInvokeMethodStatic.java,67
CLIENT:client-code:N/A:N/A,MethodCallExpr,jetbrick.template.runtime.InterpretContext,current,C:\Users\tyin363\Documents\repos\subchen__jetbrick-template-2x\jetbrick-template\src\main\java\jetbrick\template\runtime\buildin\JetFunctions.java,89
com.github.subchen:jetbrick-commons:jar:2.1.9,ClassOrInterfaceType,jetbrick.bean.ConstructorInfo,ConstructorInfo,C:\Users\tyin363\Documents\repos\subchen__jetbrick-template-2x\jetbrick-template\src\main\java\jetbrick\template\parser\ast\AstInvokeNewObject.java,58
CLIENT:client-code:N/A:N/A,FieldAccessExpr,jetbrick.template.JetTemplateOption,trimLeadingWhitespaces,C:\Users\tyin363\Documents\repos\subchen__jetbrick-template-2x\jetbrick-template\src\main\java\jetbrick\template\JetTemplateOption.java,37
CLIENT:client-code:N/A:N/A,NameExpr,jetbrick.template.JetSecurityManagerImpl,whiteList,C:\Users\tyin363\Documents\repos\subchen__jetbrick-template-2x\jetbrick-template\src\main\java\jetbrick\template\JetSecurityManagerImpl.java,86
CLIENT:client-code:N/A:N/A,MethodCallExpr,jetbrick.template.JetSecurityManagerImpl,checkAccess,C:\Users\tyin363\Documents\repos\subchen__jetbrick-template-2x\jetbrick-template\src\main\java\jetbrick\template\JetSecurityManagerImpl.java,123
CLIENT:client-code:N/A:N/A,NameExpr,jetbrick.template.JetSecurityManagerImpl,disallowConstructor,C:\Users\tyin363\Documents\repos\subchen__jetbrick-template-2x\jetbrick-template\src\main\java\jetbrick\template\JetSecurityManagerImpl.java,46
JDK:java.base:N/A:N/A,MethodCallExpr,java.lang.Number,longValue,C:\Users\tyin363\Documents\repos\subchen__jetbrick-template-2x\jetbrick-template\src\main\java\jetbrick\template\parser\ast\ALU.java,445
CLIENT:client-code:N/A:N/A,ClassOrInterfaceType,jetbrick.template.parser.ast.AstTernaryOperator,AstTernaryOperator,C:\Users\tyin363\Documents\repos\subchen__jetbrick-template-2x\jetbrick-template\src\main\java\jetbrick\template\parser\AstCodeVisitor.java,621
JDK:java.base:N/A:N/A,ClassOrInterfaceType,java.lang.String,String,C:\Users\tyin363\Documents\repos\subchen__jetbrick-template-2x\jetbrick-template\src\main\java\jetbrick\template\parser\ast\AstDirectiveMacro.java,49
CLIENT:client-code:N/A:N/A,ObjectCreationExpr,jetbrick.template.parser.SyntaxException,SyntaxException,C:\Users\tyin363\Documents\repos\subchen__jetbrick-template-2x\jetbrick-template\src\main\java\jetbrick\template\parser\AstCodeVisitor.java,387
CLIENT:client-code:N/A:N/A,FieldAccessExpr,jetbrick.template.Errors,VARIABLE_IS_RESERVED,C:\Users\tyin363\Documents\repos\subchen__jetbrick-template-2x\jetbrick-template\src\main\java\jetbrick\template\parser\AstCodeVisitor.java,841
CLIENT:client-code:N/A:N/A,MethodCallExpr,jetbrick.template.parser.ast.AstExpressionList,execute,C:\Users\tyin363\Documents\repos\subchen__jetbrick-template-2x\jetbrick-template\src\main\java\jetbrick\template\parser\ast\AstInvokeFunction.java,51
JDK:java.base:N/A:N/A,ClassOrInterfaceType,java.lang.String,String,C:\Users\tyin363\Documents\repos\subchen__jetbrick-template-2x\jetbrick-template\src\main\java\jetbrick\template\parser\AstCodeVisitor.java,853
CLIENT:client-code:N/A:N/A,MethodCallExpr,jetbrick.template.parser.ast.AstStatementList.ListIterator,peek,C:\Users\tyin363\Documents\repos\subchen__jetbrick-template-2x\jetbrick-template\src\main\java\jetbrick\template\parser\ast\AstStatementList.java,132
CLIENT:client-code:N/A:N/A,NameExpr,jetbrick.template.parser.ast.ALU,SHORT,C:\Users\tyin363\Documents\repos\subchen__jetbrick-template-2x\jetbrick-template\src\main\java\jetbrick\template\parser\ast\ALU.java,501
CLIENT:client-code:N/A:N/A,ClassOrInterfaceType,jetbrick.template.parser.ast.AstText,AstText,C:\Users\tyin363\Documents\repos\subchen__jetbrick-template-2x\jetbrick-template\src\main\java\jetbrick\template\parser\ast\AstStatementList.java,105
JDK:java.base:N/A:N/A,ClassOrInterfaceType,java.lang.Object,Object,C:\Users\tyin363\Documents\repos\subchen__jetbrick-template-2x\jetbrick-template\src\main\java\jetbrick\template\parser\ast\AstInvokeField.java,47
CLIENT:client-code:N/A:N/A,MethodCallExpr,jetbrick.template.runtime.JetTagContext,getInterpretContext,C:\Users\tyin363\Documents\repos\subchen__jetbrick-template-2x\jetbrick-template\src\main\java\jetbrick\template\runtime\JetTagContext.java,71
JDK:java.base:N/A:N/A,ClassOrInterfaceType,java.util.concurrent.ConcurrentMap,ConcurrentMap,C:\Users\tyin363\Documents\repos\subchen__jetbrick-template-2x\jetbrick-template\src\main\java\jetbrick\template\resolver\function\FunctionInvokerResolver.java,42
CLIENT:client-code:N/A:N/A,NameExpr,jetbrick.template.parser.ast.ALU,FLOAT,C:\Users\tyin363\Documents\repos\subchen__jetbrick-template-2x\jetbrick-template\src\main\java\jetbrick\template\parser\ast\ALU.java,153
CLIENT:client-code:N/A:N/A,ClassOrInterfaceType,jetbrick.template.runtime.InterpretException,InterpretException,C:\Users\tyin363\Documents\repos\subchen__jetbrick-template-2x\jetbrick-template\src\main\java\jetbrick\template\parser\ast\AstOperatorBinary.java,127
CLIENT:client-code:N/A:N/A,ClassOrInterfaceType,jetbrick.template.parser.ast.AstConstant,AstConstant,C:\Users\tyin363\Documents\repos\subchen__jetbrick-template-2x\jetbrick-template\src\main\java\jetbrick\template\parser\AstCodeVisitor.java,777
CLIENT:client-code:N/A:N/A,NameExpr,jetbrick.template.runtime.writer.JetOutputStreamPrinter,error,C:\Users\tyin363\Documents\repos\subchen__jetbrick-template-2x\jetbrick-template\src\main\java\jetbrick\template\runtime\writer\JetOutputStreamPrinter.java,73
JDK:java.base:N/A:N/A,ObjectCreationExpr,java.math.BigInteger,BigInteger,C:\Users\tyin363\Documents\repos\subchen__jetbrick-template-2x\jetbrick-template\src\main\java\jetbrick\template\runtime\buildin\JetMethods.java,247
CLIENT:client-code:N/A:N/A,ClassOrInterfaceType,jetbrick.template.parser.ast.AstText.TextEncoder,TextEncoder,C:\Users\tyin363\Documents\repos\subchen__jetbrick-template-2x\jetbrick-template\src\main\java\jetbrick\template\parser\ast\AstText.java,278
CLIENT:client-code:N/A:N/A,NameExpr,jetbrick.template.parser.ast.ALU,FLOAT,C:\Users\tyin363\Documents\repos\subchen__jetbrick-template-2x\jetbrick-template\src\main\java\jetbrick\template\parser\ast\ALU.java,417
JDK:java.base:N/A:N/A,ClassOrInterfaceType,java.lang.String,String,C:\Users\tyin363\Documents\repos\subchen__jetbrick-template-2x\jetbrick-template\src\main\java\jetbrick\template\JetTemplateImpl.java,129
CLIENT:client-code:N/A:N/A,MethodCallExpr,jetbrick.template.runtime.InterpretContext,doMacroCall,C:\Users\tyin363\Documents\repos\subchen__jetbrick-template-2x\jetbrick-template\src\main\java\jetbrick\template\parser\ast\AstDirectiveCall.java,61
JDK:java.base:N/A:N/A,ClassOrInterfaceType,java.lang.Object,Object,C:\Users\tyin363\Documents\repos\subchen__jetbrick-template-2x\jetbrick-template\src\main\java\jetbrick\template\parser\ast\AstDirectiveTag.java,44
CLIENT:client-code:N/A:N/A,NameExpr,jetbrick.template.JetConfig,TRIM_DIRECTIVE_COMMENTS,C:\Users\tyin363\Documents\repos\subchen__jetbrick-template-2x\jetbrick-template\src\main\java\jetbrick\template\JetConfig.java,121
CLIENT:client-code:N/A:N/A,NameExpr,jetbrick.template.resolver.clazz.ClassResolver,importedPackageList,C:\Users\tyin363\Documents\repos\subchen__jetbrick-template-2x\jetbrick-template\src\main\java\jetbrick\template\resolver\clazz\ClassResolver.java,72
CLIENT:client-code:N/A:N/A,MethodCallExpr,jetbrick.template.parser.ast.AstExpression,getPosition,C:\Users\tyin363\Documents\repos\subchen__jetbrick-template-2x\jetbrick-template\src\main\java\jetbrick\template\parser\ast\AstOperatorBinary.java,69
JDK:java.base:N/A:N/A,ClassOrInterfaceType,java.lang.String,String,C:\Users\tyin363\Documents\repos\subchen__jetbrick-template-2x\jetbrick-template\src\main\java\jetbrick\template\parser\ParserContext.java,117
JDK:java.base:N/A:N/A,ClassOrInterfaceType,java.lang.String,String,C:\Users\tyin363\Documents\repos\subchen__jetbrick-template-2x\jetbrick-template\src\main\java\jetbrick\template\resolver\method\MethodInvokerResolver.java,43
com.github.subchen:jetbrick-commons:jar:2.1.9,MethodCallExpr,jetbrick.bean.FieldInfo,getField,C:\Users\tyin363\Documents\repos\subchen__jetbrick-template-2x\jetbrick-template\src\main\java\jetbrick\template\resolver\property\FieldGetter.java,37
JDK:java.base:N/A:N/A,ClassOrInterfaceType,java.lang.String,String,C:\Users\tyin363\Documents\repos\subchen__jetbrick-template-2x\jetbrick-template\src\main\java\jetbrick\template\runtime\buildin\JetMethods.java,222
JDK:java.base:N/A:N/A,ClassOrInterfaceType,java.lang.Object,Object,C:\Users\tyin363\Documents\repos\subchen__jetbrick-template-2x\jetbrick-template\src\main\java\jetbrick\template\parser\ast\AstInvokeField.java,46
CLIENT:client-code:N/A:N/A,ClassOrInterfaceType,jetbrick.template.parser.ast.AstStatement,AstStatement,C:\Users\tyin363\Documents\repos\subchen__jetbrick-template-2x\jetbrick-template\src\main\java\jetbrick\template\parser\ast\AstStatementList.java,36
CLIENT:client-code:N/A:N/A,ClassOrInterfaceType,jetbrick.template.resolver.method.MethodInvoker,MethodInvoker,C:\Users\tyin363\Documents\repos\subchen__jetbrick-template-2x\jetbrick-template\src\main\java\jetbrick\template\resolver\method\MethodInvokerResolver.java,119
JDK:java.base:N/A:N/A,MethodCallExpr,java.lang.Object,getClass,C:\Users\tyin363\Documents\repos\subchen__jetbrick-template-2x\jetbrick-template\src\main\java\jetbrick\template\parser\ast\AstDirectiveInclude.java,61
JDK:java.base:N/A:N/A,FieldAccessExpr,java.lang.Boolean,TRUE,C:\Users\tyin363\Documents\repos\subchen__jetbrick-template-2x\jetbrick-template\src\main\java\jetbrick\template\parser\ast\AstOperatorEquals.java,59
CLIENT:client-code:N/A:N/A,MethodCallExpr,jetbrick.template.runtime.InterpretException,set,C:\Users\tyin363\Documents\repos\subchen__jetbrick-template-2x\jetbrick-template\src\main\java\jetbrick\template\parser\ast\AstOperatorBinary.java,127
CLIENT:client-code:N/A:N/A,NameExpr,jetbrick.template.runtime.ValueStack,DEFAULT_CAPACITY,C:\Users\tyin363\Documents\repos\subchen__jetbrick-template-2x\jetbrick-template\src\main\java\jetbrick\template\runtime\ValueStack.java,60
CLIENT:client-code:N/A:N/A,MethodCallExpr,jetbrick.template.resolver.ParameterUtils,getParameterTypes,C:\Users\tyin363\Documents\repos\subchen__jetbrick-template-2x\jetbrick-template\src\main\java\jetbrick\template\parser\ast\AstInvokeMethod.java,76
CLIENT:client-code:N/A:N/A,ObjectCreationExpr,jetbrick.template.parser.ast.AstOperatorBinary,AstOperatorBinary,C:\Users\tyin363\Documents\repos\subchen__jetbrick-template-2x\jetbrick-template\src\main\java\jetbrick\template\parser\AstCodeVisitor.java,563
JDK:java.base:N/A:N/A,ClassOrInterfaceType,java.lang.String,String,C:\Users\tyin363\Documents\repos\subchen__jetbrick-template-2x\jetbrick-template\src\main\java\jetbrick\template\runtime\writer\JetWriterPrinter.java,127
org.slf4j:slf4j-api:jar:1.7.7,MethodCallExpr,org.slf4j.LoggerFactory,getLogger,C:\Users\tyin363\Documents\repos\subchen__jetbrick-template-2x\jetbrick-template\src\main\java\jetbrick\template\resolver\method\MethodInvokerResolver.java,40
JDK:java.base:N/A:N/A,ObjectCreationExpr,java.util.EmptyStackException,EmptyStackException,C:\Users\tyin363\Documents\repos\subchen__jetbrick-template-2x\jetbrick-template\src\main\java\jetbrick\template\runtime\ValueStack.java,129
CLIENT:client-code:N/A:N/A,ClassOrInterfaceType,jetbrick.template.resolver.clazz.ClassResolver,ClassResolver,C:\Users\tyin363\Documents\repos\subchen__jetbrick-template-2x\jetbrick-template\src\main\java\jetbrick\template\resolver\GlobalResolver.java,45
CLIENT:client-code:N/A:N/A,FieldAccessExpr,jetbrick.template.parser.Symbols,OPTION_LOAD_MACRO,C:\Users\tyin363\Documents\repos\subchen__jetbrick-template-2x\jetbrick-template\src\main\java\jetbrick\template\parser\AstCodeVisitor.java,174
JDK:java.base:N/A:N/A,MethodCallExpr,java.lang.reflect.Method,getName,C:\Users\tyin363\Documents\repos\subchen__jetbrick-template-2x\jetbrick-template\src\main\java\jetbrick\template\JetSecurityManagerImpl.java,137
CLIENT:client-code:N/A:N/A,NameExpr,jetbrick.template.resolver.clazz.ClassResolver,importedPackageList,C:\Users\tyin363\Documents\repos\subchen__jetbrick-template-2x\jetbrick-template\src\main\java\jetbrick\template\resolver\clazz\ClassResolver.java,71
JDK:java.base:N/A:N/A,ClassOrInterfaceType,java.lang.String,String,C:\Users\tyin363\Documents\repos\subchen__jetbrick-template-2x\jetbrick-template\src\main\java\jetbrick\template\runtime\writer\JetWriterPrinterEx.java,64
JDK:java.base:N/A:N/A,ClassOrInterfaceType,java.util.List,List,C:\Users\tyin363\Documents\repos\subchen__jetbrick-template-2x\jetbrick-template\src\main\java\jetbrick\template\JetSecurityManagerImpl.java,57
JDK:java.base:N/A:N/A,ClassOrInterfaceType,java.lang.String,String,C:\Users\tyin363\Documents\repos\subchen__jetbrick-template-2x\jetbrick-template\src\main\java\jetbrick\template\JetTemplateImpl.java,131
JDK:java.base:N/A:N/A,ClassOrInterfaceType,java.io.Flushable,Flushable,C:\Users\tyin363\Documents\repos\subchen__jetbrick-template-2x\jetbrick-template\src\main\java\jetbrick\template\runtime\JetWriter.java,29
JDK:java.base:N/A:N/A,MethodCallExpr,java.util.Map,containsKey,C:\Users\tyin363\Documents\repos\subchen__jetbrick-template-2x\jetbrick-template\src\main\java\jetbrick\template\parser\ParserContext.java,197
CLIENT:client-code:N/A:N/A,ClassOrInterfaceType,jetbrick.template.resolver.function.FunctionInvokerResolver,FunctionInvokerResolver,C:\Users\tyin363\Documents\repos\subchen__jetbrick-template-2x\jetbrick-template\src\main\java\jetbrick\template\resolver\GlobalResolver.java,56
CLIENT:client-code:N/A:N/A,ClassOrInterfaceType,jetbrick.template.parser.ast.AstConstant,AstConstant,C:\Users\tyin363\Documents\repos\subchen__jetbrick-template-2x\jetbrick-template\src\main\java\jetbrick\template\parser\AstCodeVisitor.java,779
CLIENT:client-code:N/A:N/A,NameExpr,jetbrick.template.parser.ast.AstText.Jdk6CharArrayEncoder,chars,C:\Users\tyin363\Documents\repos\subchen__jetbrick-template-2x\jetbrick-template\src\main\java\jetbrick\template\parser\ast\AstText.java,304
CLIENT:client-code:N/A:N/A,ObjectCreationExpr,jetbrick.template.runtime.InterpretException,InterpretException,C:\Users\tyin363\Documents\repos\subchen__jetbrick-template-2x\jetbrick-template\src\main\java\jetbrick\template\parser\ast\AstInvokeField.java,69
CLIENT:client-code:N/A:N/A,NameExpr,jetbrick.template.parser.ParserContext,nullSafe,C:\Users\tyin363\Documents\repos\subchen__jetbrick-template-2x\jetbrick-template\src\main\java\jetbrick\template\parser\ParserContext.java,132
JDK:java.base:N/A:N/A,ClassOrInterfaceType,java.lang.Class,Class,C:\Users\tyin363\Documents\repos\subchen__jetbrick-template-2x\jetbrick-template\src\main\java\jetbrick\template\resolver\macro\MacroResolver.java,52
CLIENT:client-code:N/A:N/A,ClassOrInterfaceType,jetbrick.template.resolver.property.Getter,Getter,C:\Users\tyin363\Documents\repos\subchen__jetbrick-template-2x\jetbrick-template\src\main\java\jetbrick\template\resolver\property\ArrayLengthGetter.java,28
CLIENT:client-code:N/A:N/A,ClassOrInterfaceType,jetbrick.template.runtime.InterpretException,InterpretException,C:\Users\tyin363\Documents\repos\subchen__jetbrick-template-2x\jetbrick-template\src\main\java\jetbrick\template\runtime\InterpretException.java,60
JDK:java.base:N/A:N/A,ObjectCreationExpr,java.util.ArrayList,ArrayList,C:\Users\tyin363\Documents\repos\subchen__jetbrick-template-2x\jetbrick-template\src\main\java\jetbrick\template\resolver\macro\MacroResolver.java,37
CLIENT:client-code:N/A:N/A,FieldAccessExpr,jetbrick.template.parser.ast.Tokens,EQ,C:\Users\tyin363\Documents\repos\subchen__jetbrick-template-2x\jetbrick-template\src\main\java\jetbrick\template\parser\ast\AstOperatorEquals.java,49
JDK:java.base:N/A:N/A,ClassOrInterfaceType,java.lang.Class,Class,C:\Users\tyin363\Documents\repos\subchen__jetbrick-template-2x\jetbrick-template\src\main\java\jetbrick\template\parser\ParserContext.java,64
com.github.subchen:jetbrick-commons:jar:2.1.9,ClassOrInterfaceType,jetbrick.bean.MethodInfo,MethodInfo,C:\Users\tyin363\Documents\repos\subchen__jetbrick-template-2x\jetbrick-template\src\main\java\jetbrick\template\resolver\GlobalResolver.java,179
JDK:java.base:N/A:N/A,MethodCallExpr,java.util.List,isEmpty,C:\Users\tyin363\Documents\repos\subchen__jetbrick-template-2x\jetbrick-template\src\main\java\jetbrick\template\parser\AstCodeVisitor.java,509
CLIENT:client-code:N/A:N/A,ClassOrInterfaceType,jetbrick.template.resolver.tag.TagInvokerResolver,TagInvokerResolver,C:\Users\tyin363\Documents\repos\subchen__jetbrick-template-2x\jetbrick-template\src\main\java\jetbrick\template\resolver\GlobalResolver.java,57
CLIENT:client-code:N/A:N/A,NameExpr,jetbrick.template.parser.ast.AstInvokeField,nullSafe,C:\Users\tyin363\Documents\repos\subchen__jetbrick-template-2x\jetbrick-template\src\main\java\jetbrick\template\parser\ast\AstInvokeField.java,49
JDK:java.base:N/A:N/A,ClassOrInterfaceType,java.util.ArrayList,ArrayList,C:\Users\tyin363\Documents\repos\subchen__jetbrick-template-2x\jetbrick-template\src\main\java\jetbrick\template\resolver\function\FunctionInvokerResolver.java,86
com.github.subchen:jetbrick-commons:jar:2.1.9,ClassOrInterfaceType,jetbrick.io.resource.Resource,Resource,C:\Users\tyin363\Documents\repos\subchen__jetbrick-template-2x\jetbrick-template\src\main\java\jetbrick\template\loader\ClasspathResourceLoader.java,34
JDK:java.base:N/A:N/A,FieldAccessExpr,java.lang.Boolean,FALSE,C:\Users\tyin363\Documents\repos\subchen__jetbrick-template-2x\jetbrick-template\src\main\java\jetbrick\template\parser\ast\ALU.java,485
CLIENT:client-code:N/A:N/A,FieldAccessExpr,jetbrick.template.Errors,STATIC_METHOD_NOT_FOUND,C:\Users\tyin363\Documents\repos\subchen__jetbrick-template-2x\jetbrick-template\src\main\java\jetbrick\template\parser\ast\AstInvokeMethodStatic.java,68
CLIENT:client-code:N/A:N/A,NameExpr,jetbrick.template.parser.ParserContext,trimLeadingWhitespaces,C:\Users\tyin363\Documents\repos\subchen__jetbrick-template-2x\jetbrick-template\src\main\java\jetbrick\template\parser\ParserContext.java,88
CLIENT:client-code:N/A:N/A,MethodCallExpr,jetbrick.template.parser.ast.AstStatementList.ListIterator,remove,C:\Users\tyin363\Documents\repos\subchen__jetbrick-template-2x\jetbrick-template\src\main\java\jetbrick\template\parser\ast\AstStatementList.java,106
com.github.subchen:jetbrick-commons:jar:2.1.9,MethodCallExpr,jetbrick.bean.MethodInfo,getParameterTypes,C:\Users\tyin363\Documents\repos\subchen__jetbrick-template-2x\jetbrick-template\src\main\java\jetbrick\template\resolver\tag\TagInvoker.java,36
JDK:java.base:N/A:N/A,ClassOrInterfaceType,java.lang.Number,Number,C:\Users\tyin363\Documents\repos\subchen__jetbrick-template-2x\jetbrick-template\src\main\java\jetbrick\template\parser\ast\ALU.java,468
CLIENT:client-code:N/A:N/A,ClassOrInterfaceType,jetbrick.template.parser.ast.AstNode,AstNode,C:\Users\tyin363\Documents\repos\subchen__jetbrick-template-2x\jetbrick-template\src\main\java\jetbrick\template\parser\AstCodeVisitor.java,448
CLIENT:client-code:N/A:N/A,NameExpr,jetbrick.template.JetSecurityManagerImpl,whiteList,C:\Users\tyin363\Documents\repos\subchen__jetbrick-template-2x\jetbrick-template\src\main\java\jetbrick\template\JetSecurityManagerImpl.java,82
CLIENT:client-code:N/A:N/A,FieldAccessExpr,jetbrick.template.parser.ast.Tokens,OR,C:\Users\tyin363\Documents\repos\subchen__jetbrick-template-2x\jetbrick-template\src\main\java\jetbrick\template\parser\ast\AstOperatorEquals.java,58
CLIENT:client-code:N/A:N/A,ObjectCreationExpr,jetbrick.template.parser.ast.AstOperatorBinary,AstOperatorBinary,C:\Users\tyin363\Documents\repos\subchen__jetbrick-template-2x\jetbrick-template\src\main\java\jetbrick\template\parser\AstCodeVisitor.java,569
JDK:java.base:N/A:N/A,MethodCallExpr,java.lang.Integer,valueOf,C:\Users\tyin363\Documents\repos\subchen__jetbrick-template-2x\jetbrick-template\src\main\java\jetbrick\template\parser\ast\ALU.java,265
CLIENT:client-code:N/A:N/A,ClassOrInterfaceType,jetbrick.template.JetTemplate,JetTemplate,C:\Users\tyin363\Documents\repos\subchen__jetbrick-template-2x\jetbrick-template\src\main\java\jetbrick\template\resolver\macro\MacroResolver.java,66
CLIENT:client-code:N/A:N/A,MethodCallExpr,jetbrick.template.parser.AstCodeVisitor,pos,C:\Users\tyin363\Documents\repos\subchen__jetbrick-template-2x\jetbrick-template\src\main\java\jetbrick\template\parser\AstCodeVisitor.java,873
JDK:java.base:N/A:N/A,MethodCallExpr,java.util.Arrays,copyOf,C:\Users\tyin363\Documents\repos\subchen__jetbrick-template-2x\jetbrick-template\src\main\java\jetbrick\template\runtime\TemplateStack.java,48
JDK:java.base:N/A:N/A,ClassOrInterfaceType,java.lang.String,String,C:\Users\tyin363\Documents\repos\subchen__jetbrick-template-2x\jetbrick-template\src\main\java\jetbrick\template\parser\ast\AstDirectiveMacro.java,53
CLIENT:client-code:N/A:N/A,ClassOrInterfaceType,jetbrick.template.runtime.OriginalStream,OriginalStream,C:\Users\tyin363\Documents\repos\subchen__jetbrick-template-2x\jetbrick-template\src\main\java\jetbrick\template\runtime\JetWriter.java,65
JDK:java.base:N/A:N/A,ObjectCreationExpr,java.lang.UnsupportedOperationException,UnsupportedOperationException,C:\Users\tyin363\Documents\repos\subchen__jetbrick-template-2x\jetbrick-template\src\main\java\jetbrick\template\parser\AstCodeVisitor.java,888
CLIENT:client-code:N/A:N/A,MethodCallExpr,jetbrick.template.JetTemplateOption,isTrimLeadingWhitespaces,C:\Users\tyin363\Documents\repos\subchen__jetbrick-template-2x\jetbrick-template\src\main\java\jetbrick\template\JetTemplateImpl.java,140
CLIENT:client-code:N/A:N/A,FieldAccessExpr,jetbrick.template.parser.ast.AstDirectiveIf,conditionExpression,C:\Users\tyin363\Documents\repos\subchen__jetbrick-template-2x\jetbrick-template\src\main\java\jetbrick\template\parser\ast\AstDirectiveIf.java,31
org.antlr:antlr4-runtime:jar:4.10.1,ClassOrInterfaceType,org.antlr.v4.runtime.Token,Token,C:\Users\tyin363\Documents\repos\subchen__jetbrick-template-2x\jetbrick-template\src\main\java\jetbrick\template\parser\AstCodeVisitor.java,124
CLIENT:client-code:N/A:N/A,NameExpr,jetbrick.template.JetTemplateImpl,source,C:\Users\tyin363\Documents\repos\subchen__jetbrick-template-2x\jetbrick-template\src\main\java\jetbrick\template\JetTemplateImpl.java,113
com.github.subchen:jetbrick-commons:jar:2.1.9,MethodCallExpr,jetbrick.util.IdentifiedNameUtils,toUnderlineName,C:\Users\tyin363\Documents\repos\subchen__jetbrick-template-2x\jetbrick-template\src\main\java\jetbrick\template\runtime\buildin\JetMethods.java,162
JDK:java.base:N/A:N/A,ObjectCreationExpr,java.lang.StringBuilder,StringBuilder,C:\Users\tyin363\Documents\repos\subchen__jetbrick-template-2x\jetbrick-template\src\main\java\jetbrick\template\parser\ast\AstStatementList.java,91
CLIENT:client-code:N/A:N/A,MethodCallExpr,jetbrick.template.runtime.InterpretContext,getGlobalResolver,C:\Users\tyin363\Documents\repos\subchen__jetbrick-template-2x\jetbrick-template\src\main\java\jetbrick\template\parser\ast\AstInvokeField.java,65
JDK:java.base:N/A:N/A,MethodCallExpr,java.util.Collection,size,C:\Users\tyin363\Documents\repos\subchen__jetbrick-template-2x\jetbrick-template\src\main\java\jetbrick\template\runtime\JetForIterator.java,51
JDK:java.base:N/A:N/A,ClassOrInterfaceType,java.lang.Number,Number,C:\Users\tyin363\Documents\repos\subchen__jetbrick-template-2x\jetbrick-template\src\main\java\jetbrick\template\parser\ast\ALU.java,467
JDK:java.base:N/A:N/A,FieldAccessExpr,java.lang.Boolean,TRUE,C:\Users\tyin363\Documents\repos\subchen__jetbrick-template-2x\jetbrick-template\src\main\java\jetbrick\template\parser\ast\AstOperatorEquals.java,62
JDK:java.base:N/A:N/A,ClassOrInterfaceType,java.util.concurrent.ConcurrentHashMap,ConcurrentHashMap,C:\Users\tyin363\Documents\repos\subchen__jetbrick-template-2x\jetbrick-template\src\main\java\jetbrick\template\JetEngineImpl.java,44
CLIENT:client-code:N/A:N/A,NameExpr,jetbrick.template.parser.ast.AstExpression,position,C:\Users\tyin363\Documents\repos\subchen__jetbrick-template-2x\jetbrick-template\src\main\java\jetbrick\template\parser\ast\AstInvokeNewObject.java,70
CLIENT:client-code:N/A:N/A,MethodCallExpr,jetbrick.template.runtime.JetTagContext,getInterpretContext,C:\Users\tyin363\Documents\repos\subchen__jetbrick-template-2x\jetbrick-template\src\main\java\jetbrick\template\runtime\JetTagContext.java,75
CLIENT:client-code:N/A:N/A,NameExpr,jetbrick.template.parser.ast.ALU,BYTE,C:\Users\tyin363\Documents\repos\subchen__jetbrick-template-2x\jetbrick-template\src\main\java\jetbrick\template\parser\ast\ALU.java,224
CLIENT:client-code:N/A:N/A,NameExpr,jetbrick.template.parser.ast.ALU,INTEGER,C:\Users\tyin363\Documents\repos\subchen__jetbrick-template-2x\jetbrick-template\src\main\java\jetbrick\template\parser\ast\ALU.java,502
CLIENT:client-code:N/A:N/A,MethodCallExpr,jetbrick.template.parser.ast.AstInvokeMethodStatic,doInvoke,C:\Users\tyin363\Documents\repos\subchen__jetbrick-template-2x\jetbrick-template\src\main\java\jetbrick\template\parser\ast\AstInvokeMethodStatic.java,96
CLIENT:client-code:N/A:N/A,FieldAccessExpr,jetbrick.template.Errors,VARIABLE_TYPE_INCONSISTENT,C:\Users\tyin363\Documents\repos\subchen__jetbrick-template-2x\jetbrick-template\src\main\java\jetbrick\template\JetGlobalContext.java,53
CLIENT:client-code:N/A:N/A,ClassOrInterfaceType,jetbrick.template.runtime.InterpretContext,InterpretContext,C:\Users\tyin363\Documents\repos\subchen__jetbrick-template-2x\jetbrick-template\src\main\java\jetbrick\template\parser\ast\AstDirectiveSet.java,36
CLIENT:client-code:N/A:N/A,MethodCallExpr,jetbrick.template.Errors,format,C:\Users\tyin363\Documents\repos\subchen__jetbrick-template-2x\jetbrick-template\src\main\java\jetbrick\template\parser\ast\ALU.java,212
JDK:java.base:N/A:N/A,MethodCallExpr,java.lang.Number,intValue,C:\Users\tyin363\Documents\repos\subchen__jetbrick-template-2x\jetbrick-template\src\main\java\jetbrick\template\parser\ast\AstInvokeNewArray.java,59
JDK:java.base:N/A:N/A,ClassOrInterfaceType,java.lang.Class,Class,C:\Users\tyin363\Documents\repos\subchen__jetbrick-template-2x\jetbrick-template\src\main\java\jetbrick\template\resolver\tag\TagInvokerResolver.java,49
CLIENT:client-code:N/A:N/A,NameExpr,jetbrick.template.parser.ast.AstExpression,position,C:\Users\tyin363\Documents\repos\subchen__jetbrick-template-2x\jetbrick-template\src\main\java\jetbrick\template\parser\ast\AstInvokeMethod.java,56
JDK:java.base:N/A:N/A,ClassOrInterfaceType,java.lang.Object,Object,C:\Users\tyin363\Documents\repos\subchen__jetbrick-template-2x\jetbrick-template\src\main\java\jetbrick\template\runtime\buildin\JetFunctions.java,107
CLIENT:client-code:N/A:N/A,NameExpr,jetbrick.template.parser.ast.AstText,text,C:\Users\tyin363\Documents\repos\subchen__jetbrick-template-2x\jetbrick-template\src\main\java\jetbrick\template\parser\ast\AstText.java,222
CLIENT:client-code:N/A:N/A,NameExpr,jetbrick.template.parser.ParserContext,currentSymbols,C:\Users\tyin363\Documents\repos\subchen__jetbrick-template-2x\jetbrick-template\src\main\java\jetbrick\template\parser\ParserContext.java,181
CLIENT:client-code:N/A:N/A,MethodCallExpr,jetbrick.template.resolver.GlobalResolver,resolveMacro,C:\Users\tyin363\Documents\repos\subchen__jetbrick-template-2x\jetbrick-template\src\main\java\jetbrick\template\JetTemplateImpl.java,181
CLIENT:client-code:N/A:N/A,ClassOrInterfaceType,jetbrick.template.loader.resource.SourceResource,SourceResource,C:\Users\tyin363\Documents\repos\subchen__jetbrick-template-2x\jetbrick-template\src\main\java\jetbrick\template\JetEngineImpl.java,111
CLIENT:client-code:N/A:N/A,ObjectCreationExpr,jetbrick.template.parser.SyntaxException,SyntaxException,C:\Users\tyin363\Documents\repos\subchen__jetbrick-template-2x\jetbrick-template\src\main\java\jetbrick\template\parser\AstCodeVisitor.java,382
CLIENT:client-code:N/A:N/A,ClassOrInterfaceType,jetbrick.template.parser.ast.AstConstant,AstConstant,C:\Users\tyin363\Documents\repos\subchen__jetbrick-template-2x\jetbrick-template\src\main\java\jetbrick\template\parser\AstCodeVisitor.java,772
JDK:java.base:N/A:N/A,ClassOrInterfaceType,java.util.ArrayList,ArrayList,C:\Users\tyin363\Documents\repos\subchen__jetbrick-template-2x\jetbrick-template\src\main\java\jetbrick\template\resolver\clazz\ClassResolver.java,45
CLIENT:client-code:N/A:N/A,ClassOrInterfaceType,jetbrick.template.parser.ast.AstType,AstType,C:\Users\tyin363\Documents\repos\subchen__jetbrick-template-2x\jetbrick-template\src\main\java\jetbrick\template\parser\AstCodeVisitor.java,298
JDK:java.base:N/A:N/A,ClassOrInterfaceType,java.lang.String,String,C:\Users\tyin363\Documents\repos\subchen__jetbrick-template-2x\jetbrick-template\src\main\java\jetbrick\template\parser\ParserContext.java,113
com.github.subchen:jetbrick-commons:jar:2.1.9,ClassOrInterfaceType,jetbrick.bean.MethodInfo,MethodInfo,C:\Users\tyin363\Documents\repos\subchen__jetbrick-template-2x\jetbrick-template\src\main\java\jetbrick\template\resolver\method\ExtensionMethodInvoker.java,30
JDK:java.base:N/A:N/A,ClassOrInterfaceType,java.io.IOException,IOException,C:\Users\tyin363\Documents\repos\subchen__jetbrick-template-2x\jetbrick-template\src\main\java\jetbrick\template\runtime\JetWriter.java,95
JDK:java.base:N/A:N/A,MethodCallExpr,java.lang.Number,longValue,C:\Users\tyin363\Documents\repos\subchen__jetbrick-template-2x\jetbrick-template\src\main\java\jetbrick\template\parser\ast\ALU.java,175
CLIENT:client-code:N/A:N/A,ClassOrInterfaceType,jetbrick.template.parser.ast.AstText,AstText,C:\Users\tyin363\Documents\repos\subchen__jetbrick-template-2x\jetbrick-template\src\main\java\jetbrick\template\parser\ast\AstStatementList.java,104
CLIENT:client-code:N/A:N/A,ObjectCreationExpr,jetbrick.template.parser.ast.AstOperatorBinary,AstOperatorBinary,C:\Users\tyin363\Documents\repos\subchen__jetbrick-template-2x\jetbrick-template\src\main\java\jetbrick\template\parser\AstCodeVisitor.java,567
CLIENT:client-code:N/A:N/A,FieldAccessExpr,jetbrick.template.parser.ast.Tokens,BIT_OR,C:\Users\tyin363\Documents\repos\subchen__jetbrick-template-2x\jetbrick-template\src\main\java\jetbrick\template\parser\AstCodeVisitor.java,577
CLIENT:client-code:N/A:N/A,MethodCallExpr,jetbrick.template.parser.ast.AstStatementList.ListIterator,move,C:\Users\tyin363\Documents\repos\subchen__jetbrick-template-2x\jetbrick-template\src\main\java\jetbrick\template\parser\ast\AstStatementList.java,80
CLIENT:client-code:N/A:N/A,FieldAccessExpr,jetbrick.template.parser.ast.AstInvokeNewArray,unsafe,C:\Users\tyin363\Documents\repos\subchen__jetbrick-template-2x\jetbrick-template\src\main\java\jetbrick\template\parser\ast\AstInvokeNewArray.java,38
CLIENT:client-code:N/A:N/A,MethodCallExpr,jetbrick.template.loader.ResourceLoader,isReloadable,C:\Users\tyin363\Documents\repos\subchen__jetbrick-template-2x\jetbrick-template\src\main\java\jetbrick\template\JetEngineImpl.java,58
JDK:java.base:N/A:N/A,MethodCallExpr,java.lang.Number,doubleValue,C:\Users\tyin363\Documents\repos\subchen__jetbrick-template-2x\jetbrick-template\src\main\java\jetbrick\template\parser\ast\ALU.java,420
CLIENT:client-code:N/A:N/A,FieldAccessExpr,jetbrick.template.runtime.TemplateStack,index,C:\Users\tyin363\Documents\repos\subchen__jetbrick-template-2x\jetbrick-template\src\main\java\jetbrick\template\runtime\TemplateStack.java,39
CLIENT:client-code:N/A:N/A,MethodCallExpr,jetbrick.template.resolver.SignatureUtils,getFunctionSignature,C:\Users\tyin363\Documents\repos\subchen__jetbrick-template-2x\jetbrick-template\src\main\java\jetbrick\template\resolver\function\FunctionInvokerResolver.java,96
JDK:java.base:N/A:N/A,ObjectCreationExpr,java.util.ArrayList,ArrayList,C:\Users\tyin363\Documents\repos\subchen__jetbrick-template-2x\jetbrick-template\src\main\java\jetbrick\template\resolver\clazz\ClassResolver.java,127
CLIENT:client-code:N/A:N/A,MethodCallExpr,jetbrick.template.runtime.InterpretException,cause,C:\Users\tyin363\Documents\repos\subchen__jetbrick-template-2x\jetbrick-template\src\main\java\jetbrick\template\parser\ast\AstInvokeMethodStatic.java,98
CLIENT:client-code:N/A:N/A,FieldAccessExpr,jetbrick.template.parser.ast.AstText.ByteArrayEncoder,bytes,C:\Users\tyin363\Documents\repos\subchen__jetbrick-template-2x\jetbrick-template\src\main\java\jetbrick\template\parser\ast\AstText.java,249
JDK:java.base:N/A:N/A,MethodCallExpr,java.lang.Long,valueOf,C:\Users\tyin363\Documents\repos\subchen__jetbrick-template-2x\jetbrick-template\src\main\java\jetbrick\template\parser\ast\ALU.java,129
CLIENT:client-code:N/A:N/A,ClassOrInterfaceType,jetbrick.template.parser.ast.AstConstant,AstConstant,C:\Users\tyin363\Documents\repos\subchen__jetbrick-template-2x\jetbrick-template\src\main\java\jetbrick\template\parser\AstCodeVisitor.java,775
CLIENT:client-code:N/A:N/A,MethodCallExpr,jetbrick.template.parser.ParserContext,setStrict,C:\Users\tyin363\Documents\repos\subchen__jetbrick-template-2x\jetbrick-template\src\main\java\jetbrick\template\JetTemplateImpl.java,104
CLIENT:client-code:N/A:N/A,FieldAccessExpr,jetbrick.template.Errors,METHOD_INVOKE_ERROR,C:\Users\tyin363\Documents\repos\subchen__jetbrick-template-2x\jetbrick-template\src\main\java\jetbrick\template\parser\ast\AstInvokeMethod.java,114
CLIENT:client-code:N/A:N/A,NameExpr,jetbrick.template.parser.ParserContext,currentSymbols,C:\Users\tyin363\Documents\repos\subchen__jetbrick-template-2x\jetbrick-template\src\main\java\jetbrick\template\parser\ParserContext.java,182
JDK:java.base:N/A:N/A,ClassOrInterfaceType,java.lang.Class,Class,C:\Users\tyin363\Documents\repos\subchen__jetbrick-template-2x\jetbrick-template\src\main\java\jetbrick\template\parser\ast\AstDirectiveMacro.java,53
CLIENT:client-code:N/A:N/A,MethodCallExpr,jetbrick.template.parser.ast.AstExpression,execute,C:\Users\tyin363\Documents\repos\subchen__jetbrick-template-2x\jetbrick-template\src\main\java\jetbrick\template\parser\ast\AstDirectiveFor.java,42
com.github.subchen:jetbrick-commons:jar:2.1.9,MethodCallExpr,jetbrick.bean.KlassInfo,searchDeclaredConstructor,C:\Users\tyin363\Documents\repos\subchen__jetbrick-template-2x\jetbrick-template\src\main\java\jetbrick\template\parser\ast\AstInvokeNewObject.java,58
CLIENT:client-code:N/A:N/A,MethodCallExpr,jetbrick.template.Errors,format,C:\Users\tyin363\Documents\repos\subchen__jetbrick-template-2x\jetbrick-template\src\main\java\jetbrick\template\parser\SyntaxException.java,64
JDK:java.base:N/A:N/A,ClassOrInterfaceType,java.lang.Object,Object,C:\Users\tyin363\Documents\repos\subchen__jetbrick-template-2x\jetbrick-template\src\main\java\jetbrick\template\runtime\buildin\JetMethods.java,79
CLIENT:client-code:N/A:N/A,MethodCallExpr,jetbrick.template.runtime.JetForIterator,asList,C:\Users\tyin363\Documents\repos\subchen__jetbrick-template-2x\jetbrick-template\src\main\java\jetbrick\template\runtime\JetForIterator.java,53
JDK:java.base:N/A:N/A,ClassOrInterfaceType,java.lang.String,String,C:\Users\tyin363\Documents\repos\subchen__jetbrick-template-2x\jetbrick-template\src\main\java\jetbrick\template\JetEngineImpl.java,215
JDK:java.base:N/A:N/A,ClassOrInterfaceType,java.lang.Number,Number,C:\Users\tyin363\Documents\repos\subchen__jetbrick-template-2x\jetbrick-template\src\main\java\jetbrick\template\parser\ast\ALU.java,469
CLIENT:client-code:N/A:N/A,ClassOrInterfaceType,jetbrick.template.resolver.method.MethodInvoker,MethodInvoker,C:\Users\tyin363\Documents\repos\subchen__jetbrick-template-2x\jetbrick-template\src\main\java\jetbrick\template\resolver\method\ClassBuildinMethodInvoker.java,29
JDK:java.base:N/A:N/A,ClassOrInterfaceType,java.util.ArrayList,ArrayList,C:\Users\tyin363\Documents\repos\subchen__jetbrick-template-2x\jetbrick-template\src\main\java\jetbrick\template\parser\ParserContext.java,228
CLIENT:client-code:N/A:N/A,NameExpr,jetbrick.template.parser.ast.AstInvokeNewObject,type,C:\Users\tyin363\Documents\repos\subchen__jetbrick-template-2x\jetbrick-template\src\main\java\jetbrick\template\parser\ast\AstInvokeNewObject.java,79
CLIENT:client-code:N/A:N/A,FieldAccessExpr,jetbrick.template.runtime.ValueStack,current,C:\Users\tyin363\Documents\repos\subchen__jetbrick-template-2x\jetbrick-template\src\main\java\jetbrick\template\runtime\ValueStack.java,49
CLIENT:client-code:N/A:N/A,NameExpr,jetbrick.template.runtime.writer.JetOutputStreamPrinter,error,C:\Users\tyin363\Documents\repos\subchen__jetbrick-template-2x\jetbrick-template\src\main\java\jetbrick\template\runtime\writer\JetOutputStreamPrinter.java,79
CLIENT:client-code:N/A:N/A,NameExpr,jetbrick.template.resolver.GlobalResolver,methodInvokerResolver,C:\Users\tyin363\Documents\repos\subchen__jetbrick-template-2x\jetbrick-template\src\main\java\jetbrick\template\resolver\GlobalResolver.java,123
org.antlr:antlr4-runtime:jar:4.10.1,MethodCallExpr,org.antlr.v4.runtime.tree.TerminalNode,getSymbol,C:\Users\tyin363\Documents\repos\subchen__jetbrick-template-2x\jetbrick-template\src\main\java\jetbrick\template\parser\AstCodeVisitor.java,897
JDK:java.base:N/A:N/A,MethodCallExpr,java.lang.Number,doubleValue,C:\Users\tyin363\Documents\repos\subchen__jetbrick-template-2x\jetbrick-template\src\main\java\jetbrick\template\parser\ast\ALU.java,156
CLIENT:client-code:N/A:N/A,ClassOrInterfaceType,jetbrick.template.parser.ast.AstConstant,AstConstant,C:\Users\tyin363\Documents\repos\subchen__jetbrick-template-2x\jetbrick-template\src\main\java\jetbrick\template\parser\AstCodeVisitor.java,510
CLIENT:client-code:N/A:N/A,MethodCallExpr,jetbrick.template.parser.ast.AstExpression,execute,C:\Users\tyin363\Documents\repos\subchen__jetbrick-template-2x\jetbrick-template\src\main\java\jetbrick\template\parser\ast\AstTernarySimplifyOperator.java,40
CLIENT:client-code:N/A:N/A,ClassOrInterfaceType,jetbrick.template.runtime.OriginalStream,OriginalStream,C:\Users\tyin363\Documents\repos\subchen__jetbrick-template-2x\jetbrick-template\src\main\java\jetbrick\template\runtime\JetWriter.java,66
JDK:java.base:N/A:N/A,MethodCallExpr,java.util.Map,put,C:\Users\tyin363\Documents\repos\subchen__jetbrick-template-2x\jetbrick-template\src\main\java\jetbrick\template\parser\ast\AstConstantMap.java,41
CLIENT:client-code:N/A:N/A,FieldAccessExpr,jetbrick.template.parser.ast.AstText,text,C:\Users\tyin363\Documents\repos\subchen__jetbrick-template-2x\jetbrick-template\src\main\java\jetbrick\template\parser\ast\AstText.java,35
JDK:java.base:N/A:N/A,ClassOrInterfaceType,java.lang.Long,Long,C:\Users\tyin363\Documents\repos\subchen__jetbrick-template-2x\jetbrick-template\src\main\java\jetbrick\template\parser\ast\ALU.java,359
JDK:java.base:N/A:N/A,ClassOrInterfaceType,java.lang.IllegalStateException,IllegalStateException,C:\Users\tyin363\Documents\repos\subchen__jetbrick-template-2x\jetbrick-template\src\main\java\jetbrick\template\parser\AstCodeVisitor.java,259
CLIENT:client-code:N/A:N/A,MethodCallExpr,jetbrick.template.parser.ast.AstExpression,getPosition,C:\Users\tyin363\Documents\repos\subchen__jetbrick-template-2x\jetbrick-template\src\main\java\jetbrick\template\parser\ast\AstOperatorBinary.java,63
CLIENT:client-code:N/A:N/A,MethodCallExpr,jetbrick.template.runtime.InterpretContext,current,C:\Users\tyin363\Documents\repos\subchen__jetbrick-template-2x\jetbrick-template\src\main\java\jetbrick\template\runtime\buildin\JetFunctions.java,96
JDK:java.base:N/A:N/A,ClassOrInterfaceType,java.io.IOException,IOException,C:\Users\tyin363\Documents\repos\subchen__jetbrick-template-2x\jetbrick-template\src\main\java\jetbrick\template\runtime\JetWriter.java,93
JDK:java.base:N/A:N/A,ClassOrInterfaceType,java.lang.String,String,C:\Users\tyin363\Documents\repos\subchen__jetbrick-template-2x\jetbrick-template\src\main\java\jetbrick\template\JetEngineImpl.java,214
CLIENT:client-code:N/A:N/A,NameExpr,jetbrick.template.parser.ast.ALU,DOUBLE,C:\Users\tyin363\Documents\repos\subchen__jetbrick-template-2x\jetbrick-template\src\main\java\jetbrick\template\parser\ast\ALU.java,107
JDK:java.base:N/A:N/A,ClassOrInterfaceType,java.lang.IllegalStateException,IllegalStateException,C:\Users\tyin363\Documents\repos\subchen__jetbrick-template-2x\jetbrick-template\src\main\java\jetbrick\template\parser\ast\ALU.java,432
JDK:java.base:N/A:N/A,ClassOrInterfaceType,java.lang.String,String,C:\Users\tyin363\Documents\repos\subchen__jetbrick-template-2x\jetbrick-template\src\main\java\jetbrick\template\parser\ParserContext.java,125
CLIENT:client-code:N/A:N/A,ClassOrInterfaceType,jetbrick.template.JetSecurityManager,JetSecurityManager,C:\Users\tyin363\Documents\repos\subchen__jetbrick-template-2x\jetbrick-template\src\main\java\jetbrick\template\runtime\InterpretContextImpl.java,35
CLIENT:client-code:N/A:N/A,NameExpr,jetbrick.template.loader.AbstractResourceLoader,root,C:\Users\tyin363\Documents\repos\subchen__jetbrick-template-2x\jetbrick-template\src\main\java\jetbrick\template\loader\FileSystemResourceLoader.java,36
CLIENT:client-code:N/A:N/A,ClassOrInterfaceType,jetbrick.template.parser.ast.AstStatement,AstStatement,C:\Users\tyin363\Documents\repos\subchen__jetbrick-template-2x\jetbrick-template\src\main\java\jetbrick\template\parser\ast\AstStatementList.java,30
CLIENT:client-code:N/A:N/A,NameExpr,jetbrick.template.parser.ast.AstDirectiveIf,elseStatement,C:\Users\tyin363\Documents\repos\subchen__jetbrick-template-2x\jetbrick-template\src\main\java\jetbrick\template\parser\ast\AstDirectiveIf.java,42
CLIENT:client-code:N/A:N/A,NameExpr,jetbrick.template.parser.ast.AstText,text,C:\Users\tyin363\Documents\repos\subchen__jetbrick-template-2x\jetbrick-template\src\main\java\jetbrick\template\parser\ast\AstText.java,236
CLIENT:client-code:N/A:N/A,ClassOrInterfaceType,jetbrick.template.parser.ast.AstDirectiveMacro,AstDirectiveMacro,C:\Users\tyin363\Documents\repos\subchen__jetbrick-template-2x\jetbrick-template\src\main\java\jetbrick\template\parser\AstCodeVisitor.java,435
CLIENT:client-code:N/A:N/A,ClassOrInterfaceType,jetbrick.template.parser.ast.AstExpression,AstExpression,C:\Users\tyin363\Documents\repos\subchen__jetbrick-template-2x\jetbrick-template\src\main\java\jetbrick\template\parser\ast\AstDirectiveBreak.java,27
CLIENT:client-code:N/A:N/A,FieldAccessExpr,jetbrick.template.Errors,UNREACHABLE_CODE,C:\Users\tyin363\Documents\repos\subchen__jetbrick-template-2x\jetbrick-template\src\main\java\jetbrick\template\parser\AstCodeVisitor.java,547
CLIENT:client-code:N/A:N/A,MethodCallExpr,jetbrick.template.runtime.buildin.JetMethods,abbreviate,C:\Users\tyin363\Documents\repos\subchen__jetbrick-template-2x\jetbrick-template\src\main\java\jetbrick\template\runtime\buildin\JetMethods.java,186
CLIENT:client-code:N/A:N/A,NameExpr,jetbrick.template.parser.ast.AstDirectiveInclude,fileExpression,C:\Users\tyin363\Documents\repos\subchen__jetbrick-template-2x\jetbrick-template\src\main\java\jetbrick\template\parser\ast\AstDirectiveInclude.java,50
CLIENT:client-code:N/A:N/A,ClassOrInterfaceType,jetbrick.template.runtime.InterpretException,InterpretException,C:\Users\tyin363\Documents\repos\subchen__jetbrick-template-2x\jetbrick-template\src\main\java\jetbrick\template\parser\ast\AstInvokeMethodStatic.java,98
JDK:java.base:N/A:N/A,ClassOrInterfaceType,java.lang.String,String,C:\Users\tyin363\Documents\repos\subchen__jetbrick-template-2x\jetbrick-template\src\main\java\jetbrick\template\runtime\InterpretException.java,40
CLIENT:client-code:N/A:N/A,NameExpr,jetbrick.template.parser.ast.AstType,position,C:\Users\tyin363\Documents\repos\subchen__jetbrick-template-2x\jetbrick-template\src\main\java\jetbrick\template\parser\ast\AstType.java,36
CLIENT:client-code:N/A:N/A,NameExpr,jetbrick.template.resolver.clazz.ClassResolver,log,C:\Users\tyin363\Documents\repos\subchen__jetbrick-template-2x\jetbrick-template\src\main\java\jetbrick\template\resolver\clazz\ClassResolver.java,54
CLIENT:client-code:N/A:N/A,NameExpr,jetbrick.template.resolver.property.DefaultGetterResolver,resolvers,C:\Users\tyin363\Documents\repos\subchen__jetbrick-template-2x\jetbrick-template\src\main\java\jetbrick\template\resolver\property\DefaultGetterResolver.java,95
JDK:java.base:N/A:N/A,MethodCallExpr,java.lang.Class,isAssignableFrom,C:\Users\tyin363\Documents\repos\subchen__jetbrick-template-2x\jetbrick-template\src\main\java\jetbrick\template\parser\ast\ALU.java,322
CLIENT:client-code:N/A:N/A,MethodCallExpr,jetbrick.template.parser.ast.AstStatementList.ListIterator,move,C:\Users\tyin363\Documents\repos\subchen__jetbrick-template-2x\jetbrick-template\src\main\java\jetbrick\template\parser\ast\AstStatementList.java,86
CLIENT:client-code:N/A:N/A,FieldAccessExpr,jetbrick.template.resolver.clazz.ClassResolver,enableLogger,C:\Users\tyin363\Documents\repos\subchen__jetbrick-template-2x\jetbrick-template\src\main\java\jetbrick\template\resolver\clazz\ClassResolver.java,47
CLIENT:client-code:N/A:N/A,ClassOrInterfaceType,jetbrick.template.resolver.function.FunctionInvokerResolver,FunctionInvokerResolver,C:\Users\tyin363\Documents\repos\subchen__jetbrick-template-2x\jetbrick-template\src\main\java\jetbrick\template\resolver\GlobalResolver.java,48
CLIENT:client-code:N/A:N/A,MethodCallExpr,jetbrick.template.JetEngineImpl,doLoadGlobalMacroFiles,C:\Users\tyin363\Documents\repos\subchen__jetbrick-template-2x\jetbrick-template\src\main\java\jetbrick\template\JetEngineImpl.java,66
JDK:java.base:N/A:N/A,ClassOrInterfaceType,java.lang.String,String,C:\Users\tyin363\Documents\repos\subchen__jetbrick-template-2x\jetbrick-template\src\main\java\jetbrick\template\loader\resource\SourceResource.java,37
com.github.subchen:jetbrick-commons:jar:2.1.9,ClassOrInterfaceType,jetbrick.bean.KlassInfo,KlassInfo,C:\Users\tyin363\Documents\repos\subchen__jetbrick-template-2x\jetbrick-template\src\main\java\jetbrick\template\resolver\function\FunctionInvokerResolver.java,49
com.github.subchen:jetbrick-commons:jar:2.1.9,MethodCallExpr,jetbrick.bean.KlassInfo,create,C:\Users\tyin363\Documents\repos\subchen__jetbrick-template-2x\jetbrick-template\src\main\java\jetbrick\template\parser\ast\AstText.java,260
JDK:java.base:N/A:N/A,ClassOrInterfaceType,java.lang.IllegalArgumentException,IllegalArgumentException,C:\Users\tyin363\Documents\repos\subchen__jetbrick-template-2x\jetbrick-template\src\main\java\jetbrick\template\runtime\InterpretContextImpl.java,147
CLIENT:client-code:N/A:N/A,FieldAccessExpr,jetbrick.template.parser.ast.Tokens,MINUS,C:\Users\tyin363\Documents\repos\subchen__jetbrick-template-2x\jetbrick-template\src\main\java\jetbrick\template\parser\AstCodeVisitor.java,541
CLIENT:client-code:N/A:N/A,NameExpr,jetbrick.template.parser.ast.AstDirectiveIf,elseStatement,C:\Users\tyin363\Documents\repos\subchen__jetbrick-template-2x\jetbrick-template\src\main\java\jetbrick\template\parser\ast\AstDirectiveIf.java,43
CLIENT:client-code:N/A:N/A,ClassOrInterfaceType,jetbrick.template.parser.ast.AstExpression,AstExpression,C:\Users\tyin363\Documents\repos\subchen__jetbrick-template-2x\jetbrick-template\src\main\java\jetbrick\template\parser\ast\AstInvokeNewObject.java,31
CLIENT:client-code:N/A:N/A,FieldAccessExpr,jetbrick.template.parser.ast.AstInvokeMethod,argumentList,C:\Users\tyin363\Documents\repos\subchen__jetbrick-template-2x\jetbrick-template\src\main\java\jetbrick\template\parser\ast\AstInvokeMethod.java,43
JDK:java.base:N/A:N/A,MethodCallExpr,java.lang.Class,getName,C:\Users\tyin363\Documents\repos\subchen__jetbrick-template-2x\jetbrick-template\src\main\java\jetbrick\template\resolver\SignatureUtils.java,60
CLIENT:client-code:N/A:N/A,NameExpr,jetbrick.template.JetConfig,AUTOSCAN_PACKAGES,C:\Users\tyin363\Documents\repos\subchen__jetbrick-template-2x\jetbrick-template\src\main\java\jetbrick\template\JetConfig.java,110
CLIENT:client-code:N/A:N/A,ClassOrInterfaceType,jetbrick.template.resolver.function.FunctionInvoker,FunctionInvoker,C:\Users\tyin363\Documents\repos\subchen__jetbrick-template-2x\jetbrick-template\src\main\java\jetbrick\template\resolver\function\FunctionInvokerResolver.java,115
CLIENT:client-code:N/A:N/A,FieldAccessExpr,jetbrick.template.parser.ast.AstDirectiveFor,expression,C:\Users\tyin363\Documents\repos\subchen__jetbrick-template-2x\jetbrick-template\src\main\java\jetbrick\template\parser\ast\AstDirectiveFor.java,35
CLIENT:client-code:N/A:N/A,MethodCallExpr,jetbrick.template.JetSecurityManagerImpl,checkAccess,C:\Users\tyin363\Documents\repos\subchen__jetbrick-template-2x\jetbrick-template\src\main\java\jetbrick\template\JetSecurityManagerImpl.java,132
CLIENT:client-code:N/A:N/A,MethodCallExpr,jetbrick.template.runtime.InterpretContext,getWriter,C:\Users\tyin363\Documents\repos\subchen__jetbrick-template-2x\jetbrick-template\src\main\java\jetbrick\template\parser\ast\AstValue.java,39
JDK:java.base:N/A:N/A,ClassOrInterfaceType,java.lang.String,String,C:\Users\tyin363\Documents\repos\subchen__jetbrick-template-2x\jetbrick-template\src\main\java\jetbrick\template\Errors.java,34
CLIENT:client-code:N/A:N/A,ClassOrInterfaceType,jetbrick.template.parser.ast.AstStatement,AstStatement,C:\Users\tyin363\Documents\repos\subchen__jetbrick-template-2x\jetbrick-template\src\main\java\jetbrick\template\parser\AstCodeVisitor.java,284
CLIENT:client-code:N/A:N/A,ClassOrInterfaceType,jetbrick.template.JetSecurityManager,JetSecurityManager,C:\Users\tyin363\Documents\repos\subchen__jetbrick-template-2x\jetbrick-template\src\main\java\jetbrick\template\JetTemplateMacro.java,61
CLIENT:client-code:N/A:N/A,ClassOrInterfaceType,jetbrick.template.parser.ast.AstText,AstText,C:\Users\tyin363\Documents\repos\subchen__jetbrick-template-2x\jetbrick-template\src\main\java\jetbrick\template\parser\ast\AstStatementList.java,96
CLIENT:client-code:N/A:N/A,NameExpr,jetbrick.template.parser.AstCodeVisitor,parseCtx,C:\Users\tyin363\Documents\repos\subchen__jetbrick-template-2x\jetbrick-template\src\main\java\jetbrick\template\parser\AstCodeVisitor.java,223
CLIENT:client-code:N/A:N/A,NameExpr,jetbrick.template.resolver.property.DefaultGetterResolver,resolvers,C:\Users\tyin363\Documents\repos\subchen__jetbrick-template-2x\jetbrick-template\src\main\java\jetbrick\template\resolver\property\DefaultGetterResolver.java,96
CLIENT:client-code:N/A:N/A,MethodCallExpr,jetbrick.template.runtime.JetTagContext,getInterpretContext,C:\Users\tyin363\Documents\repos\subchen__jetbrick-template-2x\jetbrick-template\src\main\java\jetbrick\template\runtime\JetTagContext.java,79
com.github.subchen:jetbrick-commons:jar:2.1.9,ClassOrInterfaceType,jetbrick.bean.MethodInfo,MethodInfo,C:\Users\tyin363\Documents\repos\subchen__jetbrick-template-2x\jetbrick-template\src\main\java\jetbrick\template\resolver\method\ExtensionMethodInvoker.java,34
JDK:java.base:N/A:N/A,ClassOrInterfaceType,java.lang.String,String,C:\Users\tyin363\Documents\repos\subchen__jetbrick-template-2x\jetbrick-template\src\main\java\jetbrick\template\parser\ast\AstIdentifier.java,38
CLIENT:client-code:N/A:N/A,ClassOrInterfaceType,jetbrick.template.parser.ast.AstNode,AstNode,C:\Users\tyin363\Documents\repos\subchen__jetbrick-template-2x\jetbrick-template\src\main\java\jetbrick\template\parser\ast\AstStatementList.java,198
org.antlr:antlr4-runtime:jar:4.10.1,ClassOrInterfaceType,org.antlr.v4.runtime.tree.TerminalNode,TerminalNode,C:\Users\tyin363\Documents\repos\subchen__jetbrick-template-2x\jetbrick-template\src\main\java\jetbrick\template\parser\AstCodeVisitor.java,881
CLIENT:client-code:N/A:N/A,NameExpr,jetbrick.template.resolver.method.ExtensionMethodInvoker,method,C:\Users\tyin363\Documents\repos\subchen__jetbrick-template-2x\jetbrick-template\src\main\java\jetbrick\template\resolver\method\ExtensionMethodInvoker.java,66
CLIENT:client-code:N/A:N/A,ClassOrInterfaceType,jetbrick.template.parser.ast.AstStatement,AstStatement,C:\Users\tyin363\Documents\repos\subchen__jetbrick-template-2x\jetbrick-template\src\main\java\jetbrick\template\parser\ast\AstText.java,29
JDK:java.base:N/A:N/A,ClassOrInterfaceType,java.lang.Object,Object,C:\Users\tyin363\Documents\repos\subchen__jetbrick-template-2x\jetbrick-template\src\main\java\jetbrick\template\runtime\InterpretContext.java,70
JDK:java.base:N/A:N/A,ObjectCreationExpr,java.lang.IllegalStateException,IllegalStateException,C:\Users\tyin363\Documents\repos\subchen__jetbrick-template-2x\jetbrick-template\src\main\java\jetbrick\template\parser\ast\ALU.java,516
CLIENT:client-code:N/A:N/A,NameExpr,jetbrick.template.runtime.ValueContext,localContext,C:\Users\tyin363\Documents\repos\subchen__jetbrick-template-2x\jetbrick-template\src\main\java\jetbrick\template\runtime\ValueContext.java,54
CLIENT:client-code:N/A:N/A,NameExpr,jetbrick.template.JetTemplateImpl,astNode,C:\Users\tyin363\Documents\repos\subchen__jetbrick-template-2x\jetbrick-template\src\main\java\jetbrick\template\JetTemplateImpl.java,113
CLIENT:client-code:N/A:N/A,ClassOrInterfaceType,jetbrick.template.parser.ast.AstStatement,AstStatement,C:\Users\tyin363\Documents\repos\subchen__jetbrick-template-2x\jetbrick-template\src\main\java\jetbrick\template\parser\ast\AstStatementList.java,28
CLIENT:client-code:N/A:N/A,ClassOrInterfaceType,jetbrick.template.resolver.clazz.ClassResolver,ClassResolver,C:\Users\tyin363\Documents\repos\subchen__jetbrick-template-2x\jetbrick-template\src\main\java\jetbrick\template\resolver\GlobalResolver.java,53
CLIENT:client-code:N/A:N/A,ClassOrInterfaceType,jetbrick.template.parser.ast.AstExpression,AstExpression,C:\Users\tyin363\Documents\repos\subchen__jetbrick-template-2x\jetbrick-template\src\main\java\jetbrick\template\parser\ast\AstDirectiveBreak.java,25
CLIENT:client-code:N/A:N/A,ObjectCreationExpr,jetbrick.template.parser.ast.Position,Position,C:\Users\tyin363\Documents\repos\subchen__jetbrick-template-2x\jetbrick-template\src\main\java\jetbrick\template\parser\AstCodeVisitor.java,883
CLIENT:client-code:N/A:N/A,NameExpr,jetbrick.template.JetTemplateMacro,template,C:\Users\tyin363\Documents\repos\subchen__jetbrick-template-2x\jetbrick-template\src\main\java\jetbrick\template\JetTemplateMacro.java,41
JDK:java.base:N/A:N/A,ObjectCreationExpr,java.lang.Object,Object,C:\Users\tyin363\Documents\repos\subchen__jetbrick-template-2x\jetbrick-template\src\main\java\jetbrick\template\runtime\ValueStack.java,31
JDK:java.base:N/A:N/A,MethodCallExpr,java.lang.Double,valueOf,C:\Users\tyin363\Documents\repos\subchen__jetbrick-template-2x\jetbrick-template\src\main\java\jetbrick\template\parser\ast\ALU.java,133
JDK:java.base:N/A:N/A,ClassOrInterfaceType,java.lang.String,String,C:\Users\tyin363\Documents\repos\subchen__jetbrick-template-2x\jetbrick-template\src\main\java\jetbrick\template\Errors.java,31
org.slf4j:slf4j-api:jar:1.7.7,MethodCallExpr,org.slf4j.Logger,debug,C:\Users\tyin363\Documents\repos\subchen__jetbrick-template-2x\jetbrick-template\src\main\java\jetbrick\template\JetEngineImpl.java,163
CLIENT:client-code:N/A:N/A,ClassOrInterfaceType,jetbrick.template.parser.ast.AstStatement,AstStatement,C:\Users\tyin363\Documents\repos\subchen__jetbrick-template-2x\jetbrick-template\src\main\java\jetbrick\template\parser\ast\AstStatementList.java,27
CLIENT:client-code:N/A:N/A,FieldAccessExpr,jetbrick.template.parser.ast.AstTemplate,statements,C:\Users\tyin363\Documents\repos\subchen__jetbrick-template-2x\jetbrick-template\src\main\java\jetbrick\template\parser\ast\AstTemplate.java,32
CLIENT:client-code:N/A:N/A,NameExpr,jetbrick.template.JetTemplateImpl,macroResolver,C:\Users\tyin363\Documents\repos\subchen__jetbrick-template-2x\jetbrick-template\src\main\java\jetbrick\template\JetTemplateImpl.java,125
JDK:java.base:N/A:N/A,ClassOrInterfaceType,java.lang.String,String,C:\Users\tyin363\Documents\repos\subchen__jetbrick-template-2x\jetbrick-template\src\main\java\jetbrick\template\loader\resource\SourceResource.java,35
JDK:java.base:N/A:N/A,ClassOrInterfaceType,java.lang.RuntimeException,RuntimeException,C:\Users\tyin363\Documents\repos\subchen__jetbrick-template-2x\jetbrick-template\src\main\java\jetbrick\template\parser\ast\AstInvokeFieldStatic.java,63
JDK:java.base:N/A:N/A,ClassOrInterfaceType,java.nio.charset.Charset,Charset,C:\Users\tyin363\Documents\repos\subchen__jetbrick-template-2x\jetbrick-template\src\main\java\jetbrick\template\runtime\writer\JetOutputStreamPrinterEx.java,47
CLIENT:client-code:N/A:N/A,NameExpr,jetbrick.template.runtime.writer.JetOutputStreamPrinter,error,C:\Users\tyin363\Documents\repos\subchen__jetbrick-template-2x\jetbrick-template\src\main\java\jetbrick\template\runtime\writer\JetOutputStreamPrinter.java,66
CLIENT:client-code:N/A:N/A,MethodCallExpr,jetbrick.template.Errors,format,C:\Users\tyin363\Documents\repos\subchen__jetbrick-template-2x\jetbrick-template\src\main\java\jetbrick\template\parser\ast\ALU.java,487
CLIENT:client-code:N/A:N/A,MethodCallExpr,jetbrick.template.parser.ast.AstExpression,getPosition,C:\Users\tyin363\Documents\repos\subchen__jetbrick-template-2x\jetbrick-template\src\main\java\jetbrick\template\parser\AstCodeVisitor.java,901
com.github.subchen:jetbrick-commons:jar:2.1.9,MethodCallExpr,jetbrick.bean.MethodInfo,getMethod,C:\Users\tyin363\Documents\repos\subchen__jetbrick-template-2x\jetbrick-template\src\main\java\jetbrick\template\resolver\property\PropertyGetter.java,39
CLIENT:client-code:N/A:N/A,ClassOrInterfaceType,jetbrick.template.parser.ast.AstText,AstText,C:\Users\tyin363\Documents\repos\subchen__jetbrick-template-2x\jetbrick-template\src\main\java\jetbrick\template\parser\ast\AstStatementList.java,99
CLIENT:client-code:N/A:N/A,NameExpr,jetbrick.template.runtime.InterpretContextImpl,templateStack,C:\Users\tyin363\Documents\repos\subchen__jetbrick-template-2x\jetbrick-template\src\main\java\jetbrick\template\runtime\InterpretContextImpl.java,126
CLIENT:client-code:N/A:N/A,FieldAccessExpr,jetbrick.template.parser.Symbols,FOR,C:\Users\tyin363\Documents\repos\subchen__jetbrick-template-2x\jetbrick-template\src\main\java\jetbrick\template\parser\ast\AstDirectiveFor.java,82
CLIENT:client-code:N/A:N/A,FieldAccessExpr,jetbrick.template.Errors,OPERATION_UNARY_UNDEFINED,C:\Users\tyin363\Documents\repos\subchen__jetbrick-template-2x\jetbrick-template\src\main\java\jetbrick\template\parser\ast\ALU.java,212
JDK:java.base:N/A:N/A,MethodCallExpr,java.io.OutputStream,write,C:\Users\tyin363\Documents\repos\subchen__jetbrick-template-2x\jetbrick-template\src\main\java\jetbrick\template\runtime\writer\JetOutputStreamPrinter.java,77
CLIENT:client-code:N/A:N/A,MethodCallExpr,jetbrick.template.runtime.InterpretException,set,C:\Users\tyin363\Documents\repos\subchen__jetbrick-template-2x\jetbrick-template\src\main\java\jetbrick\template\JetTemplateImpl.java,165
CLIENT:client-code:N/A:N/A,ClassOrInterfaceType,jetbrick.template.parser.ast.AstStatement,AstStatement,C:\Users\tyin363\Documents\repos\subchen__jetbrick-template-2x\jetbrick-template\src\main\java\jetbrick\template\parser\ast\AstStatementList.java,26
CLIENT:client-code:N/A:N/A,FieldAccessExpr,jetbrick.template.parser.ast.ALU,VOID,C:\Users\tyin363\Documents\repos\subchen__jetbrick-template-2x\jetbrick-template\src\main\java\jetbrick\template\parser\ast\AstValueEscaped.java,38
JDK:java.base:N/A:N/A,ClassOrInterfaceType,java.util.Iterator,Iterator,C:\Users\tyin363\Documents\repos\subchen__jetbrick-template-2x\jetbrick-template\src\main\java\jetbrick\template\runtime\JetForIterator.java,79
com.github.subchen:jetbrick-commons:jar:2.1.9,MethodCallExpr,jetbrick.util.ClassLoaderUtils,loadClassEx,C:\Users\tyin363\Documents\repos\subchen__jetbrick-template-2x\jetbrick-template\src\main\java\jetbrick\template\resolver\clazz\ClassResolver.java,82
CLIENT:client-code:N/A:N/A,NameExpr,jetbrick.template.parser.ast.ALU,SHORT,C:\Users\tyin363\Documents\repos\subchen__jetbrick-template-2x\jetbrick-template\src\main\java\jetbrick\template\parser\ast\ALU.java,244
CLIENT:client-code:N/A:N/A,MethodCallExpr,jetbrick.template.parser.ast.AstText,trimDirectiveComments,C:\Users\tyin363\Documents\repos\subchen__jetbrick-template-2x\jetbrick-template\src\main\java\jetbrick\template\parser\ast\AstStatementList.java,176
com.github.subchen:jetbrick-commons:jar:2.1.9,MethodCallExpr,jetbrick.bean.MethodInfo,getMethod,C:\Users\tyin363\Documents\repos\subchen__jetbrick-template-2x\jetbrick-template\src\main\java\jetbrick\template\resolver\tag\TagInvokerResolver.java,69
CLIENT:client-code:N/A:N/A,NameExpr,jetbrick.template.JetTemplateImpl,macroResolver,C:\Users\tyin363\Documents\repos\subchen__jetbrick-template-2x\jetbrick-template\src\main\java\jetbrick\template\JetTemplateImpl.java,119
CLIENT:client-code:N/A:N/A,ClassOrInterfaceType,jetbrick.template.parser.ast.AstStatementList,AstStatementList,C:\Users\tyin363\Documents\repos\subchen__jetbrick-template-2x\jetbrick-template\src\main\java\jetbrick\template\parser\AstCodeVisitor.java,234
com.github.subchen:jetbrick-commons:jar:2.1.9,MethodCallExpr,jetbrick.util.StringEscapeUtils,unescapeJava,C:\Users\tyin363\Documents\repos\subchen__jetbrick-template-2x\jetbrick-template\src\main\java\jetbrick\template\runtime\buildin\JetMethods.java,263
CLIENT:client-code:N/A:N/A,NameExpr,jetbrick.template.parser.ast.ALU,INTEGER,C:\Users\tyin363\Documents\repos\subchen__jetbrick-template-2x\jetbrick-template\src\main\java\jetbrick\template\parser\ast\ALU.java,245
JDK:java.base:N/A:N/A,ClassOrInterfaceType,java.lang.Object,Object,C:\Users\tyin363\Documents\repos\subchen__jetbrick-template-2x\jetbrick-template\src\main\java\jetbrick\template\runtime\InterpretContext.java,68
JDK:java.base:N/A:N/A,ClassOrInterfaceType,java.lang.String,String,C:\Users\tyin363\Documents\repos\subchen__jetbrick-template-2x\jetbrick-template\src\main\java\jetbrick\template\parser\ParserContext.java,121
JDK:java.base:N/A:N/A,ClassOrInterfaceType,java.lang.String,String,C:\Users\tyin363\Documents\repos\subchen__jetbrick-template-2x\jetbrick-template\src\main\java\jetbrick\template\parser\ast\AstDirectiveMacro.java,45
CLIENT:client-code:N/A:N/A,ClassOrInterfaceType,jetbrick.template.runtime.InterpretContext,InterpretContext,C:\Users\tyin363\Documents\repos\subchen__jetbrick-template-2x\jetbrick-template\src\main\java\jetbrick\template\parser\ast\AstValueEscaped.java,36
JDK:java.base:N/A:N/A,ClassOrInterfaceType,java.lang.Object,Object,C:\Users\tyin363\Documents\repos\subchen__jetbrick-template-2x\jetbrick-template\src\main\java\jetbrick\template\JetGlobalContext.java,49
CLIENT:client-code:N/A:N/A,ObjectCreationExpr,jetbrick.template.parser.ast.AstOperatorBinary,AstOperatorBinary,C:\Users\tyin363\Documents\repos\subchen__jetbrick-template-2x\jetbrick-template\src\main\java\jetbrick\template\parser\AstCodeVisitor.java,561
CLIENT:client-code:N/A:N/A,NameExpr,jetbrick.template.runtime.writer.JetWriterPrinter,os,C:\Users\tyin363\Documents\repos\subchen__jetbrick-template-2x\jetbrick-template\src\main\java\jetbrick\template\runtime\writer\JetWriterPrinter.java,119
JDK:java.base:N/A:N/A,ObjectCreationExpr,java.util.HashMap,HashMap,C:\Users\tyin363\Documents\repos\subchen__jetbrick-template-2x\jetbrick-template\src\main\java\jetbrick\template\JetGlobalContext.java,33
JDK:java.base:N/A:N/A,ClassOrInterfaceType,java.lang.Number,Number,C:\Users\tyin363\Documents\repos\subchen__jetbrick-template-2x\jetbrick-template\src\main\java\jetbrick\template\parser\ast\ALU.java,196
JDK:java.base:N/A:N/A,ClassOrInterfaceType,java.lang.IllegalStateException,IllegalStateException,C:\Users\tyin363\Documents\repos\subchen__jetbrick-template-2x\jetbrick-template\src\main\java\jetbrick\template\parser\ast\ALU.java,163
CLIENT:client-code:N/A:N/A,MethodCallExpr,jetbrick.template.parser.ParserContext,isTrimLeadingWhitespaces,C:\Users\tyin363\Documents\repos\subchen__jetbrick-template-2x\jetbrick-template\src\main\java\jetbrick\template\JetTemplateOption.java,37
JDK:java.base:N/A:N/A,ClassOrInterfaceType,java.lang.String,String,C:\Users\tyin363\Documents\repos\subchen__jetbrick-template-2x\jetbrick-template\src\main\java\jetbrick\template\resolver\property\DefaultGetterResolver.java,50
CLIENT:client-code:N/A:N/A,ClassOrInterfaceType,jetbrick.template.JetSecurityManager,JetSecurityManager,C:\Users\tyin363\Documents\repos\subchen__jetbrick-template-2x\jetbrick-template\src\main\java\jetbrick\template\parser\ast\AstInvokeField.java,76
CLIENT:client-code:N/A:N/A,FieldAccessExpr,jetbrick.template.loader.AbstractResourceLoader,root,C:\Users\tyin363\Documents\repos\subchen__jetbrick-template-2x\jetbrick-template\src\main\java\jetbrick\template\loader\AbstractResourceLoader.java,46
CLIENT:client-code:N/A:N/A,ClassOrInterfaceType,jetbrick.template.parser.ast.AstText.TextEncoder,TextEncoder,C:\Users\tyin363\Documents\repos\subchen__jetbrick-template-2x\jetbrick-template\src\main\java\jetbrick\template\parser\ast\AstText.java,291
JDK:java.base:N/A:N/A,ClassOrInterfaceType,java.lang.IllegalStateException,IllegalStateException,C:\Users\tyin363\Documents\repos\subchen__jetbrick-template-2x\jetbrick-template\src\main\java\jetbrick\template\parser\ast\ALU.java,427
CLIENT:client-code:N/A:N/A,MethodCallExpr,jetbrick.template.parser.ast.AstInvokeNewArray,validate,C:\Users\tyin363\Documents\repos\subchen__jetbrick-template-2x\jetbrick-template\src\main\java\jetbrick\template\parser\ast\AstInvokeNewArray.java,58
CLIENT:client-code:N/A:N/A,FieldAccessExpr,jetbrick.template.parser.ParserContext,trimLeadingWhitespaces,C:\Users\tyin363\Documents\repos\subchen__jetbrick-template-2x\jetbrick-template\src\main\java\jetbrick\template\parser\ParserContext.java,92
JDK:java.base:N/A:N/A,ClassOrInterfaceType,java.lang.Class,Class,C:\Users\tyin363\Documents\repos\subchen__jetbrick-template-2x\jetbrick-template\src\main\java\jetbrick\template\resolver\property\DefaultGetterResolver.java,69
JDK:java.base:N/A:N/A,ClassOrInterfaceType,java.nio.charset.Charset,Charset,C:\Users\tyin363\Documents\repos\subchen__jetbrick-template-2x\jetbrick-template\src\main\java\jetbrick\template\parser\ast\AstText.java,248
com.github.subchen:jetbrick-commons:jar:2.1.9,ClassOrInterfaceType,jetbrick.bean.MethodInfo,MethodInfo,C:\Users\tyin363\Documents\repos\subchen__jetbrick-template-2x\jetbrick-template\src\main\java\jetbrick\template\resolver\function\FunctionInvokerResolver.java,43
CLIENT:client-code:N/A:N/A,NameExpr,jetbrick.template.JetConfig,IMPORT_CLASSES,C:\Users\tyin363\Documents\repos\subchen__jetbrick-template-2x\jetbrick-template\src\main\java\jetbrick\template\JetConfig.java,104
org.antlr:antlr4-runtime:jar:4.10.1,ClassOrInterfaceType,org.antlr.v4.runtime.Token,Token,C:\Users\tyin363\Documents\repos\subchen__jetbrick-template-2x\jetbrick-template\src\main\java\jetbrick\template\parser\AstBuilder.java,99
CLIENT:client-code:N/A:N/A,FieldAccessExpr,jetbrick.template.parser.ast.AstDirectiveTag,last,C:\Users\tyin363\Documents\repos\subchen__jetbrick-template-2x\jetbrick-template\src\main\java\jetbrick\template\parser\ast\AstDirectiveTag.java,66
com.github.subchen:jetbrick-commons:jar:2.1.9,MethodCallExpr,jetbrick.util.ClassUtils,isInstance,C:\Users\tyin363\Documents\repos\subchen__jetbrick-template-2x\jetbrick-template\src\main\java\jetbrick\template\runtime\ValueStack.java,160
CLIENT:client-code:N/A:N/A,NameExpr,jetbrick.template.runtime.ValueContext,localContext,C:\Users\tyin363\Documents\repos\subchen__jetbrick-template-2x\jetbrick-template\src\main\java\jetbrick\template\runtime\ValueContext.java,55
JDK:java.base:N/A:N/A,ClassOrInterfaceType,java.lang.Object,Object,C:\Users\tyin363\Documents\repos\subchen__jetbrick-template-2x\jetbrick-template\src\main\java\jetbrick\template\parser\ast\ALU.java,92
CLIENT:client-code:N/A:N/A,MethodCallExpr,jetbrick.template.parser.ast.AstType,getClassName,C:\Users\tyin363\Documents\repos\subchen__jetbrick-template-2x\jetbrick-template\src\main\java\jetbrick\template\parser\AstCodeVisitor.java,798
JDK:java.base:N/A:N/A,ClassOrInterfaceType,java.lang.String,String,C:\Users\tyin363\Documents\repos\subchen__jetbrick-template-2x\jetbrick-template\src\main\java\jetbrick\template\resolver\macro\MacroResolver.java,27
JDK:java.base:N/A:N/A,ClassOrInterfaceType,java.lang.Class,Class,C:\Users\tyin363\Documents\repos\subchen__jetbrick-template-2x\jetbrick-template\src\main\java\jetbrick\template\parser\ast\ALU.java,256
JDK:java.base:N/A:N/A,ClassOrInterfaceType,java.lang.String,String,C:\Users\tyin363\Documents\repos\subchen__jetbrick-template-2x\jetbrick-template\src\main\java\jetbrick\template\Errors.java,30
JDK:java.base:N/A:N/A,ObjectCreationExpr,java.util.HashMap,HashMap,C:\Users\tyin363\Documents\repos\subchen__jetbrick-template-2x\jetbrick-template\src\main\java\jetbrick\template\JetGlobalContext.java,34
CLIENT:client-code:N/A:N/A,NameExpr,jetbrick.template.resolver.function.FunctionInvokerResolver,functionMap,C:\Users\tyin363\Documents\repos\subchen__jetbrick-template-2x\jetbrick-template\src\main\java\jetbrick\template\resolver\function\FunctionInvokerResolver.java,116
com.github.subchen:jetbrick-commons:jar:2.1.9,MethodCallExpr,jetbrick.bean.MethodInfo,getParameterCount,C:\Users\tyin363\Documents\repos\subchen__jetbrick-template-2x\jetbrick-template\src\main\java\jetbrick\template\resolver\method\ClassBuildinMethodInvoker.java,36
CLIENT:client-code:N/A:N/A,MethodCallExpr,jetbrick.template.runtime.ValueStack,pop,C:\Users\tyin363\Documents\repos\subchen__jetbrick-template-2x\jetbrick-template\src\main\java\jetbrick\template\runtime\InterpretContextImpl.java,171
JDK:java.base:N/A:N/A,ClassOrInterfaceType,java.lang.String,String,C:\Users\tyin363\Documents\repos\subchen__jetbrick-template-2x\jetbrick-template\src\main\java\jetbrick\template\resolver\property\DefaultGetterResolver.java,49
CLIENT:client-code:N/A:N/A,ClassOrInterfaceType,jetbrick.template.JetSecurityManager,JetSecurityManager,C:\Users\tyin363\Documents\repos\subchen__jetbrick-template-2x\jetbrick-template\src\main\java\jetbrick\template\runtime\InterpretContextImpl.java,40
CLIENT:client-code:N/A:N/A,ClassOrInterfaceType,jetbrick.template.parser.ast.AstExpression,AstExpression,C:\Users\tyin363\Documents\repos\subchen__jetbrick-template-2x\jetbrick-template\src\main\java\jetbrick\template\parser\ast\AstConstant.java,24
JDK:java.base:N/A:N/A,ClassOrInterfaceType,java.lang.Iterable,Iterable,C:\Users\tyin363\Documents\repos\subchen__jetbrick-template-2x\jetbrick-template\src\main\java\jetbrick\template\runtime\JetForIterator.java,50
JDK:java.base:N/A:N/A,ClassOrInterfaceType,java.lang.String,String,C:\Users\tyin363\Documents\repos\subchen__jetbrick-template-2x\jetbrick-template\src\main\java\jetbrick\template\loader\resource\SourceResource.java,42
JDK:java.base:N/A:N/A,ClassOrInterfaceType,java.lang.Short,Short,C:\Users\tyin363\Documents\repos\subchen__jetbrick-template-2x\jetbrick-template\src\main\java\jetbrick\template\parser\ast\AstInvokeNewArray.java,76
JDK:java.base:N/A:N/A,ClassOrInterfaceType,java.lang.Object,Object,C:\Users\tyin363\Documents\repos\subchen__jetbrick-template-2x\jetbrick-template\src\main\java\jetbrick\template\parser\ast\AstInvokeField.java,60
JDK:java.base:N/A:N/A,ClassOrInterfaceType,java.lang.Long,Long,C:\Users\tyin363\Documents\repos\subchen__jetbrick-template-2x\jetbrick-template\src\main\java\jetbrick\template\parser\ast\ALU.java,352
JDK:java.base:N/A:N/A,ClassOrInterfaceType,java.lang.NullPointerException,NullPointerException,C:\Users\tyin363\Documents\repos\subchen__jetbrick-template-2x\jetbrick-template\src\main\java\jetbrick\template\runtime\writer\TrimLeadingWhitespacesOutputStream.java,55
JDK:java.base:N/A:N/A,ClassOrInterfaceType,java.util.concurrent.ConcurrentHashMap,ConcurrentHashMap,C:\Users\tyin363\Documents\repos\subchen__jetbrick-template-2x\jetbrick-template\src\main\java\jetbrick\template\resolver\function\FunctionInvokerResolver.java,42
JDK:java.base:N/A:N/A,ClassOrInterfaceType,java.io.IOException,IOException,C:\Users\tyin363\Documents\repos\subchen__jetbrick-template-2x\jetbrick-template\src\main\java\jetbrick\template\runtime\writer\JetOutputStreamPrinter.java,65
CLIENT:client-code:N/A:N/A,ObjectCreationExpr,jetbrick.template.parser.ast.AstOperatorBinary,AstOperatorBinary,C:\Users\tyin363\Documents\repos\subchen__jetbrick-template-2x\jetbrick-template\src\main\java\jetbrick\template\parser\AstCodeVisitor.java,559
com.github.subchen:jetbrick-commons:jar:2.1.9,MethodCallExpr,jetbrick.io.resource.Resource,getRelativePathName,C:\Users\tyin363\Documents\repos\subchen__jetbrick-template-2x\jetbrick-template\src\main\java\jetbrick\template\JetTemplateImpl.java,188
CLIENT:client-code:N/A:N/A,MethodCallExpr,jetbrick.template.parser.ast.ALU,mod,C:\Users\tyin363\Documents\repos\subchen__jetbrick-template-2x\jetbrick-template\src\main\java\jetbrick\template\parser\ast\AstOperatorBinary.java,88
CLIENT:client-code:N/A:N/A,ClassOrInterfaceType,jetbrick.template.parser.ast.AstStatementList,AstStatementList,C:\Users\tyin363\Documents\repos\subchen__jetbrick-template-2x\jetbrick-template\src\main\java\jetbrick\template\parser\AstCodeVisitor.java,232
CLIENT:client-code:N/A:N/A,MethodCallExpr,jetbrick.template.resolver.clazz.ClassResolver,getPackages,C:\Users\tyin363\Documents\repos\subchen__jetbrick-template-2x\jetbrick-template\src\main\java\jetbrick\template\resolver\clazz\ClassResolver.java,57
CLIENT:client-code:N/A:N/A,ClassOrInterfaceType,jetbrick.template.parser.Source,Source,C:\Users\tyin363\Documents\repos\subchen__jetbrick-template-2x\jetbrick-template\src\main\java\jetbrick\template\JetTemplate.java,44
JDK:java.base:N/A:N/A,ClassOrInterfaceType,java.lang.Class,Class,C:\Users\tyin363\Documents\repos\subchen__jetbrick-template-2x\jetbrick-template\src\main\java\jetbrick\template\parser\ast\ALU.java,257
CLIENT:client-code:N/A:N/A,FieldAccessExpr,jetbrick.template.parser.ast.AstDirectiveInclude,returnName,C:\Users\tyin363\Documents\repos\subchen__jetbrick-template-2x\jetbrick-template\src\main\java\jetbrick\template\parser\ast\AstDirectiveInclude.java,39
CLIENT:client-code:N/A:N/A,FieldAccessExpr,jetbrick.template.parser.ast.AstInvokeFunction,name,C:\Users\tyin363\Documents\repos\subchen__jetbrick-template-2x\jetbrick-template\src\main\java\jetbrick\template\parser\ast\AstInvokeFunction.java,39
JDK:java.base:N/A:N/A,ClassOrInterfaceType,java.lang.IllegalStateException,IllegalStateException,C:\Users\tyin363\Documents\repos\subchen__jetbrick-template-2x\jetbrick-template\src\main\java\jetbrick\template\parser\AstCodeVisitor.java,252
CLIENT:client-code:N/A:N/A,NameExpr,jetbrick.template.resolver.GlobalResolver,methodInvokerResolver,C:\Users\tyin363\Documents\repos\subchen__jetbrick-template-2x\jetbrick-template\src\main\java\jetbrick\template\resolver\GlobalResolver.java,130
JDK:java.base:N/A:N/A,ClassOrInterfaceType,java.lang.String,String,C:\Users\tyin363\Documents\repos\subchen__jetbrick-template-2x\jetbrick-template\src\main\java\jetbrick\template\resolver\method\MethodInvokerResolver.java,42
CLIENT:client-code:N/A:N/A,MethodCallExpr,jetbrick.template.resolver.method.MethodInvoker,isVoidResult,C:\Users\tyin363\Documents\repos\subchen__jetbrick-template-2x\jetbrick-template\src\main\java\jetbrick\template\parser\ast\AstInvokeMethod.java,104
CLIENT:client-code:N/A:N/A,ClassOrInterfaceType,jetbrick.template.JetTemplateMacro,JetTemplateMacro,C:\Users\tyin363\Documents\repos\subchen__jetbrick-template-2x\jetbrick-template\src\main\java\jetbrick\template\resolver\macro\MacroResolver.java,27
CLIENT:client-code:N/A:N/A,FieldAccessExpr,jetbrick.template.Errors,MACRO_NOT_FOUND,C:\Users\tyin363\Documents\repos\subchen__jetbrick-template-2x\jetbrick-template\src\main\java\jetbrick\template\runtime\buildin\JetFunctions.java,113
JDK:java.base:N/A:N/A,MethodCallExpr,java.util.Map,get,C:\Users\tyin363\Documents\repos\subchen__jetbrick-template-2x\jetbrick-template\src\main\java\jetbrick\template\runtime\ValueStack.java,101
org.antlr:antlr4-runtime:jar:4.10.1,ClassOrInterfaceType,org.antlr.v4.runtime.tree.TerminalNode,TerminalNode,C:\Users\tyin363\Documents\repos\subchen__jetbrick-template-2x\jetbrick-template\src\main\java\jetbrick\template\parser\AstCodeVisitor.java,882
JDK:java.base:N/A:N/A,ObjectCreationExpr,java.lang.IllegalArgumentException,IllegalArgumentException,C:\Users\tyin363\Documents\repos\subchen__jetbrick-template-2x\jetbrick-template\src\main\java\jetbrick\template\runtime\buildin\JetMethods.java,252
CLIENT:client-code:N/A:N/A,NameExpr,jetbrick.template.parser.ast.AstExpression,position,C:\Users\tyin363\Documents\repos\subchen__jetbrick-template-2x\jetbrick-template\src\main\java\jetbrick\template\parser\ast\AstInvokeNewObject.java,61
JDK:java.base:N/A:N/A,ClassOrInterfaceType,java.lang.Long,Long,C:\Users\tyin363\Documents\repos\subchen__jetbrick-template-2x\jetbrick-template\src\main\java\jetbrick\template\parser\ast\ALU.java,351
JDK:java.base:N/A:N/A,ClassOrInterfaceType,java.util.List,List,C:\Users\tyin363\Documents\repos\subchen__jetbrick-template-2x\jetbrick-template\src\main\java\jetbrick\template\parser\AstCodeVisitor.java,508
CLIENT:client-code:N/A:N/A,FieldAccessExpr,jetbrick.template.Errors,OPERATION_BINARY_UNDEFINED,C:\Users\tyin363\Documents\repos\subchen__jetbrick-template-2x\jetbrick-template\src\main\java\jetbrick\template\parser\ast\ALU.java,427
CLIENT:client-code:N/A:N/A,ClassOrInterfaceType,jetbrick.template.resolver.macro.MacroResolver,MacroResolver,C:\Users\tyin363\Documents\repos\subchen__jetbrick-template-2x\jetbrick-template\src\main\java\jetbrick\template\JetTemplateImpl.java,63
CLIENT:client-code:N/A:N/A,MethodCallExpr,jetbrick.template.parser.ast.ALU,isTrue,C:\Users\tyin363\Documents\repos\subchen__jetbrick-template-2x\jetbrick-template\src\main\java\jetbrick\template\parser\ast\AstDirectiveIf.java,39
JDK:java.base:N/A:N/A,MethodCallExpr,java.io.Writer,write,C:\Users\tyin363\Documents\repos\subchen__jetbrick-template-2x\jetbrick-template\src\main\java\jetbrick\template\runtime\writer\JetWriterPrinter.java,105
CLIENT:client-code:N/A:N/A,ClassOrInterfaceType,jetbrick.template.parser.ast.Position,Position,C:\Users\tyin363\Documents\repos\subchen__jetbrick-template-2x\jetbrick-template\src\main\java\jetbrick\template\parser\ast\AstConstantMapEntry.java,29
CLIENT:client-code:N/A:N/A,ClassOrInterfaceType,jetbrick.template.runtime.OriginalStream,OriginalStream,C:\Users\tyin363\Documents\repos\subchen__jetbrick-template-2x\jetbrick-template\src\main\java\jetbrick\template\runtime\writer\TrimLeadingWhitespacesOutputStream.java,26
JDK:java.base:N/A:N/A,ClassOrInterfaceType,java.util.Map,Map,C:\Users\tyin363\Documents\repos\subchen__jetbrick-template-2x\jetbrick-template\src\main\java\jetbrick\template\resolver\property\DefaultGetterResolver.java,90
JDK:java.base:N/A:N/A,ClassOrInterfaceType,java.lang.String,String,C:\Users\tyin363\Documents\repos\subchen__jetbrick-template-2x\jetbrick-template\src\main\java\jetbrick\template\Errors.java,27
CLIENT:client-code:N/A:N/A,ClassOrInterfaceType,jetbrick.template.parser.Source,Source,C:\Users\tyin363\Documents\repos\subchen__jetbrick-template-2x\jetbrick-template\src\main\java\jetbrick\template\JetTemplateImpl.java,192
JDK:java.base:N/A:N/A,ClassOrInterfaceType,java.lang.String,String,C:\Users\tyin363\Documents\repos\subchen__jetbrick-template-2x\jetbrick-template\src\main\java\jetbrick\template\runtime\buildin\JetMethods.java,237
CLIENT:client-code:N/A:N/A,FieldAccessExpr,jetbrick.template.JetTemplateOption,strict,C:\Users\tyin363\Documents\repos\subchen__jetbrick-template-2x\jetbrick-template\src\main\java\jetbrick\template\JetTemplateOption.java,35
JDK:java.base:N/A:N/A,MethodCallExpr,java.lang.Number,byteValue,C:\Users\tyin363\Documents\repos\subchen__jetbrick-template-2x\jetbrick-template\src\main\java\jetbrick\template\parser\ast\ALU.java,285
CLIENT:client-code:N/A:N/A,NameExpr,jetbrick.template.parser.ast.AstInvokeFieldStatic,field,C:\Users\tyin363\Documents\repos\subchen__jetbrick-template-2x\jetbrick-template\src\main\java\jetbrick\template\parser\ast\AstInvokeFieldStatic.java,71
JDK:java.base:N/A:N/A,ObjectCreationExpr,java.lang.IllegalStateException,IllegalStateException,C:\Users\tyin363\Documents\repos\subchen__jetbrick-template-2x\jetbrick-template\src\main\java\jetbrick\template\resolver\macro\MacroResolver.java,48
JDK:java.base:N/A:N/A,ClassOrInterfaceType,java.lang.String,String,C:\Users\tyin363\Documents\repos\subchen__jetbrick-template-2x\jetbrick-template\src\main\java\jetbrick\template\JetSecurityManagerImpl.java,137
JDK:java.base:N/A:N/A,ClassOrInterfaceType,java.lang.Number,Number,C:\Users\tyin363\Documents\repos\subchen__jetbrick-template-2x\jetbrick-template\src\main\java\jetbrick\template\parser\ast\ALU.java,197
CLIENT:client-code:N/A:N/A,NameExpr,jetbrick.template.JetConfig,templateSuffix,C:\Users\tyin363\Documents\repos\subchen__jetbrick-template-2x\jetbrick-template\src\main\java\jetbrick\template\JetConfig.java,113
CLIENT:client-code:N/A:N/A,ClassOrInterfaceType,jetbrick.template.loader.ClasspathResourceLoader,ClasspathResourceLoader,C:\Users\tyin363\Documents\repos\subchen__jetbrick-template-2x\jetbrick-template\src\main\java\jetbrick\template\JetConfig.java,112
JDK:java.base:N/A:N/A,MethodCallExpr,java.lang.reflect.Array,get,C:\Users\tyin363\Documents\repos\subchen__jetbrick-template-2x\jetbrick-template\src\main\java\jetbrick\template\parser\ast\AstInvokeIndexGet.java,67
JDK:java.base:N/A:N/A,MethodCallExpr,java.lang.Number,intValue,C:\Users\tyin363\Documents\repos\subchen__jetbrick-template-2x\jetbrick-template\src\main\java\jetbrick\template\parser\ast\AstInvokeNewArray.java,65
JDK:java.base:N/A:N/A,ClassOrInterfaceType,java.lang.Iterable,Iterable,C:\Users\tyin363\Documents\repos\subchen__jetbrick-template-2x\jetbrick-template\src\main\java\jetbrick\template\runtime\JetForIterator.java,48
CLIENT:client-code:N/A:N/A,ClassOrInterfaceType,jetbrick.template.JetEngine,JetEngine,C:\Users\tyin363\Documents\repos\subchen__jetbrick-template-2x\jetbrick-template\src\main\java\jetbrick\template\JetEngine.java,74
CLIENT:client-code:N/A:N/A,NameExpr,jetbrick.template.resolver.tag.TagInvokerResolver,log,C:\Users\tyin363\Documents\repos\subchen__jetbrick-template-2x\jetbrick-template\src\main\java\jetbrick\template\resolver\tag\TagInvokerResolver.java,85
JDK:java.base:N/A:N/A,MethodCallExpr,java.io.Writer,flush,C:\Users\tyin363\Documents\repos\subchen__jetbrick-template-2x\jetbrick-template\src\main\java\jetbrick\template\runtime\writer\TrimLeadingWhitespacesWriter.java,79
CLIENT:client-code:N/A:N/A,FieldAccessExpr,jetbrick.template.parser.ast.Tokens,BIT_AND,C:\Users\tyin363\Documents\repos\subchen__jetbrick-template-2x\jetbrick-template\src\main\java\jetbrick\template\parser\AstCodeVisitor.java,575
JDK:java.base:N/A:N/A,MethodCallExpr,java.lang.Class,getEnumConstants,C:\Users\tyin363\Documents\repos\subchen__jetbrick-template-2x\jetbrick-template\src\main\java\jetbrick\template\runtime\JetForIterator.java,68
JDK:java.base:N/A:N/A,ClassOrInterfaceType,java.lang.Class,Class,C:\Users\tyin363\Documents\repos\subchen__jetbrick-template-2x\jetbrick-template\src\main\java\jetbrick\template\parser\ast\ALU.java,522
JDK:java.base:N/A:N/A,ClassOrInterfaceType,java.util.ArrayList,ArrayList,C:\Users\tyin363\Documents\repos\subchen__jetbrick-template-2x\jetbrick-template\src\main\java\jetbrick\template\parser\ParserContext.java,219
CLIENT:client-code:N/A:N/A,FieldAccessExpr,jetbrick.template.parser.ast.AstInvokeFieldStatic,cls,C:\Users\tyin363\Documents\repos\subchen__jetbrick-template-2x\jetbrick-template\src\main\java\jetbrick\template\parser\ast\AstInvokeFieldStatic.java,38
CLIENT:client-code:N/A:N/A,FieldAccessExpr,jetbrick.template.parser.ast.AstInvokeField,objectExpression,C:\Users\tyin363\Documents\repos\subchen__jetbrick-template-2x\jetbrick-template\src\main\java\jetbrick\template\parser\ast\AstInvokeField.java,38
JDK:java.base:N/A:N/A,ClassOrInterfaceType,java.lang.String,String,C:\Users\tyin363\Documents\repos\subchen__jetbrick-template-2x\jetbrick-template\src\main\java\jetbrick\template\JetConfig.java,42
JDK:java.base:N/A:N/A,ClassOrInterfaceType,java.lang.RuntimeException,RuntimeException,C:\Users\tyin363\Documents\repos\subchen__jetbrick-template-2x\jetbrick-template\src\main\java\jetbrick\template\parser\ast\AstInvokeMethod.java,92
org.antlr:antlr4-runtime:jar:4.10.1,ClassOrInterfaceType,org.antlr.v4.runtime.RecognitionException,RecognitionException,C:\Users\tyin363\Documents\repos\subchen__jetbrick-template-2x\jetbrick-template\src\main\java\jetbrick\template\parser\AstBuilder.java,83
JDK:java.base:N/A:N/A,ClassOrInterfaceType,java.io.Writer,Writer,C:\Users\tyin363\Documents\repos\subchen__jetbrick-template-2x\jetbrick-template\src\main\java\jetbrick\template\runtime\writer\JetWriterPrinter.java,32
JDK:java.base:N/A:N/A,ClassOrInterfaceType,java.lang.IllegalStateException,IllegalStateException,C:\Users\tyin363\Documents\repos\subchen__jetbrick-template-2x\jetbrick-template\src\main\java\jetbrick\template\parser\ast\ALU.java,159
CLIENT:client-code:N/A:N/A,MethodCallExpr,jetbrick.template.JetTemplateMacro,getTemplate,C:\Users\tyin363\Documents\repos\subchen__jetbrick-template-2x\jetbrick-template\src\main\java\jetbrick\template\runtime\InterpretContextImpl.java,150
CLIENT:client-code:N/A:N/A,ObjectCreationExpr,jetbrick.template.parser.ast.AstOperatorBinary,AstOperatorBinary,C:\Users\tyin363\Documents\repos\subchen__jetbrick-template-2x\jetbrick-template\src\main\java\jetbrick\template\parser\AstCodeVisitor.java,581
CLIENT:client-code:N/A:N/A,NameExpr,jetbrick.template.JetTemplateOption,trimLeadingWhitespaces,C:\Users\tyin363\Documents\repos\subchen__jetbrick-template-2x\jetbrick-template\src\main\java\jetbrick\template\JetTemplateOption.java,50
CLIENT:client-code:N/A:N/A,MethodCallExpr,jetbrick.template.parser.ast.AstDirectiveMacro,getArgumentNames,C:\Users\tyin363\Documents\repos\subchen__jetbrick-template-2x\jetbrick-template\src\main\java\jetbrick\template\JetTemplateMacro.java,53
com.github.subchen:jetbrick-commons:jar:2.1.9,MethodCallExpr,jetbrick.config.ConfigLoader,load,C:\Users\tyin363\Documents\repos\subchen__jetbrick-template-2x\jetbrick-template\src\main\java\jetbrick\template\JetConfig.java,84
CLIENT:client-code:N/A:N/A,ObjectCreationExpr,jetbrick.template.runtime.InterpretException,InterpretException,C:\Users\tyin363\Documents\repos\subchen__jetbrick-template-2x\jetbrick-template\src\main\java\jetbrick\template\parser\ast\AstInvokeNewObject.java,70
CLIENT:client-code:N/A:N/A,MethodCallExpr,jetbrick.template.runtime.InterpretException,set,C:\Users\tyin363\Documents\repos\subchen__jetbrick-template-2x\jetbrick-template\src\main\java\jetbrick\template\parser\ast\AstExpressionList.java,43
CLIENT:client-code:N/A:N/A,MethodCallExpr,jetbrick.template.parser.ParserContext,setSafecall,C:\Users\tyin363\Documents\repos\subchen__jetbrick-template-2x\jetbrick-template\src\main\java\jetbrick\template\JetTemplateImpl.java,105
JDK:java.base:N/A:N/A,MethodCallExpr,java.lang.System,arraycopy,C:\Users\tyin363\Documents\repos\subchen__jetbrick-template-2x\jetbrick-template\src\main\java\jetbrick\template\resolver\ParameterUtils.java,75
CLIENT:client-code:N/A:N/A,NameExpr,jetbrick.template.parser.ast.AstInvokeFunction,name,C:\Users\tyin363\Documents\repos\subchen__jetbrick-template-2x\jetbrick-template\src\main\java\jetbrick\template\parser\ast\AstInvokeFunction.java,65
CLIENT:client-code:N/A:N/A,NameExpr,jetbrick.template.parser.ast.AstOperatorInstanceof,type,C:\Users\tyin363\Documents\repos\subchen__jetbrick-template-2x\jetbrick-template\src\main\java\jetbrick\template\parser\ast\AstOperatorInstanceof.java,38
JDK:java.base:N/A:N/A,ObjectCreationExpr,java.util.HashMap,HashMap,C:\Users\tyin363\Documents\repos\subchen__jetbrick-template-2x\jetbrick-template\src\main\java\jetbrick\template\resolver\method\MethodInvokerResolver.java,43
JDK:java.base:N/A:N/A,MethodCallExpr,java.io.Writer,write,C:\Users\tyin363\Documents\repos\subchen__jetbrick-template-2x\jetbrick-template\src\main\java\jetbrick\template\runtime\writer\JetWriterPrinterEx.java,64
JDK:java.base:N/A:N/A,ClassOrInterfaceType,java.lang.String,String,C:\Users\tyin363\Documents\repos\subchen__jetbrick-template-2x\jetbrick-template\src\main\java\jetbrick\template\JetConfig.java,41
CLIENT:client-code:N/A:N/A,NameExpr,jetbrick.template.JetConfig,ioSkiperrors,C:\Users\tyin363\Documents\repos\subchen__jetbrick-template-2x\jetbrick-template\src\main\java\jetbrick\template\JetConfig.java,124
CLIENT:client-code:N/A:N/A,MethodCallExpr,jetbrick.template.parser.ast.AstStatementList,execute,C:\Users\tyin363\Documents\repos\subchen__jetbrick-template-2x\jetbrick-template\src\main\java\jetbrick\template\runtime\JetTagContext.java,62
CLIENT:client-code:N/A:N/A,MethodCallExpr,jetbrick.template.resolver.method.MethodInvokerResolver,register,C:\Users\tyin363\Documents\repos\subchen__jetbrick-template-2x\jetbrick-template\src\main\java\jetbrick\template\resolver\GlobalResolver.java,123
CLIENT:client-code:N/A:N/A,MethodCallExpr,jetbrick.template.resolver.macro.MacroResolver,register,C:\Users\tyin363\Documents\repos\subchen__jetbrick-template-2x\jetbrick-template\src\main\java\jetbrick\template\JetTemplateImpl.java,133
CLIENT:client-code:N/A:N/A,ClassOrInterfaceType,jetbrick.template.JetTemplateMacro,JetTemplateMacro,C:\Users\tyin363\Documents\repos\subchen__jetbrick-template-2x\jetbrick-template\src\main\java\jetbrick\template\resolver\macro\MacroResolver.java,42
JDK:java.base:N/A:N/A,MethodCallExpr,java.lang.Object,getClass,C:\Users\tyin363\Documents\repos\subchen__jetbrick-template-2x\jetbrick-template\src\main\java\jetbrick\template\parser\ast\AstInvokeField.java,96
CLIENT:client-code:N/A:N/A,ClassOrInterfaceType,jetbrick.template.runtime.InterpretException,InterpretException,C:\Users\tyin363\Documents\repos\subchen__jetbrick-template-2x\jetbrick-template\src\main\java\jetbrick\template\parser\ast\AstExpressionList.java,43
CLIENT:client-code:N/A:N/A,NameExpr,jetbrick.template.JetTemplateImpl,lastModified,C:\Users\tyin363\Documents\repos\subchen__jetbrick-template-2x\jetbrick-template\src\main\java\jetbrick\template\JetTemplateImpl.java,203
JDK:java.base:N/A:N/A,ClassOrInterfaceType,java.lang.String,String,C:\Users\tyin363\Documents\repos\subchen__jetbrick-template-2x\jetbrick-template\src\main\java\jetbrick\template\parser\ast\AstText.java,120
JDK:java.base:N/A:N/A,ClassOrInterfaceType,java.util.HashMap,HashMap,C:\Users\tyin363\Documents\repos\subchen__jetbrick-template-2x\jetbrick-template\src\main\java\jetbrick\template\resolver\tag\TagInvokerResolver.java,44
CLIENT:client-code:N/A:N/A,MethodCallExpr,jetbrick.template.runtime.TemplateStack,current,C:\Users\tyin363\Documents\repos\subchen__jetbrick-template-2x\jetbrick-template\src\main\java\jetbrick\template\runtime\InterpretContextImpl.java,175
CLIENT:client-code:N/A:N/A,NameExpr,jetbrick.template.parser.ast.ALU,DOUBLE,C:\Users\tyin363\Documents\repos\subchen__jetbrick-template-2x\jetbrick-template\src\main\java\jetbrick\template\parser\ast\ALU.java,50
JDK:java.base:N/A:N/A,MethodCallExpr,java.lang.Number,doubleValue,C:\Users\tyin363\Documents\repos\subchen__jetbrick-template-2x\jetbrick-template\src\main\java\jetbrick\template\parser\ast\ALU.java,179
CLIENT:client-code:N/A:N/A,NameExpr,jetbrick.template.parser.ast.AstInvokeMethodStatic,name,C:\Users\tyin363\Documents\repos\subchen__jetbrick-template-2x\jetbrick-template\src\main\java\jetbrick\template\parser\ast\AstInvokeMethodStatic.java,67
CLIENT:client-code:N/A:N/A,ClassOrInterfaceType,jetbrick.template.JetGlobalContext,JetGlobalContext,C:\Users\tyin363\Documents\repos\subchen__jetbrick-template-2x\jetbrick-template\src\main\java\jetbrick\template\runtime\ValueStack.java,43
CLIENT:client-code:N/A:N/A,NameExpr,jetbrick.template.runtime.writer.JetWriterPrinterEx,os,C:\Users\tyin363\Documents\repos\subchen__jetbrick-template-2x\jetbrick-template\src\main\java\jetbrick\template\runtime\writer\JetWriterPrinterEx.java,38
CLIENT:client-code:N/A:N/A,ObjectCreationExpr,jetbrick.template.parser.ast.AstText.Jdk9CharArrayEncoder,Jdk9CharArrayEncoder,C:\Users\tyin363\Documents\repos\subchen__jetbrick-template-2x\jetbrick-template\src\main\java\jetbrick\template\parser\ast\AstText.java,215
JDK:java.base:N/A:N/A,MethodCallExpr,java.lang.Class,getSimpleName,C:\Users\tyin363\Documents\repos\subchen__jetbrick-template-2x\jetbrick-template\src\main\java\jetbrick\template\resolver\clazz\ClassResolver.java,83
JDK:java.base:N/A:N/A,ClassOrInterfaceType,java.security.AccessControlException,AccessControlException,C:\Users\tyin363\Documents\repos\subchen__jetbrick-template-2x\jetbrick-template\src\main\java\jetbrick\template\JetSecurityManagerImpl.java,127
CLIENT:client-code:N/A:N/A,MethodCallExpr,jetbrick.template.parser.ParserContext,setTrimDirectiveComments,C:\Users\tyin363\Documents\repos\subchen__jetbrick-template-2x\jetbrick-template\src\main\java\jetbrick\template\JetTemplateImpl.java,108
CLIENT:client-code:N/A:N/A,ClassOrInterfaceType,jetbrick.template.runtime.InterpretException,InterpretException,C:\Users\tyin363\Documents\repos\subchen__jetbrick-template-2x\jetbrick-template\src\main\java\jetbrick\template\parser\ast\AstOperatorInstanceof.java,36
JDK:java.base:N/A:N/A,MethodCallExpr,java.lang.String,length,C:\Users\tyin363\Documents\repos\subchen__jetbrick-template-2x\jetbrick-template\src\main\java\jetbrick\template\resolver\clazz\ClassResolver.java,70
JDK:java.base:N/A:N/A,ClassOrInterfaceType,java.lang.String,String,C:\Users\tyin363\Documents\repos\subchen__jetbrick-template-2x\jetbrick-template\src\main\java\jetbrick\template\JetEngineImpl.java,204
CLIENT:client-code:N/A:N/A,NameExpr,jetbrick.template.parser.ast.AstDirectiveCall,argumentList,C:\Users\tyin363\Documents\repos\subchen__jetbrick-template-2x\jetbrick-template\src\main\java\jetbrick\template\parser\ast\AstDirectiveCall.java,47
CLIENT:client-code:N/A:N/A,ObjectCreationExpr,jetbrick.template.parser.SyntaxException,SyntaxException,C:\Users\tyin363\Documents\repos\subchen__jetbrick-template-2x\jetbrick-template\src\main\java\jetbrick\template\parser\AstCodeVisitor.java,601
CLIENT:client-code:N/A:N/A,MethodCallExpr,jetbrick.template.parser.ParserContext,defineSymbol,C:\Users\tyin363\Documents\repos\subchen__jetbrick-template-2x\jetbrick-template\src\main\java\jetbrick\template\parser\AstCodeVisitor.java,309
CLIENT:client-code:N/A:N/A,ClassOrInterfaceType,jetbrick.template.runtime.ValueStack,ValueStack,C:\Users\tyin363\Documents\repos\subchen__jetbrick-template-2x\jetbrick-template\src\main\java\jetbrick\template\runtime\InterpretContextImpl.java,34
CLIENT:client-code:N/A:N/A,NameExpr,jetbrick.template.parser.ast.AstExpression,position,C:\Users\tyin363\Documents\repos\subchen__jetbrick-template-2x\jetbrick-template\src\main\java\jetbrick\template\parser\ast\AstInvokeFieldStatic.java,54
CLIENT:client-code:N/A:N/A,ClassOrInterfaceType,jetbrick.template.parser.SyntaxException,SyntaxException,C:\Users\tyin363\Documents\repos\subchen__jetbrick-template-2x\jetbrick-template\src\main\java\jetbrick\template\parser\AstCodeVisitor.java,253
JDK:java.base:N/A:N/A,ObjectCreationExpr,java.security.SecureRandom,SecureRandom,C:\Users\tyin363\Documents\repos\subchen__jetbrick-template-2x\jetbrick-template\src\main\java\jetbrick\template\runtime\buildin\JetFunctions.java,37
CLIENT:client-code:N/A:N/A,MethodCallExpr,jetbrick.template.runtime.InterpretContext,getSecurityManager,C:\Users\tyin363\Documents\repos\subchen__jetbrick-template-2x\jetbrick-template\src\main\java\jetbrick\template\parser\ast\AstInvokeFunction.java,73
JDK:java.base:N/A:N/A,MethodCallExpr,java.lang.Integer,valueOf,C:\Users\tyin363\Documents\repos\subchen__jetbrick-template-2x\jetbrick-template\src\main\java\jetbrick\template\parser\ast\ALU.java,246
CLIENT:client-code:N/A:N/A,FieldAccessExpr,jetbrick.template.Errors,OPERATION_BINARY_UNDEFINED,C:\Users\tyin363\Documents\repos\subchen__jetbrick-template-2x\jetbrick-template\src\main\java\jetbrick\template\parser\ast\AstInvokeIndexGet.java,83
CLIENT:client-code:N/A:N/A,ClassOrInterfaceType,jetbrick.template.parser.ast.AstText.TextEncoder,TextEncoder,C:\Users\tyin363\Documents\repos\subchen__jetbrick-template-2x\jetbrick-template\src\main\java\jetbrick\template\parser\ast\AstText.java,265
CLIENT:client-code:N/A:N/A,NameExpr,jetbrick.template.parser.AstCodeVisitor,parseCtx,C:\Users\tyin363\Documents\repos\subchen__jetbrick-template-2x\jetbrick-template\src\main\java\jetbrick\template\parser\AstCodeVisitor.java,432
JDK:java.base:N/A:N/A,ClassOrInterfaceType,java.lang.String,String,C:\Users\tyin363\Documents\repos\subchen__jetbrick-template-2x\jetbrick-template\src\main\java\jetbrick\template\JetConfig.java,40
CLIENT:client-code:N/A:N/A,NameExpr,jetbrick.template.JetTemplateImpl,engine,C:\Users\tyin363\Documents\repos\subchen__jetbrick-template-2x\jetbrick-template\src\main\java\jetbrick\template\JetTemplateImpl.java,132
CLIENT:client-code:N/A:N/A,ClassOrInterfaceType,jetbrick.template.runtime.InterpretException,InterpretException,C:\Users\tyin363\Documents\repos\subchen__jetbrick-template-2x\jetbrick-template\src\main\java\jetbrick\template\parser\ast\AstInvokeFunction.java,94
CLIENT:client-code:N/A:N/A,MethodCallExpr,jetbrick.template.parser.AstCodeVisitor,resolveClass,C:\Users\tyin363\Documents\repos\subchen__jetbrick-template-2x\jetbrick-template\src\main\java\jetbrick\template\parser\AstCodeVisitor.java,687
CLIENT:client-code:N/A:N/A,FieldAccessExpr,jetbrick.template.parser.ast.AstInvokeField,unsafe,C:\Users\tyin363\Documents\repos\subchen__jetbrick-template-2x\jetbrick-template\src\main\java\jetbrick\template\parser\ast\AstInvokeField.java,42
CLIENT:client-code:N/A:N/A,MethodCallExpr,jetbrick.template.Errors,format,C:\Users\tyin363\Documents\repos\subchen__jetbrick-template-2x\jetbrick-template\src\main\java\jetbrick\template\parser\ast\ALU.java,232
CLIENT:client-code:N/A:N/A,ClassOrInterfaceType,jetbrick.template.parser.AstBuilder.AstErrorStrategy,AstErrorStrategy,C:\Users\tyin363\Documents\repos\subchen__jetbrick-template-2x\jetbrick-template\src\main\java\jetbrick\template\parser\AstBuilder.java,45
JDK:java.base:N/A:N/A,ClassOrInterfaceType,java.lang.Comparable,Comparable,C:\Users\tyin363\Documents\repos\subchen__jetbrick-template-2x\jetbrick-template\src\main\java\jetbrick\template\parser\ast\ALU.java,514
CLIENT:client-code:N/A:N/A,FieldAccessExpr,jetbrick.template.parser.ast.AstIdentifier,name,C:\Users\tyin363\Documents\repos\subchen__jetbrick-template-2x\jetbrick-template\src\main\java\jetbrick\template\parser\ast\AstIdentifier.java,30
CLIENT:client-code:N/A:N/A,NameExpr,jetbrick.template.runtime.writer.TrimLeadingWhitespacesWriter,out,C:\Users\tyin363\Documents\repos\subchen__jetbrick-template-2x\jetbrick-template\src\main\java\jetbrick\template\runtime\writer\TrimLeadingWhitespacesWriter.java,74
com.github.subchen:jetbrick-commons:jar:2.1.9,ClassOrInterfaceType,jetbrick.bean.MethodInfo,MethodInfo,C:\Users\tyin363\Documents\repos\subchen__jetbrick-template-2x\jetbrick-template\src\main\java\jetbrick\template\resolver\tag\TagInvoker.java,31
org.antlr:antlr4-runtime:jar:4.10.1,ClassOrInterfaceType,org.antlr.v4.runtime.tree.ParseTree,ParseTree,C:\Users\tyin363\Documents\repos\subchen__jetbrick-template-2x\jetbrick-template\src\main\java\jetbrick\template\parser\AstCodeVisitor.java,162
JDK:java.base:N/A:N/A,MethodCallExpr,java.security.MessageDigest,reset,C:\Users\tyin363\Documents\repos\subchen__jetbrick-template-2x\jetbrick-template\src\main\java\jetbrick\template\runtime\buildin\JetMethods.java,225
CLIENT:client-code:N/A:N/A,NameExpr,jetbrick.template.runtime.writer.JetWriterPrinter,os,C:\Users\tyin363\Documents\repos\subchen__jetbrick-template-2x\jetbrick-template\src\main\java\jetbrick\template\runtime\writer\JetWriterPrinter.java,158
CLIENT:client-code:N/A:N/A,ObjectCreationExpr,jetbrick.template.parser.SyntaxException,SyntaxException,C:\Users\tyin363\Documents\repos\subchen__jetbrick-template-2x\jetbrick-template\src\main\java\jetbrick\template\parser\AstCodeVisitor.java,864
CLIENT:client-code:N/A:N/A,NameExpr,jetbrick.template.parser.ast.AstInvokeMethodStatic,name,C:\Users\tyin363\Documents\repos\subchen__jetbrick-template-2x\jetbrick-template\src\main\java\jetbrick\template\parser\ast\AstInvokeMethodStatic.java,64
JDK:java.base:N/A:N/A,MethodCallExpr,java.lang.String,length,C:\Users\tyin363\Documents\repos\subchen__jetbrick-template-2x\jetbrick-template\src\main\java\jetbrick\template\runtime\buildin\JetMethods.java,199
JDK:java.base:N/A:N/A,ClassOrInterfaceType,java.lang.String,String,C:\Users\tyin363\Documents\repos\subchen__jetbrick-template-2x\jetbrick-template\src\main\java\jetbrick\template\runtime\writer\JetWriterPrinter.java,77
CLIENT:client-code:N/A:N/A,NameExpr,jetbrick.template.parser.ast.AstInvokeNewArray,expressions,C:\Users\tyin363\Documents\repos\subchen__jetbrick-template-2x\jetbrick-template\src\main\java\jetbrick\template\parser\ast\AstInvokeNewArray.java,55
com.github.subchen:jetbrick-commons:jar:2.1.9,MethodCallExpr,jetbrick.bean.Executable,getSignature,C:\Users\tyin363\Documents\repos\subchen__jetbrick-template-2x\jetbrick-template\src\main\java\jetbrick\template\resolver\function\ExtensionFunctionInvoker.java,59
JDK:java.base:N/A:N/A,ClassOrInterfaceType,java.lang.Boolean,Boolean,C:\Users\tyin363\Documents\repos\subchen__jetbrick-template-2x\jetbrick-template\src\main\java\jetbrick\template\runtime\buildin\JetMethods.java,41
JDK:java.base:N/A:N/A,ClassOrInterfaceType,java.lang.String,String,C:\Users\tyin363\Documents\repos\subchen__jetbrick-template-2x\jetbrick-template\src\main\java\jetbrick\template\JetEngineImpl.java,203
CLIENT:client-code:N/A:N/A,NameExpr,jetbrick.template.parser.ast.AstDirectiveCall,argumentList,C:\Users\tyin363\Documents\repos\subchen__jetbrick-template-2x\jetbrick-template\src\main\java\jetbrick\template\parser\ast\AstDirectiveCall.java,44
CLIENT:client-code:N/A:N/A,ObjectCreationExpr,jetbrick.template.parser.ast.AstOperatorBinary,AstOperatorBinary,C:\Users\tyin363\Documents\repos\subchen__jetbrick-template-2x\jetbrick-template\src\main\java\jetbrick\template\parser\AstCodeVisitor.java,579
JDK:java.base:N/A:N/A,ClassOrInterfaceType,java.lang.UnsupportedOperationException,UnsupportedOperationException,C:\Users\tyin363\Documents\repos\subchen__jetbrick-template-2x\jetbrick-template\src\main\java\jetbrick\template\loader\resource\SourceResource.java,49
JDK:java.base:N/A:N/A,ClassOrInterfaceType,java.lang.StringIndexOutOfBoundsException,StringIndexOutOfBoundsException,C:\Users\tyin363\Documents\repos\subchen__jetbrick-template-2x\jetbrick-template\src\main\java\jetbrick\template\parser\AstCodeVisitor.java,872
CLIENT:client-code:N/A:N/A,NameExpr,jetbrick.template.parser.AstCodeVisitor,parseCtx,C:\Users\tyin363\Documents\repos\subchen__jetbrick-template-2x\jetbrick-template\src\main\java\jetbrick\template\parser\AstCodeVisitor.java,695
JDK:java.base:N/A:N/A,MethodCallExpr,java.util.Map,get,C:\Users\tyin363\Documents\repos\subchen__jetbrick-template-2x\jetbrick-template\src\main\java\jetbrick\template\resolver\property\DefaultGetterResolver.java,51
CLIENT:client-code:N/A:N/A,FieldAccessExpr,jetbrick.template.resolver.property.MapGetter,name,C:\Users\tyin363\Documents\repos\subchen__jetbrick-template-2x\jetbrick-template\src\main\java\jetbrick\template\resolver\property\MapGetter.java,32
CLIENT:client-code:N/A:N/A,ClassOrInterfaceType,jetbrick.template.parser.ast.AstExpression,AstExpression,C:\Users\tyin363\Documents\repos\subchen__jetbrick-template-2x\jetbrick-template\src\main\java\jetbrick\template\parser\ast\AstConstantMapEntry.java,25
CLIENT:client-code:N/A:N/A,MethodCallExpr,jetbrick.template.parser.ast.AstType,getClassName,C:\Users\tyin363\Documents\repos\subchen__jetbrick-template-2x\jetbrick-template\src\main\java\jetbrick\template\parser\AstCodeVisitor.java,800
CLIENT:client-code:N/A:N/A,NameExpr,jetbrick.template.JetTemplateImpl,option,C:\Users\tyin363\Documents\repos\subchen__jetbrick-template-2x\jetbrick-template\src\main\java\jetbrick\template\JetTemplateImpl.java,140
JDK:java.base:N/A:N/A,ClassOrInterfaceType,java.lang.String,String,C:\Users\tyin363\Documents\repos\subchen__jetbrick-template-2x\jetbrick-template\src\main\java\jetbrick\template\JetConfig.java,39
CLIENT:client-code:N/A:N/A,NameExpr,jetbrick.template.JetEngineImpl,log,C:\Users\tyin363\Documents\repos\subchen__jetbrick-template-2x\jetbrick-template\src\main\java\jetbrick\template\JetEngineImpl.java,163
CLIENT:client-code:N/A:N/A,NameExpr,jetbrick.template.parser.ParserContext,trimDirectiveComments,C:\Users\tyin363\Documents\repos\subchen__jetbrick-template-2x\jetbrick-template\src\main\java\jetbrick\template\parser\ParserContext.java,106
CLIENT:client-code:N/A:N/A,MethodCallExpr,jetbrick.template.runtime.buildin.JetMethods,abbreviate,C:\Users\tyin363\Documents\repos\subchen__jetbrick-template-2x\jetbrick-template\src\main\java\jetbrick\template\runtime\buildin\JetMethods.java,213
CLIENT:client-code:N/A:N/A,ClassOrInterfaceType,jetbrick.template.parser.SyntaxException,SyntaxException,C:\Users\tyin363\Documents\repos\subchen__jetbrick-template-2x\jetbrick-template\src\main\java\jetbrick\template\parser\AstCodeVisitor.java,782
CLIENT:client-code:N/A:N/A,MethodCallExpr,jetbrick.template.runtime.InterpretContext,current,C:\Users\tyin363\Documents\repos\subchen__jetbrick-template-2x\jetbrick-template\src\main\java\jetbrick\template\runtime\buildin\JetFunctions.java,108
JDK:java.base:N/A:N/A,MethodCallExpr,java.lang.String,toLowerCase,C:\Users\tyin363\Documents\repos\subchen__jetbrick-template-2x\jetbrick-template\src\main\java\jetbrick\template\runtime\buildin\JetMethods.java,49
JDK:java.base:N/A:N/A,ClassOrInterfaceType,java.util.List,List,C:\Users\tyin363\Documents\repos\subchen__jetbrick-template-2x\jetbrick-template\src\main\java\jetbrick\template\parser\ast\AstStatementList.java,224
CLIENT:client-code:N/A:N/A,NameExpr,jetbrick.template.parser.ast.AstText,FIELD_STRING_COUNT,C:\Users\tyin363\Documents\repos\subchen__jetbrick-template-2x\jetbrick-template\src\main\java\jetbrick\template\parser\ast\AstText.java,299
com.github.subchen:jetbrick-commons:jar:2.1.9,ClassOrInterfaceType,jetbrick.bean.MethodInfo,MethodInfo,C:\Users\tyin363\Documents\repos\subchen__jetbrick-template-2x\jetbrick-template\src\main\java\jetbrick\template\resolver\function\FunctionInvokerResolver.java,86
JDK:java.base:N/A:N/A,ClassOrInterfaceType,java.lang.Integer,Integer,C:\Users\tyin363\Documents\repos\subchen__jetbrick-template-2x\jetbrick-template\src\main\java\jetbrick\template\parser\ast\ALU.java,336
CLIENT:client-code:N/A:N/A,MethodCallExpr,jetbrick.template.runtime.buildin.JetMethods,md5Hex,C:\Users\tyin363\Documents\repos\subchen__jetbrick-template-2x\jetbrick-template\src\main\java\jetbrick\template\runtime\buildin\JetMethods.java,219
org.antlr:antlr4-runtime:jar:4.10.1,ClassOrInterfaceType,org.antlr.v4.runtime.tree.ParseTree,ParseTree,C:\Users\tyin363\Documents\repos\subchen__jetbrick-template-2x\jetbrick-template\src\main\java\jetbrick\template\parser\AstCodeVisitor.java,163
JDK:java.base:N/A:N/A,ClassOrInterfaceType,java.util.List,List,C:\Users\tyin363\Documents\repos\subchen__jetbrick-template-2x\jetbrick-template\src\main\java\jetbrick\template\resolver\clazz\ClassResolver.java,36
CLIENT:client-code:N/A:N/A,MethodCallExpr,jetbrick.template.parser.ParserContext,isNullSafe,C:\Users\tyin363\Documents\repos\subchen__jetbrick-template-2x\jetbrick-template\src\main\java\jetbrick\template\parser\AstCodeVisitor.java,695
CLIENT:client-code:N/A:N/A,NameExpr,jetbrick.template.runtime.InterpretContextImpl,securityManager,C:\Users\tyin363\Documents\repos\subchen__jetbrick-template-2x\jetbrick-template\src\main\java\jetbrick\template\runtime\InterpretContextImpl.java,71
JDK:java.base:N/A:N/A,MethodCallExpr,java.lang.String,length,C:\Users\tyin363\Documents\repos\subchen__jetbrick-template-2x\jetbrick-template\src\main\java\jetbrick\template\runtime\buildin\JetMethods.java,200
CLIENT:client-code:N/A:N/A,ClassOrInterfaceType,jetbrick.template.parser.ast.AstStatement,AstStatement,C:\Users\tyin363\Documents\repos\subchen__jetbrick-template-2x\jetbrick-template\src\main\java\jetbrick\template\parser\ast\AstStatementList.java,51
JDK:java.base:N/A:N/A,ClassOrInterfaceType,java.util.concurrent.ConcurrentMap,ConcurrentMap,C:\Users\tyin363\Documents\repos\subchen__jetbrick-template-2x\jetbrick-template\src\main\java\jetbrick\template\JetEngineImpl.java,44
CLIENT:client-code:N/A:N/A,MethodCallExpr,jetbrick.template.parser.ast.AstStatementList.ListIterator,addAll,C:\Users\tyin363\Documents\repos\subchen__jetbrick-template-2x\jetbrick-template\src\main\java\jetbrick\template\parser\ast\AstStatementList.java,54
CLIENT:client-code:N/A:N/A,ClassOrInterfaceType,jetbrick.template.runtime.JetTagContext,JetTagContext,C:\Users\tyin363\Documents\repos\subchen__jetbrick-template-2x\jetbrick-template\src\main\java\jetbrick\template\resolver\tag\TagInvokerResolver.java,124
CLIENT:client-code:N/A:N/A,NameExpr,jetbrick.template.parser.ast.AstInvokeMethod,nullSafe,C:\Users\tyin363\Documents\repos\subchen__jetbrick-template-2x\jetbrick-template\src\main\java\jetbrick\template\parser\ast\AstInvokeMethod.java,53
JDK:java.base:N/A:N/A,ClassOrInterfaceType,java.lang.String,String,C:\Users\tyin363\Documents\repos\subchen__jetbrick-template-2x\jetbrick-template\src\main\java\jetbrick\template\JetConfig.java,38
com.github.subchen:jetbrick-commons:jar:2.1.9,MethodCallExpr,jetbrick.config.Config,asStringList,C:\Users\tyin363\Documents\repos\subchen__jetbrick-template-2x\jetbrick-template\src\main\java\jetbrick\template\JetConfig.java,110
CLIENT:client-code:N/A:N/A,NameExpr,jetbrick.template.parser.ast.ALU,BYTE,C:\Users\tyin363\Documents\repos\subchen__jetbrick-template-2x\jetbrick-template\src\main\java\jetbrick\template\parser\ast\ALU.java,471
CLIENT:client-code:N/A:N/A,NameExpr,jetbrick.template.parser.AstCodeVisitor,parseCtx,C:\Users\tyin363\Documents\repos\subchen__jetbrick-template-2x\jetbrick-template\src\main\java\jetbrick\template\parser\AstCodeVisitor.java,426
JDK:java.base:N/A:N/A,ClassOrInterfaceType,java.lang.String,String,C:\Users\tyin363\Documents\repos\subchen__jetbrick-template-2x\jetbrick-template\src\main\java\jetbrick\template\JetEngineImpl.java,201
JDK:java.base:N/A:N/A,ClassOrInterfaceType,java.lang.Object,Object,C:\Users\tyin363\Documents\repos\subchen__jetbrick-template-2x\jetbrick-template\src\main\java\jetbrick\template\runtime\buildin\JetMethods.java,59
CLIENT:client-code:N/A:N/A,ObjectCreationExpr,jetbrick.template.parser.ast.AstOperatorBinary,AstOperatorBinary,C:\Users\tyin363\Documents\repos\subchen__jetbrick-template-2x\jetbrick-template\src\main\java\jetbrick\template\parser\AstCodeVisitor.java,585
CLIENT:client-code:N/A:N/A,MethodCallExpr,jetbrick.template.JetTemplate,resolveMacro,C:\Users\tyin363\Documents\repos\subchen__jetbrick-template-2x\jetbrick-template\src\main\java\jetbrick\template\runtime\buildin\JetFunctions.java,111
CLIENT:client-code:N/A:N/A,ClassOrInterfaceType,jetbrick.template.parser.ast.AstExpression,AstExpression,C:\Users\tyin363\Documents\repos\subchen__jetbrick-template-2x\jetbrick-template\src\main\java\jetbrick\template\parser\ast\AstConstantMapEntry.java,27
com.github.subchen:jetbrick-commons:jar:2.1.9,MethodCallExpr,jetbrick.util.StringEscapeUtils,unescapeXml,C:\Users\tyin363\Documents\repos\subchen__jetbrick-template-2x\jetbrick-template\src\main\java\jetbrick\template\runtime\buildin\JetMethods.java,279
CLIENT:client-code:N/A:N/A,NameExpr,jetbrick.template.runtime.writer.JetOutputStreamPrinter,error,C:\Users\tyin363\Documents\repos\subchen__jetbrick-template-2x\jetbrick-template\src\main\java\jetbrick\template\runtime\writer\JetOutputStreamPrinter.java,60
CLIENT:client-code:N/A:N/A,MethodCallExpr,jetbrick.template.runtime.JetForIterator,next,C:\Users\tyin363\Documents\repos\subchen__jetbrick-template-2x\jetbrick-template\src\main\java\jetbrick\template\parser\ast\AstDirectiveFor.java,56
JDK:java.base:N/A:N/A,ClassOrInterfaceType,java.lang.CharSequence,CharSequence,C:\Users\tyin363\Documents\repos\subchen__jetbrick-template-2x\jetbrick-template\src\main\java\jetbrick\template\parser\ast\ALU.java,526
CLIENT:client-code:N/A:N/A,NameExpr,jetbrick.template.JetConfig,DEFAULT_CONFIG_FILE,C:\Users\tyin363\Documents\repos\subchen__jetbrick-template-2x\jetbrick-template\src\main\java\jetbrick\template\JetConfig.java,93
CLIENT:client-code:N/A:N/A,MethodCallExpr,jetbrick.template.JetTemplateMacro,getTemplate,C:\Users\tyin363\Documents\repos\subchen__jetbrick-template-2x\jetbrick-template\src\main\java\jetbrick\template\runtime\InterpretContextImpl.java,154
JDK:java.base:N/A:N/A,ClassOrInterfaceType,java.lang.String,String,C:\Users\tyin363\Documents\repos\subchen__jetbrick-template-2x\jetbrick-template\src\main\java\jetbrick\template\parser\ast\AstDirectiveSet.java,26
CLIENT:client-code:N/A:N/A,MethodCallExpr,jetbrick.template.runtime.JetWriter,create,C:\Users\tyin363\Documents\repos\subchen__jetbrick-template-2x\jetbrick-template\src\main\java\jetbrick\template\JetTemplateImpl.java,146
CLIENT:client-code:N/A:N/A,FieldAccessExpr,jetbrick.template.Errors,OPERATION_BINARY_UNDEFINED,C:\Users\tyin363\Documents\repos\subchen__jetbrick-template-2x\jetbrick-template\src\main\java\jetbrick\template\parser\ast\ALU.java,487
CLIENT:client-code:N/A:N/A,NameExpr,jetbrick.template.resolver.function.ExtensionFunctionInvoker,varArgsClass,C:\Users\tyin363\Documents\repos\subchen__jetbrick-template-2x\jetbrick-template\src\main\java\jetbrick\template\resolver\function\ExtensionFunctionInvoker.java,53
JDK:java.base:N/A:N/A,MethodCallExpr,java.util.Map,get,C:\Users\tyin363\Documents\repos\subchen__jetbrick-template-2x\jetbrick-template\src\main\java\jetbrick\template\resolver\tag\TagInvokerResolver.java,88
CLIENT:client-code:N/A:N/A,NameExpr,jetbrick.template.JetTemplateImpl,option,C:\Users\tyin363\Documents\repos\subchen__jetbrick-template-2x\jetbrick-template\src\main\java\jetbrick\template\JetTemplateImpl.java,146
CLIENT:client-code:N/A:N/A,ClassOrInterfaceType,jetbrick.template.runtime.InterpretException,InterpretException,C:\Users\tyin363\Documents\repos\subchen__jetbrick-template-2x\jetbrick-template\src\main\java\jetbrick\template\parser\ast\AstDirectiveReturn.java,35
JDK:java.base:N/A:N/A,ClassOrInterfaceType,java.util.Set,Set,C:\Users\tyin363\Documents\repos\subchen__jetbrick-template-2x\jetbrick-template\src\main\java\jetbrick\template\resolver\GlobalResolver.java,77
JDK:java.base:N/A:N/A,MethodCallExpr,java.lang.Class,isAssignableFrom,C:\Users\tyin363\Documents\repos\subchen__jetbrick-template-2x\jetbrick-template\src\main\java\jetbrick\template\parser\ast\ALU.java,276
CLIENT:client-code:N/A:N/A,FieldAccessExpr,jetbrick.template.runtime.InterpretContext,SIGNAL_CONTINUE,C:\Users\tyin363\Documents\repos\subchen__jetbrick-template-2x\jetbrick-template\src\main\java\jetbrick\template\parser\ast\AstDirectiveFor.java,71
CLIENT:client-code:N/A:N/A,NameExpr,jetbrick.template.runtime.ValueContext,inheritedContext,C:\Users\tyin363\Documents\repos\subchen__jetbrick-template-2x\jetbrick-template\src\main\java\jetbrick\template\runtime\ValueContext.java,46
JDK:java.base:N/A:N/A,ClassOrInterfaceType,java.io.IOException,IOException,C:\Users\tyin363\Documents\repos\subchen__jetbrick-template-2x\jetbrick-template\src\main\java\jetbrick\template\runtime\writer\TrimLeadingWhitespacesOutputStream.java,81
com.github.subchen:jetbrick-commons:jar:2.1.9,ClassOrInterfaceType,jetbrick.bean.MethodInfo,MethodInfo,C:\Users\tyin363\Documents\repos\subchen__jetbrick-template-2x\jetbrick-template\src\main\java\jetbrick\template\resolver\function\FunctionInvokerResolver.java,84
CLIENT:client-code:N/A:N/A,ClassOrInterfaceType,jetbrick.template.JetAnnotations.Name,Name,C:\Users\tyin363\Documents\repos\subchen__jetbrick-template-2x\jetbrick-template\src\main\java\jetbrick\template\resolver\method\MethodInvokerResolver.java,65
JDK:java.base:N/A:N/A,ClassOrInterfaceType,java.text.DecimalFormat,DecimalFormat,C:\Users\tyin363\Documents\repos\subchen__jetbrick-template-2x\jetbrick-template\src\main\java\jetbrick\template\runtime\buildin\JetMethods.java,145
JDK:java.base:N/A:N/A,ClassOrInterfaceType,java.lang.String,String,C:\Users\tyin363\Documents\repos\subchen__jetbrick-template-2x\jetbrick-template\src\main\java\jetbrick\template\JetConfig.java,37
JDK:java.base:N/A:N/A,MethodCallExpr,java.util.Set,contains,C:\Users\tyin363\Documents\repos\subchen__jetbrick-template-2x\jetbrick-template\src\main\java\jetbrick\template\JetSecurityManagerImpl.java,111
CLIENT:client-code:N/A:N/A,FieldAccessExpr,jetbrick.template.parser.ast.AstStatementList.ListIterator,size,C:\Users\tyin363\Documents\repos\subchen__jetbrick-template-2x\jetbrick-template\src\main\java\jetbrick\template\parser\ast\AstStatementList.java,263
JDK:java.base:N/A:N/A,MethodCallExpr,java.lang.Class,getComponentType,C:\Users\tyin363\Documents\repos\subchen__jetbrick-template-2x\jetbrick-template\src\main\java\jetbrick\template\resolver\method\ExtensionMethodInvoker.java,40
CLIENT:client-code:N/A:N/A,MethodCallExpr,jetbrick.template.JetTemplateMacro,getTemplate,C:\Users\tyin363\Documents\repos\subchen__jetbrick-template-2x\jetbrick-template\src\main\java\jetbrick\template\runtime\InterpretContextImpl.java,153
JDK:java.base:N/A:N/A,ClassOrInterfaceType,java.lang.String,String,C:\Users\tyin363\Documents\repos\subchen__jetbrick-template-2x\jetbrick-template\src\main\java\jetbrick\template\loader\resource\SourceResource.java,34
CLIENT:client-code:N/A:N/A,ClassOrInterfaceType,jetbrick.template.parser.ast.AstDirective,AstDirective,C:\Users\tyin363\Documents\repos\subchen__jetbrick-template-2x\jetbrick-template\src\main\java\jetbrick\template\parser\ast\AstDirectiveContinue.java,24
JDK:java.base:N/A:N/A,MethodCallExpr,java.lang.String,equals,C:\Users\tyin363\Documents\repos\subchen__jetbrick-template-2x\jetbrick-template\src\main\java\jetbrick\template\parser\AstCodeVisitor.java,169
JDK:java.base:N/A:N/A,ClassOrInterfaceType,java.lang.Number,Number,C:\Users\tyin363\Documents\repos\subchen__jetbrick-template-2x\jetbrick-template\src\main\java\jetbrick\template\parser\ast\ALU.java,187
CLIENT:client-code:N/A:N/A,FieldAccessExpr,jetbrick.template.parser.ast.AstTernaryOperator,falseExpression,C:\Users\tyin363\Documents\repos\subchen__jetbrick-template-2x\jetbrick-template\src\main\java\jetbrick\template\parser\ast\AstTernaryOperator.java,34
JDK:java.base:N/A:N/A,ObjectCreationExpr,java.lang.IllegalStateException,IllegalStateException,C:\Users\tyin363\Documents\repos\subchen__jetbrick-template-2x\jetbrick-template\src\main\java\jetbrick\template\parser\ast\ALU.java,251
com.github.subchen:jetbrick-commons:jar:2.1.9,ClassOrInterfaceType,jetbrick.io.resource.ResourceNotFoundException,ResourceNotFoundException,C:\Users\tyin363\Documents\repos\subchen__jetbrick-template-2x\jetbrick-template\src\main\java\jetbrick\template\JetEngineImpl.java,159
CLIENT:client-code:N/A:N/A,NameExpr,jetbrick.template.JetConfig,DEFAULT_CONFIG_FILE,C:\Users\tyin363\Documents\repos\subchen__jetbrick-template-2x\jetbrick-template\src\main\java\jetbrick\template\JetConfig.java,96
JDK:java.base:N/A:N/A,ClassOrInterfaceType,java.lang.Boolean,Boolean,C:\Users\tyin363\Documents\repos\subchen__jetbrick-template-2x\jetbrick-template\src\main\java\jetbrick\template\runtime\buildin\JetMethods.java,45
JDK:java.base:N/A:N/A,ClassOrInterfaceType,java.lang.Object,Object,C:\Users\tyin363\Documents\repos\subchen__jetbrick-template-2x\jetbrick-template\src\main\java\jetbrick\template\Errors.java,118
CLIENT:client-code:N/A:N/A,MethodCallExpr,jetbrick.template.resolver.method.MethodInvokerResolver,register,C:\Users\tyin363\Documents\repos\subchen__jetbrick-template-2x\jetbrick-template\src\main\java\jetbrick\template\resolver\GlobalResolver.java,116
JDK:java.base:N/A:N/A,ObjectCreationExpr,java.util.EmptyStackException,EmptyStackException,C:\Users\tyin363\Documents\repos\subchen__jetbrick-template-2x\jetbrick-template\src\main\java\jetbrick\template\runtime\ValueStack.java,83
CLIENT:client-code:N/A:N/A,NameExpr,jetbrick.template.runtime.ValueContext,inheritedContext,C:\Users\tyin363\Documents\repos\subchen__jetbrick-template-2x\jetbrick-template\src\main\java\jetbrick\template\runtime\ValueContext.java,47
CLIENT:client-code:N/A:N/A,MethodCallExpr,jetbrick.template.JetEngineImpl,internalGetTemplate,C:\Users\tyin363\Documents\repos\subchen__jetbrick-template-2x\jetbrick-template\src\main\java\jetbrick\template\JetEngineImpl.java,91
JDK:java.base:N/A:N/A,MethodCallExpr,java.lang.Number,intValue,C:\Users\tyin363\Documents\repos\subchen__jetbrick-template-2x\jetbrick-template\src\main\java\jetbrick\template\parser\ast\ALU.java,474
JDK:java.base:N/A:N/A,ClassOrInterfaceType,java.lang.Object,Object,C:\Users\tyin363\Documents\repos\subchen__jetbrick-template-2x\jetbrick-template\src\main\java\jetbrick\template\parser\ast\AstDirectiveTag.java,54
JDK:java.base:N/A:N/A,ClassOrInterfaceType,java.lang.String,String,C:\Users\tyin363\Documents\repos\subchen__jetbrick-template-2x\jetbrick-template\src\main\java\jetbrick\template\JetConfig.java,36
org.antlr:antlr4-runtime:jar:4.10.1,MethodCallExpr,org.antlr.v4.runtime.tree.TerminalNode,getSymbol,C:\Users\tyin363\Documents\repos\subchen__jetbrick-template-2x\jetbrick-template\src\main\java\jetbrick\template\parser\AstCodeVisitor.java,420
CLIENT:client-code:N/A:N/A,NameExpr,jetbrick.template.runtime.writer.TrimLeadingWhitespacesWriter,out,C:\Users\tyin363\Documents\repos\subchen__jetbrick-template-2x\jetbrick-template\src\main\java\jetbrick\template\runtime\writer\TrimLeadingWhitespacesWriter.java,79
CLIENT:client-code:N/A:N/A,ObjectCreationExpr,jetbrick.template.parser.ast.AstOperatorBinary,AstOperatorBinary,C:\Users\tyin363\Documents\repos\subchen__jetbrick-template-2x\jetbrick-template\src\main\java\jetbrick\template\parser\AstCodeVisitor.java,583
CLIENT:client-code:N/A:N/A,FieldAccessExpr,jetbrick.template.Errors,EXPRESSION_INDEX_IS_VOID,C:\Users\tyin363\Documents\repos\subchen__jetbrick-template-2x\jetbrick-template\src\main\java\jetbrick\template\parser\ast\AstInvokeIndexGet.java,57
CLIENT:client-code:N/A:N/A,MethodCallExpr,jetbrick.template.runtime.InterpretException,set,C:\Users\tyin363\Documents\repos\subchen__jetbrick-template-2x\jetbrick-template\src\main\java\jetbrick\template\parser\ast\AstInvokeFunction.java,94
JDK:java.base:N/A:N/A,MethodCallExpr,java.lang.System,getProperty,C:\Users\tyin363\Documents\repos\subchen__jetbrick-template-2x\jetbrick-template\src\main\java\jetbrick\template\Errors.java,139
com.github.subchen:jetbrick-commons:jar:2.1.9,MethodCallExpr,jetbrick.bean.FieldInfo,isPublic,C:\Users\tyin363\Documents\repos\subchen__jetbrick-template-2x\jetbrick-template\src\main\java\jetbrick\template\resolver\property\DefaultGetterResolver.java,85
CLIENT:client-code:N/A:N/A,ClassOrInterfaceType,jetbrick.template.parser.ast.AstExpression,AstExpression,C:\Users\tyin363\Documents\repos\subchen__jetbrick-template-2x\jetbrick-template\src\main\java\jetbrick\template\parser\ast\AstConstantMapEntry.java,29
CLIENT:client-code:N/A:N/A,ClassOrInterfaceType,jetbrick.template.parser.ast.Position,Position,C:\Users\tyin363\Documents\repos\subchen__jetbrick-template-2x\jetbrick-template\src\main\java\jetbrick\template\parser\ast\AstConstantMap.java,31
com.github.subchen:jetbrick-commons:jar:2.1.9,ClassOrInterfaceType,jetbrick.bean.MethodInfo,MethodInfo,C:\Users\tyin363\Documents\repos\subchen__jetbrick-template-2x\jetbrick-template\src\main\java\jetbrick\template\resolver\tag\TagInvoker.java,27
JDK:java.base:N/A:N/A,ObjectCreationExpr,java.lang.IllegalArgumentException,IllegalArgumentException,C:\Users\tyin363\Documents\repos\subchen__jetbrick-template-2x\jetbrick-template\src\main\java\jetbrick\template\runtime\buildin\JetMethods.java,210
com.github.subchen:jetbrick-commons:jar:2.1.9,MethodCallExpr,jetbrick.util.StringEscapeUtils,unescapeJavaScript,C:\Users\tyin363\Documents\repos\subchen__jetbrick-template-2x\jetbrick-template\src\main\java\jetbrick\template\runtime\buildin\JetMethods.java,271
JDK:java.base:N/A:N/A,ClassOrInterfaceType,java.lang.Boolean,Boolean,C:\Users\tyin363\Documents\repos\subchen__jetbrick-template-2x\jetbrick-template\src\main\java\jetbrick\template\runtime\buildin\JetMethods.java,46
CLIENT:client-code:N/A:N/A,FieldAccessExpr,jetbrick.template.runtime.ValueStack,userContext,C:\Users\tyin363\Documents\repos\subchen__jetbrick-template-2x\jetbrick-template\src\main\java\jetbrick\template\runtime\ValueStack.java,45
JDK:java.base:N/A:N/A,ClassOrInterfaceType,java.util.List,List,C:\Users\tyin363\Documents\repos\subchen__jetbrick-template-2x\jetbrick-template\src\main\java\jetbrick\template\JetTemplateMacro.java,52
CLIENT:client-code:N/A:N/A,ClassOrInterfaceType,jetbrick.template.resolver.GlobalResolver,GlobalResolver,C:\Users\tyin363\Documents\repos\subchen__jetbrick-template-2x\jetbrick-template\src\main\java\jetbrick\template\resolver\GlobalResolver.java,43
JDK:java.base:N/A:N/A,MethodCallExpr,java.io.Writer,write,C:\Users\tyin363\Documents\repos\subchen__jetbrick-template-2x\jetbrick-template\src\main\java\jetbrick\template\runtime\writer\JetWriterPrinter.java,64
JDK:java.base:N/A:N/A,MethodCallExpr,java.util.Iterator,hasNext,C:\Users\tyin363\Documents\repos\subchen__jetbrick-template-2x\jetbrick-template\src\main\java\jetbrick\template\runtime\JetForIterator.java,89
JDK:java.base:N/A:N/A,MethodCallExpr,java.io.Writer,write,C:\Users\tyin363\Documents\repos\subchen__jetbrick-template-2x\jetbrick-template\src\main\java\jetbrick\template\runtime\writer\JetWriterPrinterEx.java,58
JDK:java.base:N/A:N/A,MethodCallExpr,java.lang.StringBuilder,toString,C:\Users\tyin363\Documents\repos\subchen__jetbrick-template-2x\jetbrick-template\src\main\java\jetbrick\template\resolver\SignatureUtils.java,73
JDK:java.base:N/A:N/A,ClassOrInterfaceType,java.lang.String,String,C:\Users\tyin363\Documents\repos\subchen__jetbrick-template-2x\jetbrick-template\src\main\java\jetbrick\template\JetConfig.java,35
CLIENT:client-code:N/A:N/A,ObjectCreationExpr,jetbrick.template.parser.ast.Position,Position,C:\Users\tyin363\Documents\repos\subchen__jetbrick-template-2x\jetbrick-template\src\main\java\jetbrick\template\parser\AstCodeVisitor.java,886
CLIENT:client-code:N/A:N/A,ClassOrInterfaceType,jetbrick.template.JetSecurityManager,JetSecurityManager,C:\Users\tyin363\Documents\repos\subchen__jetbrick-template-2x\jetbrick-template\src\main\java\jetbrick\template\JetTemplate.java,56
CLIENT:client-code:N/A:N/A,MethodCallExpr,jetbrick.template.JetTemplateOption,getSymbols,C:\Users\tyin363\Documents\repos\subchen__jetbrick-template-2x\jetbrick-template\src\main\java\jetbrick\template\JetTemplateImpl.java,158
CLIENT:client-code:N/A:N/A,ClassOrInterfaceType,jetbrick.template.runtime.InterpretContext,InterpretContext,C:\Users\tyin363\Documents\repos\subchen__jetbrick-template-2x\jetbrick-template\src\main\java\jetbrick\template\parser\ast\AstConstantList.java,34
CLIENT:client-code:N/A:N/A,NameExpr,jetbrick.template.parser.ast.ALU,FLOAT,C:\Users\tyin363\Documents\repos\subchen__jetbrick-template-2x\jetbrick-template\src\main\java\jetbrick\template\parser\ast\ALU.java,105
JDK:java.base:N/A:N/A,ClassOrInterfaceType,java.util.List,List,C:\Users\tyin363\Documents\repos\subchen__jetbrick-template-2x\jetbrick-template\src\main\java\jetbrick\template\parser\ast\AstStatementList.java,228
JDK:java.base:N/A:N/A,ClassOrInterfaceType,java.lang.Object,Object,C:\Users\tyin363\Documents\repos\subchen__jetbrick-template-2x\jetbrick-template\src\main\java\jetbrick\template\parser\ast\AstInvokeNewArray.java,42
CLIENT:client-code:N/A:N/A,NameExpr,jetbrick.template.parser.ast.AstStatementList.ListIterator,index,C:\Users\tyin363\Documents\repos\subchen__jetbrick-template-2x\jetbrick-template\src\main\java\jetbrick\template\parser\ast\AstStatementList.java,283
CLIENT:client-code:N/A:N/A,ClassOrInterfaceType,jetbrick.template.runtime.InterpretException,InterpretException,C:\Users\tyin363\Documents\repos\subchen__jetbrick-template-2x\jetbrick-template\src\main\java\jetbrick\template\runtime\InterpretException.java,48
JDK:java.base:N/A:N/A,ClassOrInterfaceType,java.util.List,List,C:\Users\tyin363\Documents\repos\subchen__jetbrick-template-2x\jetbrick-template\src\main\java\jetbrick\template\resolver\function\FunctionInvokerResolver.java,116
JDK:java.base:N/A:N/A,MethodCallExpr,java.lang.String,length,C:\Users\tyin363\Documents\repos\subchen__jetbrick-template-2x\jetbrick-template\src\main\java\jetbrick\template\runtime\buildin\JetMethods.java,196
JDK:java.base:N/A:N/A,ClassOrInterfaceType,java.lang.Class,Class,C:\Users\tyin363\Documents\repos\subchen__jetbrick-template-2x\jetbrick-template\src\main\java\jetbrick\template\parser\ParserContext.java,53
JDK:java.base:N/A:N/A,ClassOrInterfaceType,java.lang.String,String,C:\Users\tyin363\Documents\repos\subchen__jetbrick-template-2x\jetbrick-template\src\main\java\jetbrick\template\runtime\writer\JetWriterPrinterEx.java,71
CLIENT:client-code:N/A:N/A,ClassOrInterfaceType,jetbrick.template.runtime.ValueContext,ValueContext,C:\Users\tyin363\Documents\repos\subchen__jetbrick-template-2x\jetbrick-template\src\main\java\jetbrick\template\runtime\ValueStack.java,63
CLIENT:client-code:N/A:N/A,NameExpr,jetbrick.template.parser.ast.AstText,KLASS_STRING,C:\Users\tyin363\Documents\repos\subchen__jetbrick-template-2x\jetbrick-template\src\main\java\jetbrick\template\parser\ast\AstText.java,263
CLIENT:client-code:N/A:N/A,MethodCallExpr,jetbrick.template.runtime.buildin.JetFunctions,fileGet,C:\Users\tyin363\Documents\repos\subchen__jetbrick-template-2x\jetbrick-template\src\main\java\jetbrick\template\runtime\buildin\JetFunctions.java,91
com.github.subchen:jetbrick-commons:jar:2.1.9,ClassOrInterfaceType,jetbrick.io.resource.ResourceNotFoundException,ResourceNotFoundException,C:\Users\tyin363\Documents\repos\subchen__jetbrick-template-2x\jetbrick-template\src\main\java\jetbrick\template\JetEngineImpl.java,146
JDK:java.base:N/A:N/A,MethodCallExpr,java.lang.String,startsWith,C:\Users\tyin363\Documents\repos\subchen__jetbrick-template-2x\jetbrick-template\src\main\java\jetbrick\template\loader\ClasspathResourceLoader.java,36
CLIENT:client-code:N/A:N/A,ClassOrInterfaceType,jetbrick.template.parser.ast.AstStatementList,AstStatementList,C:\Users\tyin363\Documents\repos\subchen__jetbrick-template-2x\jetbrick-template\src\main\java\jetbrick\template\parser\ast\AstDirectiveTag.java,35
org.antlr:antlr4-runtime:jar:4.10.1,ClassOrInterfaceType,org.antlr.v4.runtime.tree.TerminalNode,TerminalNode,C:\Users\tyin363\Documents\repos\subchen__jetbrick-template-2x\jetbrick-template\src\main\java\jetbrick\template\parser\AstCodeVisitor.java,896
JDK:java.base:N/A:N/A,ClassOrInterfaceType,java.lang.String,String,C:\Users\tyin363\Documents\repos\subchen__jetbrick-template-2x\jetbrick-template\src\main\java\jetbrick\template\JetSecurityManagerImpl.java,128
CLIENT:client-code:N/A:N/A,MethodCallExpr,jetbrick.template.JetEngine,getTemplate,C:\Users\tyin363\Documents\repos\subchen__jetbrick-template-2x\jetbrick-template\src\main\java\jetbrick\template\JetTemplateImpl.java,132
CLIENT:client-code:N/A:N/A,NameExpr,jetbrick.template.resolver.tag.TagInvokerResolver,log,C:\Users\tyin363\Documents\repos\subchen__jetbrick-template-2x\jetbrick-template\src\main\java\jetbrick\template\resolver\tag\TagInvokerResolver.java,74
JDK:java.base:N/A:N/A,MethodCallExpr,java.util.Set,contains,C:\Users\tyin363\Documents\repos\subchen__jetbrick-template-2x\jetbrick-template\src\main\java\jetbrick\template\JetSecurityManagerImpl.java,108
JDK:java.base:N/A:N/A,FieldAccessExpr,java.lang.Boolean,FALSE,C:\Users\tyin363\Documents\repos\subchen__jetbrick-template-2x\jetbrick-template\src\main\java\jetbrick\template\parser\ast\ALU.java,474
CLIENT:client-code:N/A:N/A,FieldAccessExpr,jetbrick.template.runtime.JetForIterator,outer,C:\Users\tyin363\Documents\repos\subchen__jetbrick-template-2x\jetbrick-template\src\main\java\jetbrick\template\runtime\JetForIterator.java,133
JDK:java.base:N/A:N/A,ClassOrInterfaceType,java.lang.String,String,C:\Users\tyin363\Documents\repos\subchen__jetbrick-template-2x\jetbrick-template\src\main\java\jetbrick\template\parser\ParserContext.java,141
JDK:java.base:N/A:N/A,ClassOrInterfaceType,java.io.IOException,IOException,C:\Users\tyin363\Documents\repos\subchen__jetbrick-template-2x\jetbrick-template\src\main\java\jetbrick\template\runtime\writer\TrimLeadingWhitespacesOutputStream.java,86
JDK:java.base:N/A:N/A,MethodCallExpr,java.lang.CharSequence,length,C:\Users\tyin363\Documents\repos\subchen__jetbrick-template-2x\jetbrick-template\src\main\java\jetbrick\template\parser\ast\ALU.java,526
JDK:java.base:N/A:N/A,ClassOrInterfaceType,java.util.concurrent.ConcurrentHashMap,ConcurrentHashMap,C:\Users\tyin363\Documents\repos\subchen__jetbrick-template-2x\jetbrick-template\src\main\java\jetbrick\template\resolver\clazz\ClassResolver.java,46
CLIENT:client-code:N/A:N/A,ClassOrInterfaceType,jetbrick.template.JetGlobalContext,JetGlobalContext,C:\Users\tyin363\Documents\repos\subchen__jetbrick-template-2x\jetbrick-template\src\main\java\jetbrick\template\runtime\ValueStack.java,36
CLIENT:client-code:N/A:N/A,FieldAccessExpr,jetbrick.template.parser.ast.Tokens,PLUS,C:\Users\tyin363\Documents\repos\subchen__jetbrick-template-2x\jetbrick-template\src\main\java\jetbrick\template\parser\AstCodeVisitor.java,539
CLIENT:client-code:N/A:N/A,ClassOrInterfaceType,jetbrick.template.runtime.JetWriter,JetWriter,C:\Users\tyin363\Documents\repos\subchen__jetbrick-template-2x\jetbrick-template\src\main\java\jetbrick\template\runtime\InterpretContextImpl.java,129
CLIENT:client-code:N/A:N/A,ClassOrInterfaceType,jetbrick.template.resolver.tag.TagInvoker,TagInvoker,C:\Users\tyin363\Documents\repos\subchen__jetbrick-template-2x\jetbrick-template\src\main\java\jetbrick\template\resolver\tag\TagInvokerResolver.java,43
JDK:java.base:N/A:N/A,ClassOrInterfaceType,java.util.Iterator,Iterator,C:\Users\tyin363\Documents\repos\subchen__jetbrick-template-2x\jetbrick-template\src\main\java\jetbrick\template\runtime\buildin\JetFunctions.java,59
com.github.subchen:jetbrick-commons:jar:2.1.9,MethodCallExpr,jetbrick.bean.FieldInfo,get,C:\Users\tyin363\Documents\repos\subchen__jetbrick-template-2x\jetbrick-template\src\main\java\jetbrick\template\parser\ast\AstInvokeFieldStatic.java,71
CLIENT:client-code:N/A:N/A,ClassOrInterfaceType,jetbrick.template.runtime.InterpretContext,InterpretContext,C:\Users\tyin363\Documents\repos\subchen__jetbrick-template-2x\jetbrick-template\src\main\java\jetbrick\template\parser\ast\AstDirectiveStop.java,34
CLIENT:client-code:N/A:N/A,ObjectCreationExpr,jetbrick.template.parser.ast.AstOperatorBinary,AstOperatorBinary,C:\Users\tyin363\Documents\repos\subchen__jetbrick-template-2x\jetbrick-template\src\main\java\jetbrick\template\parser\AstCodeVisitor.java,573
CLIENT:client-code:N/A:N/A,ClassOrInterfaceType,jetbrick.template.resolver.clazz.ClassResolver,ClassResolver,C:\Users\tyin363\Documents\repos\subchen__jetbrick-template-2x\jetbrick-template\src\main\java\jetbrick\template\parser\ParserContext.java,143
JDK:java.base:N/A:N/A,ClassOrInterfaceType,java.lang.String,String,C:\Users\tyin363\Documents\repos\subchen__jetbrick-template-2x\jetbrick-template\src\main\java\jetbrick\template\JetConfig.java,51
CLIENT:client-code:N/A:N/A,NameExpr,jetbrick.template.parser.ast.AstExpression,position,C:\Users\tyin363\Documents\repos\subchen__jetbrick-template-2x\jetbrick-template\src\main\java\jetbrick\template\parser\ast\AstInvokeNewArray.java,49
CLIENT:client-code:N/A:N/A,ClassOrInterfaceType,jetbrick.template.parser.ast.Position,Position,C:\Users\tyin363\Documents\repos\subchen__jetbrick-template-2x\jetbrick-template\src\main\java\jetbrick\template\parser\ast\AstDirectiveCall.java,35
JDK:java.base:N/A:N/A,ClassOrInterfaceType,java.lang.String,String,C:\Users\tyin363\Documents\repos\subchen__jetbrick-template-2x\jetbrick-template\src\main\java\jetbrick\template\JetConfig.java,49
JDK:java.base:N/A:N/A,MethodCallExpr,java.util.List,isEmpty,C:\Users\tyin363\Documents\repos\subchen__jetbrick-template-2x\jetbrick-template\src\main\java\jetbrick\template\JetEngineImpl.java,188
com.github.subchen:jetbrick-commons:jar:2.1.9,MethodCallExpr,jetbrick.config.Config,asCharset,C:\Users\tyin363\Documents\repos\subchen__jetbrick-template-2x\jetbrick-template\src\main\java\jetbrick\template\JetConfig.java,116
CLIENT:client-code:N/A:N/A,NameExpr,jetbrick.template.parser.AstCodeVisitor,parseCtx,C:\Users\tyin363\Documents\repos\subchen__jetbrick-template-2x\jetbrick-template\src\main\java\jetbrick\template\parser\AstCodeVisitor.java,437
CLIENT:client-code:N/A:N/A,NameExpr,jetbrick.template.resolver.macro.MacroResolver,loadedTemplates,C:\Users\tyin363\Documents\repos\subchen__jetbrick-template-2x\jetbrick-template\src\main\java\jetbrick\template\resolver\macro\MacroResolver.java,62
JDK:java.base:N/A:N/A,ClassOrInterfaceType,java.security.AccessControlException,AccessControlException,C:\Users\tyin363\Documents\repos\subchen__jetbrick-template-2x\jetbrick-template\src\main\java\jetbrick\template\JetSecurityManagerImpl.java,136
CLIENT:client-code:N/A:N/A,NameExpr,jetbrick.template.resolver.GlobalResolver,functionInvokerResolver,C:\Users\tyin363\Documents\repos\subchen__jetbrick-template-2x\jetbrick-template\src\main\java\jetbrick\template\resolver\GlobalResolver.java,56
CLIENT:client-code:N/A:N/A,MethodCallExpr,jetbrick.template.Errors,typeName,C:\Users\tyin363\Documents\repos\subchen__jetbrick-template-2x\jetbrick-template\src\main\java\jetbrick\template\parser\ast\ALU.java,288
JDK:java.base:N/A:N/A,MethodCallExpr,java.security.MessageDigest,digest,C:\Users\tyin363\Documents\repos\subchen__jetbrick-template-2x\jetbrick-template\src\main\java\jetbrick\template\runtime\buildin\JetMethods.java,227
CLIENT:client-code:N/A:N/A,NameExpr,jetbrick.template.parser.ast.AstExpression,position,C:\Users\tyin363\Documents\repos\subchen__jetbrick-template-2x\jetbrick-template\src\main\java\jetbrick\template\parser\ast\AstOperatorUnary.java,75
CLIENT:client-code:N/A:N/A,NameExpr,jetbrick.template.parser.ast.AstText,KLASS_STRING,C:\Users\tyin363\Documents\repos\subchen__jetbrick-template-2x\jetbrick-template\src\main\java\jetbrick\template\parser\ast\AstText.java,262
CLIENT:client-code:N/A:N/A,ObjectCreationExpr,jetbrick.template.parser.SyntaxException,SyntaxException,C:\Users\tyin363\Documents\repos\subchen__jetbrick-template-2x\jetbrick-template\src\main\java\jetbrick\template\parser\AstCodeVisitor.java,873
JDK:java.base:N/A:N/A,ClassOrInterfaceType,java.lang.Integer,Integer,C:\Users\tyin363\Documents\repos\subchen__jetbrick-template-2x\jetbrick-template\src\main\java\jetbrick\template\parser\ast\ALU.java,329
org.antlr:antlr4-runtime:jar:4.10.1,ClassOrInterfaceType,org.antlr.v4.runtime.tree.TerminalNode,TerminalNode,C:\Users\tyin363\Documents\repos\subchen__jetbrick-template-2x\jetbrick-template\src\main\java\jetbrick\template\parser\AstCodeVisitor.java,897
JDK:java.base:N/A:N/A,ClassOrInterfaceType,java.lang.Class,Class,C:\Users\tyin363\Documents\repos\subchen__jetbrick-template-2x\jetbrick-template\src\main\java\jetbrick\template\parser\ParserContext.java,54
JDK:java.base:N/A:N/A,ClassOrInterfaceType,java.lang.Byte,Byte,C:\Users\tyin363\Documents\repos\subchen__jetbrick-template-2x\jetbrick-template\src\main\java\jetbrick\template\parser\ast\AstInvokeNewArray.java,76
CLIENT:client-code:N/A:N/A,ClassOrInterfaceType,jetbrick.template.runtime.InterpretException,InterpretException,C:\Users\tyin363\Documents\repos\subchen__jetbrick-template-2x\jetbrick-template\src\main\java\jetbrick\template\parser\ast\AstDirectiveFor.java,41
CLIENT:client-code:N/A:N/A,MethodCallExpr,jetbrick.template.runtime.ValueStack,setLocal,C:\Users\tyin363\Documents\repos\subchen__jetbrick-template-2x\jetbrick-template\src\main\java\jetbrick\template\parser\ast\AstDirectiveSet.java,39
JDK:java.base:N/A:N/A,MethodCallExpr,java.lang.String,indexOf,C:\Users\tyin363\Documents\repos\subchen__jetbrick-template-2x\jetbrick-template\src\main\java\jetbrick\template\resolver\clazz\ClassResolver.java,108
JDK:java.base:N/A:N/A,ClassOrInterfaceType,java.lang.String,String,C:\Users\tyin363\Documents\repos\subchen__jetbrick-template-2x\jetbrick-template\src\main\java\jetbrick\template\JetConfig.java,50
JDK:java.base:N/A:N/A,ClassOrInterfaceType,java.lang.String,String,C:\Users\tyin363\Documents\repos\subchen__jetbrick-template-2x\jetbrick-template\src\main\java\jetbrick\template\JetConfig.java,48
CLIENT:client-code:N/A:N/A,FieldAccessExpr,jetbrick.template.JetSecurityManagerImpl,disallowStaticField,C:\Users\tyin363\Documents\repos\subchen__jetbrick-template-2x\jetbrick-template\src\main\java\jetbrick\template\JetSecurityManagerImpl.java,72
CLIENT:client-code:N/A:N/A,ObjectCreationExpr,jetbrick.template.resolver.function.ExtensionFunctionInvoker,ExtensionFunctionInvoker,C:\Users\tyin363\Documents\repos\subchen__jetbrick-template-2x\jetbrick-template\src\main\java\jetbrick\template\resolver\function\FunctionInvokerResolver.java,120
CLIENT:client-code:N/A:N/A,ClassOrInterfaceType,jetbrick.template.JetEngine,JetEngine,C:\Users\tyin363\Documents\repos\subchen__jetbrick-template-2x\jetbrick-template\src\main\java\jetbrick\template\runtime\InterpretContextImpl.java,60
CLIENT:client-code:N/A:N/A,ObjectCreationExpr,jetbrick.template.runtime.InterpretException,InterpretException,C:\Users\tyin363\Documents\repos\subchen__jetbrick-template-2x\jetbrick-template\src\main\java\jetbrick\template\parser\ast\AstOperatorUnary.java,75
CLIENT:client-code:N/A:N/A,ObjectCreationExpr,jetbrick.template.parser.ast.AstOperatorBinary,AstOperatorBinary,C:\Users\tyin363\Documents\repos\subchen__jetbrick-template-2x\jetbrick-template\src\main\java\jetbrick\template\parser\AstCodeVisitor.java,571
com.github.subchen:jetbrick-commons:jar:2.1.9,MethodCallExpr,jetbrick.io.resource.AbstractResource,setRelativePathName,C:\Users\tyin363\Documents\repos\subchen__jetbrick-template-2x\jetbrick-template\src\main\java\jetbrick\template\loader\ClasspathResourceLoader.java,45
CLIENT:client-code:N/A:N/A,MethodCallExpr,jetbrick.template.parser.ast.ALU,getNumberType,C:\Users\tyin363\Documents\repos\subchen__jetbrick-template-2x\jetbrick-template\src\main\java\jetbrick\template\parser\ast\ALU.java,75
JDK:java.base:N/A:N/A,MethodCallExpr,java.lang.String,toCharArray,C:\Users\tyin363\Documents\repos\subchen__jetbrick-template-2x\jetbrick-template\src\main\java\jetbrick\template\loader\resource\SourceResource.java,54
CLIENT:client-code:N/A:N/A,NameExpr,jetbrick.template.parser.AstCodeVisitor,parseCtx,C:\Users\tyin363\Documents\repos\subchen__jetbrick-template-2x\jetbrick-template\src\main\java\jetbrick\template\parser\AstCodeVisitor.java,176
CLIENT:client-code:N/A:N/A,MethodCallExpr,jetbrick.template.resolver.ParameterUtils,getParameterTypes,C:\Users\tyin363\Documents\repos\subchen__jetbrick-template-2x\jetbrick-template\src\main\java\jetbrick\template\parser\ast\AstInvokeFunction.java,61
CLIENT:client-code:N/A:N/A,NameExpr,jetbrick.template.parser.ast.AstText,KLASS_STRING,C:\Users\tyin363\Documents\repos\subchen__jetbrick-template-2x\jetbrick-template\src\main\java\jetbrick\template\parser\ast\AstText.java,261
com.github.subchen:jetbrick-commons:jar:2.1.9,FieldAccessExpr,jetbrick.util.JdkUtils,IS_AT_LEAST_JAVA_7,C:\Users\tyin363\Documents\repos\subchen__jetbrick-template-2x\jetbrick-template\src\main\java\jetbrick\template\parser\ast\AstText.java,216
CLIENT:client-code:N/A:N/A,FieldAccessExpr,jetbrick.template.Errors,VARIABLE_UNDEFINED,C:\Users\tyin363\Documents\repos\subchen__jetbrick-template-2x\jetbrick-template\src\main\java\jetbrick\template\parser\ParserContext.java,205
CLIENT:client-code:N/A:N/A,ClassOrInterfaceType,jetbrick.template.JetTemplateMacro,JetTemplateMacro,C:\Users\tyin363\Documents\repos\subchen__jetbrick-template-2x\jetbrick-template\src\main\java\jetbrick\template\resolver\GlobalResolver.java,223
CLIENT:client-code:N/A:N/A,NameExpr,jetbrick.template.parser.ast.AstInvokeNewArray,expressions,C:\Users\tyin363\Documents\repos\subchen__jetbrick-template-2x\jetbrick-template\src\main\java\jetbrick\template\parser\ast\AstInvokeNewArray.java,63
CLIENT:client-code:N/A:N/A,ClassOrInterfaceType,jetbrick.template.runtime.InterpretException,InterpretException,C:\Users\tyin363\Documents\repos\subchen__jetbrick-template-2x\jetbrick-template\src\main\java\jetbrick\template\runtime\InterpretException.java,53
CLIENT:client-code:N/A:N/A,MethodCallExpr,jetbrick.template.parser.ast.AstStatementList.ListIterator,move,C:\Users\tyin363\Documents\repos\subchen__jetbrick-template-2x\jetbrick-template\src\main\java\jetbrick\template\parser\ast\AstStatementList.java,67
CLIENT:client-code:N/A:N/A,FieldAccessExpr,jetbrick.template.runtime.writer.JetWriterPrinter,error,C:\Users\tyin363\Documents\repos\subchen__jetbrick-template-2x\jetbrick-template\src\main\java\jetbrick\template\runtime\writer\JetWriterPrinter.java,35
JDK:java.base:N/A:N/A,FieldAccessExpr,java.lang.Boolean,FALSE,C:\Users\tyin363\Documents\repos\subchen__jetbrick-template-2x\jetbrick-template\src\main\java\jetbrick\template\parser\ast\ALU.java,476
CLIENT:client-code:N/A:N/A,MethodCallExpr,jetbrick.template.parser.ast.AstInvokeFunction,doInvoke,C:\Users\tyin363\Documents\repos\subchen__jetbrick-template-2x\jetbrick-template\src\main\java\jetbrick\template\parser\ast\AstInvokeFunction.java,54
JDK:java.base:N/A:N/A,ClassOrInterfaceType,java.lang.Object,Object,C:\Users\tyin363\Documents\repos\subchen__jetbrick-template-2x\jetbrick-template\src\main\java\jetbrick\template\parser\ast\AstInvokeNewObject.java,55
CLIENT:client-code:N/A:N/A,MethodCallExpr,jetbrick.template.runtime.InterpretContext,doMacroCall,C:\Users\tyin363\Documents\repos\subchen__jetbrick-template-2x\jetbrick-template\src\main\java\jetbrick\template\runtime\buildin\JetFunctions.java,121
JDK:java.base:N/A:N/A,ClassOrInterfaceType,java.lang.String,String,C:\Users\tyin363\Documents\repos\subchen__jetbrick-template-2x\jetbrick-template\src\main\java\jetbrick\template\JetConfig.java,47
CLIENT:client-code:N/A:N/A,ObjectCreationExpr,jetbrick.template.runtime.InterpretException,InterpretException,C:\Users\tyin363\Documents\repos\subchen__jetbrick-template-2x\jetbrick-template\src\main\java\jetbrick\template\parser\ast\AstInvokeNewObject.java,79
JDK:java.base:N/A:N/A,ClassOrInterfaceType,java.lang.Class,Class,C:\Users\tyin363\Documents\repos\subchen__jetbrick-template-2x\jetbrick-template\src\main\java\jetbrick\template\resolver\method\MethodInvokerResolver.java,48
CLIENT:client-code:N/A:N/A,ClassOrInterfaceType,jetbrick.template.parser.ParserContext,ParserContext,C:\Users\tyin363\Documents\repos\subchen__jetbrick-template-2x\jetbrick-template\src\main\java\jetbrick\template\JetTemplateOption.java,34
org.slf4j:slf4j-api:jar:1.7.7,MethodCallExpr,org.slf4j.Logger,isInfoEnabled,C:\Users\tyin363\Documents\repos\subchen__jetbrick-template-2x\jetbrick-template\src\main\java\jetbrick\template\resolver\method\MethodInvokerResolver.java,70
CLIENT:client-code:N/A:N/A,MethodCallExpr,jetbrick.template.JetEngineImpl,internalGetTemplate,C:\Users\tyin363\Documents\repos\subchen__jetbrick-template-2x\jetbrick-template\src\main\java\jetbrick\template\JetEngineImpl.java,86
CLIENT:client-code:N/A:N/A,ClassOrInterfaceType,jetbrick.template.parser.ast.AstExpression,AstExpression,C:\Users\tyin363\Documents\repos\subchen__jetbrick-template-2x\jetbrick-template\src\main\java\jetbrick\template\parser\ast\AstInvokeMethod.java,32
JDK:java.base:N/A:N/A,MethodCallExpr,java.util.List,size,C:\Users\tyin363\Documents\repos\subchen__jetbrick-template-2x\jetbrick-template\src\main\java\jetbrick\template\parser\ast\AstStatementList.java,231
CLIENT:client-code:N/A:N/A,ClassOrInterfaceType,jetbrick.template.parser.ast.AstDirective,AstDirective,C:\Users\tyin363\Documents\repos\subchen__jetbrick-template-2x\jetbrick-template\src\main\java\jetbrick\template\parser\ast\AstDirectiveIf.java,24
JDK:java.base:N/A:N/A,ClassOrInterfaceType,java.lang.String,String,C:\Users\tyin363\Documents\repos\subchen__jetbrick-template-2x\jetbrick-template\src\main\java\jetbrick\template\parser\ast\AstInvokeFunction.java,37
CLIENT:client-code:N/A:N/A,MethodCallExpr,jetbrick.template.runtime.JetWriter,getCharset,C:\Users\tyin363\Documents\repos\subchen__jetbrick-template-2x\jetbrick-template\src\main\java\jetbrick\template\runtime\JetTagContext.java,45
CLIENT:client-code:N/A:N/A,ClassOrInterfaceType,jetbrick.template.resolver.tag.TagInvokerResolver,TagInvokerResolver,C:\Users\tyin363\Documents\repos\subchen__jetbrick-template-2x\jetbrick-template\src\main\java\jetbrick\template\resolver\GlobalResolver.java,49
CLIENT:client-code:N/A:N/A,MethodCallExpr,jetbrick.template.parser.ast.AstExpressionList,execute,C:\Users\tyin363\Documents\repos\subchen__jetbrick-template-2x\jetbrick-template\src\main\java\jetbrick\template\parser\ast\AstInvokeMethod.java,65
CLIENT:client-code:N/A:N/A,MethodCallExpr,jetbrick.template.resolver.method.MethodInvokerResolver,register,C:\Users\tyin363\Documents\repos\subchen__jetbrick-template-2x\jetbrick-template\src\main\java\jetbrick\template\resolver\GlobalResolver.java,130
CLIENT:client-code:N/A:N/A,NameExpr,jetbrick.template.JetTemplateMacro,astNode,C:\Users\tyin363\Documents\repos\subchen__jetbrick-template-2x\jetbrick-template\src\main\java\jetbrick\template\JetTemplateMacro.java,57
CLIENT:client-code:N/A:N/A,NameExpr,jetbrick.template.parser.ast.ALU,INTEGER,C:\Users\tyin363\Documents\repos\subchen__jetbrick-template-2x\jetbrick-template\src\main\java\jetbrick\template\parser\ast\ALU.java,264
CLIENT:client-code:N/A:N/A,ClassOrInterfaceType,jetbrick.template.runtime.OriginalStream,OriginalStream,C:\Users\tyin363\Documents\repos\subchen__jetbrick-template-2x\jetbrick-template\src\main\java\jetbrick\template\runtime\JetWriter.java,29
JDK:java.base:N/A:N/A,MethodCallExpr,java.lang.Number,doubleValue,C:\Users\tyin363\Documents\repos\subchen__jetbrick-template-2x\jetbrick-template\src\main\java\jetbrick\template\parser\ast\ALU.java,449
CLIENT:client-code:N/A:N/A,ClassOrInterfaceType,jetbrick.template.runtime.JetWriter,JetWriter,C:\Users\tyin363\Documents\repos\subchen__jetbrick-template-2x\jetbrick-template\src\main\java\jetbrick\template\parser\ast\AstText.java,286
CLIENT:client-code:N/A:N/A,FieldAccessExpr,jetbrick.template.parser.ast.AstDirectiveIf,elseStatement,C:\Users\tyin363\Documents\repos\subchen__jetbrick-template-2x\jetbrick-template\src\main\java\jetbrick\template\parser\ast\AstDirectiveIf.java,33
CLIENT:client-code:N/A:N/A,NameExpr,jetbrick.template.resolver.tag.TagInvokerResolver,cache,C:\Users\tyin363\Documents\repos\subchen__jetbrick-template-2x\jetbrick-template\src\main\java\jetbrick\template\resolver\tag\TagInvokerResolver.java,109
JDK:java.base:N/A:N/A,ClassOrInterfaceType,java.lang.String,String,C:\Users\tyin363\Documents\repos\subchen__jetbrick-template-2x\jetbrick-template\src\main\java\jetbrick\template\JetConfig.java,46
JDK:java.base:N/A:N/A,ClassOrInterfaceType,java.io.Closeable,Closeable,C:\Users\tyin363\Documents\repos\subchen__jetbrick-template-2x\jetbrick-template\src\main\java\jetbrick\template\runtime\JetWriter.java,29
com.github.subchen:jetbrick-commons:jar:2.1.9,ClassOrInterfaceType,jetbrick.io.resource.ResourceNotFoundException,ResourceNotFoundException,C:\Users\tyin363\Documents\repos\subchen__jetbrick-template-2x\jetbrick-template\src\main\java\jetbrick\template\JetEngineImpl.java,150
CLIENT:client-code:N/A:N/A,ClassOrInterfaceType,jetbrick.template.resolver.function.FunctionInvoker,FunctionInvoker,C:\Users\tyin363\Documents\repos\subchen__jetbrick-template-2x\jetbrick-template\src\main\java\jetbrick\template\parser\ast\AstInvokeFunction.java,57
CLIENT:client-code:N/A:N/A,MethodCallExpr,jetbrick.template.runtime.InterpretContext,getSignal,C:\Users\tyin363\Documents\repos\subchen__jetbrick-template-2x\jetbrick-template\src\main\java\jetbrick\template\parser\ast\AstStatementList.java,215
CLIENT:client-code:N/A:N/A,NameExpr,jetbrick.template.resolver.GlobalResolver,methodInvokerResolver,C:\Users\tyin363\Documents\repos\subchen__jetbrick-template-2x\jetbrick-template\src\main\java\jetbrick\template\resolver\GlobalResolver.java,116
JDK:java.base:N/A:N/A,MethodCallExpr,java.util.List,add,C:\Users\tyin363\Documents\repos\subchen__jetbrick-template-2x\jetbrick-template\src\main\java\jetbrick\template\parser\ParserContext.java,243
CLIENT:client-code:N/A:N/A,MethodCallExpr,jetbrick.template.runtime.TemplateStack,push,C:\Users\tyin363\Documents\repos\subchen__jetbrick-template-2x\jetbrick-template\src\main\java\jetbrick\template\runtime\InterpretContextImpl.java,154
com.github.subchen:jetbrick-commons:jar:2.1.9,ClassOrInterfaceType,jetbrick.io.resource.Resource,Resource,C:\Users\tyin363\Documents\repos\subchen__jetbrick-template-2x\jetbrick-template\src\main\java\jetbrick\template\JetEngineImpl.java,130
JDK:java.base:N/A:N/A,ClassOrInterfaceType,java.lang.String,String,C:\Users\tyin363\Documents\repos\subchen__jetbrick-template-2x\jetbrick-template\src\main\java\jetbrick\template\parser\ast\AstInvokeFunction.java,32
JDK:java.base:N/A:N/A,MethodCallExpr,java.io.OutputStream,write,C:\Users\tyin363\Documents\repos\subchen__jetbrick-template-2x\jetbrick-template\src\main\java\jetbrick\template\runtime\writer\JetOutputStreamPrinter.java,64
JDK:java.base:N/A:N/A,FieldAccessExpr,java.lang.Boolean,TRUE,C:\Users\tyin363\Documents\repos\subchen__jetbrick-template-2x\jetbrick-template\src\main\java\jetbrick\template\parser\ast\AstOperatorEquals.java,53
CLIENT:client-code:N/A:N/A,ClassOrInterfaceType,jetbrick.template.parser.ast.AstExpression,AstExpression,C:\Users\tyin363\Documents\repos\subchen__jetbrick-template-2x\jetbrick-template\src\main\java\jetbrick\template\parser\ast\AstInvokeMethod.java,31
org.antlr:antlr4-runtime:jar:4.10.1,ClassOrInterfaceType,org.antlr.v4.runtime.ParserRuleContext,ParserRuleContext,C:\Users\tyin363\Documents\repos\subchen__jetbrick-template-2x\jetbrick-template\src\main\java\jetbrick\template\parser\AstCodeVisitor.java,854
org.slf4j:slf4j-api:jar:1.7.7,MethodCallExpr,org.slf4j.Logger,warn,C:\Users\tyin363\Documents\repos\subchen__jetbrick-template-2x\jetbrick-template\src\main\java\jetbrick\template\JetConfig.java,96
CLIENT:client-code:N/A:N/A,ClassOrInterfaceType,jetbrick.template.resolver.property.Getter,Getter,C:\Users\tyin363\Documents\repos\subchen__jetbrick-template-2x\jetbrick-template\src\main\java\jetbrick\template\resolver\property\GetterResolver.java,27
JDK:java.base:N/A:N/A,FieldAccessExpr,java.lang.Boolean,FALSE,C:\Users\tyin363\Documents\repos\subchen__jetbrick-template-2x\jetbrick-template\src\main\java\jetbrick\template\parser\ast\ALU.java,478
CLIENT:client-code:N/A:N/A,ClassOrInterfaceType,jetbrick.template.runtime.ValueStack,ValueStack,C:\Users\tyin363\Documents\repos\subchen__jetbrick-template-2x\jetbrick-template\src\main\java\jetbrick\template\runtime\InterpretContextImpl.java,45
CLIENT:client-code:N/A:N/A,ClassOrInterfaceType,jetbrick.template.JetTemplateImpl,JetTemplateImpl,C:\Users\tyin363\Documents\repos\subchen__jetbrick-template-2x\jetbrick-template\src\main\java\jetbrick\template\JetEngineImpl.java,112
CLIENT:client-code:N/A:N/A,NameExpr,jetbrick.template.parser.ast.AstInvokeNewArray,expressions,C:\Users\tyin363\Documents\repos\subchen__jetbrick-template-2x\jetbrick-template\src\main\java\jetbrick\template\parser\ast\AstInvokeNewArray.java,57
com.github.subchen:jetbrick-commons:jar:2.1.9,MethodCallExpr,jetbrick.bean.FieldInfo,get,C:\Users\tyin363\Documents\repos\subchen__jetbrick-template-2x\jetbrick-template\src\main\java\jetbrick\template\parser\ast\AstText.java,298
com.github.subchen:jetbrick-commons:jar:2.1.9,MethodCallExpr,jetbrick.io.resource.AbstractResource,setRelativePathName,C:\Users\tyin363\Documents\repos\subchen__jetbrick-template-2x\jetbrick-template\src\main\java\jetbrick\template\loader\FileSystemResourceLoader.java,44
JDK:java.base:N/A:N/A,MethodCallExpr,java.util.Map,put,C:\Users\tyin363\Documents\repos\subchen__jetbrick-template-2x\jetbrick-template\src\main\java\jetbrick\template\resolver\macro\MacroResolver.java,46
JDK:java.base:N/A:N/A,ClassOrInterfaceType,java.util.Iterator,Iterator,C:\Users\tyin363\Documents\repos\subchen__jetbrick-template-2x\jetbrick-template\src\main\java\jetbrick\template\runtime\buildin\JetFunctions.java,55
com.github.subchen:jetbrick-commons:jar:2.1.9,MethodCallExpr,jetbrick.bean.MethodInfo,getParameterTypes,C:\Users\tyin363\Documents\repos\subchen__jetbrick-template-2x\jetbrick-template\src\main\java\jetbrick\template\resolver\method\ClassBuildinMethodInvoker.java,39
JDK:java.base:N/A:N/A,ClassOrInterfaceType,java.security.AccessControlException,AccessControlException,C:\Users\tyin363\Documents\repos\subchen__jetbrick-template-2x\jetbrick-template\src\main\java\jetbrick\template\JetSecurityManagerImpl.java,130
CLIENT:client-code:N/A:N/A,ClassOrInterfaceType,jetbrick.template.JetEngine,JetEngine,C:\Users\tyin363\Documents\repos\subchen__jetbrick-template-2x\jetbrick-template\src\main\java\jetbrick\template\JetTemplateImpl.java,42
CLIENT:client-code:N/A:N/A,ObjectCreationExpr,jetbrick.template.parser.ast.AstOperatorBinary,AstOperatorBinary,C:\Users\tyin363\Documents\repos\subchen__jetbrick-template-2x\jetbrick-template\src\main\java\jetbrick\template\parser\AstCodeVisitor.java,577
CLIENT:client-code:N/A:N/A,NameExpr,jetbrick.template.runtime.ValueStack,contexts,C:\Users\tyin363\Documents\repos\subchen__jetbrick-template-2x\jetbrick-template\src\main\java\jetbrick\template\runtime\ValueStack.java,180
CLIENT:client-code:N/A:N/A,MethodCallExpr,jetbrick.template.parser.AstCodeVisitor,accept,C:\Users\tyin363\Documents\repos\subchen__jetbrick-template-2x\jetbrick-template\src\main\java\jetbrick\template\parser\AstCodeVisitor.java,166
JDK:java.base:N/A:N/A,ClassOrInterfaceType,java.lang.String,String,C:\Users\tyin363\Documents\repos\subchen__jetbrick-template-2x\jetbrick-template\src\main\java\jetbrick\template\JetConfig.java,45
JDK:java.base:N/A:N/A,ClassOrInterfaceType,java.lang.Comparable,Comparable,C:\Users\tyin363\Documents\repos\subchen__jetbrick-template-2x\jetbrick-template\src\main\java\jetbrick\template\parser\ast\ALU.java,513
CLIENT:client-code:N/A:N/A,ClassOrInterfaceType,jetbrick.template.parser.ast.Position,Position,C:\Users\tyin363\Documents\repos\subchen__jetbrick-template-2x\jetbrick-template\src\main\java\jetbrick\template\parser\ast\AstInvokeFieldStatic.java,36
CLIENT:client-code:N/A:N/A,ClassOrInterfaceType,jetbrick.template.JetAnnotations.Name,Name,C:\Users\tyin363\Documents\repos\subchen__jetbrick-template-2x\jetbrick-template\src\main\java\jetbrick\template\resolver\tag\TagInvokerResolver.java,69
CLIENT:client-code:N/A:N/A,ClassOrInterfaceType,jetbrick.template.JetTemplateMacro,JetTemplateMacro,C:\Users\tyin363\Documents\repos\subchen__jetbrick-template-2x\jetbrick-template\src\main\java\jetbrick\template\resolver\macro\MacroResolver.java,46
CLIENT:client-code:N/A:N/A,ClassOrInterfaceType,jetbrick.template.JetTemplate,JetTemplate,C:\Users\tyin363\Documents\repos\subchen__jetbrick-template-2x\jetbrick-template\src\main\java\jetbrick\template\JetEngine.java,132
CLIENT:client-code:N/A:N/A,MethodCallExpr,jetbrick.template.parser.ast.AstExpressionList,execute,C:\Users\tyin363\Documents\repos\subchen__jetbrick-template-2x\jetbrick-template\src\main\java\jetbrick\template\parser\ast\AstInvokeMethodStatic.java,53
JDK:java.base:N/A:N/A,MethodCallExpr,java.lang.Double,valueOf,C:\Users\tyin363\Documents\repos\subchen__jetbrick-template-2x\jetbrick-template\src\main\java\jetbrick\template\parser\AstCodeVisitor.java,763
JDK:java.base:N/A:N/A,ClassOrInterfaceType,java.lang.Object,Object,C:\Users\tyin363\Documents\repos\subchen__jetbrick-template-2x\jetbrick-template\src\main\java\jetbrick\template\runtime\buildin\JetMethods.java,69
org.antlr:antlr4-runtime:jar:4.10.1,ClassOrInterfaceType,org.antlr.v4.runtime.ParserRuleContext,ParserRuleContext,C:\Users\tyin363\Documents\repos\subchen__jetbrick-template-2x\jetbrick-template\src\main\java\jetbrick\template\parser\AstCodeVisitor.java,853
JDK:java.base:N/A:N/A,ClassOrInterfaceType,java.lang.String,String,C:\Users\tyin363\Documents\repos\subchen__jetbrick-template-2x\jetbrick-template\src\main\java\jetbrick\template\runtime\buildin\JetMethods.java,218
JDK:java.base:N/A:N/A,ClassOrInterfaceType,java.lang.Object,Object,C:\Users\tyin363\Documents\repos\subchen__jetbrick-template-2x\jetbrick-template\src\main\java\jetbrick\template\JetTemplateMacro.java,65
CLIENT:client-code:N/A:N/A,NameExpr,jetbrick.template.parser.ast.AstStatementList.ListIterator,index,C:\Users\tyin363\Documents\repos\subchen__jetbrick-template-2x\jetbrick-template\src\main\java\jetbrick\template\parser\ast\AstStatementList.java,289
CLIENT:client-code:N/A:N/A,FieldAccessExpr,jetbrick.template.parser.ast.AstTernaryOperator,trueExpression,C:\Users\tyin363\Documents\repos\subchen__jetbrick-template-2x\jetbrick-template\src\main\java\jetbrick\template\parser\ast\AstTernaryOperator.java,33
JDK:java.base:N/A:N/A,MethodCallExpr,java.lang.String,length,C:\Users\tyin363\Documents\repos\subchen__jetbrick-template-2x\jetbrick-template\src\main\java\jetbrick\template\runtime\buildin\JetMethods.java,202
com.github.subchen:jetbrick-commons:jar:2.1.9,MethodCallExpr,jetbrick.bean.FieldInfo,get,C:\Users\tyin363\Documents\repos\subchen__jetbrick-template-2x\jetbrick-template\src\main\java\jetbrick\template\parser\ast\AstText.java,297
CLIENT:client-code:N/A:N/A,FieldAccessExpr,jetbrick.template.Errors,STATIC_FIELD_GET_ERROR,C:\Users\tyin363\Documents\repos\subchen__jetbrick-template-2x\jetbrick-template\src\main\java\jetbrick\template\parser\ast\AstInvokeFieldStatic.java,73
com.github.subchen:jetbrick-commons:jar:2.1.9,MethodCallExpr,jetbrick.config.Config,asCharset,C:\Users\tyin363\Documents\repos\subchen__jetbrick-template-2x\jetbrick-template\src\main\java\jetbrick\template\JetConfig.java,115
com.github.subchen:jetbrick-commons:jar:2.1.9,MethodCallExpr,jetbrick.config.ConfigLoader,load,C:\Users\tyin363\Documents\repos\subchen__jetbrick-template-2x\jetbrick-template\src\main\java\jetbrick\template\JetConfig.java,90
CLIENT:client-code:N/A:N/A,ClassOrInterfaceType,jetbrick.template.parser.ast.AstTemplate,AstTemplate,C:\Users\tyin363\Documents\repos\subchen__jetbrick-template-2x\jetbrick-template\src\main\java\jetbrick\template\JetTemplateImpl.java,51
JDK:java.base:N/A:N/A,ClassOrInterfaceType,java.lang.String,String,C:\Users\tyin363\Documents\repos\subchen__jetbrick-template-2x\jetbrick-template\src\main\java\jetbrick\template\JetConfig.java,44
CLIENT:client-code:N/A:N/A,NameExpr,jetbrick.template.parser.ast.AstInvokeField,last,C:\Users\tyin363\Documents\repos\subchen__jetbrick-template-2x\jetbrick-template\src\main\java\jetbrick\template\parser\ast\AstInvokeField.java,57
JDK:java.base:N/A:N/A,ClassOrInterfaceType,java.lang.String,String,C:\Users\tyin363\Documents\repos\subchen__jetbrick-template-2x\jetbrick-template\src\main\java\jetbrick\template\runtime\buildin\JetTags.java,47
CLIENT:client-code:N/A:N/A,NameExpr,jetbrick.template.parser.ast.ALU,SHORT,C:\Users\tyin363\Documents\repos\subchen__jetbrick-template-2x\jetbrick-template\src\main\java\jetbrick\template\parser\ast\ALU.java,263
CLIENT:client-code:N/A:N/A,ClassOrInterfaceType,jetbrick.template.parser.ast.AstText,AstText,C:\Users\tyin363\Documents\repos\subchen__jetbrick-template-2x\jetbrick-template\src\main\java\jetbrick\template\parser\ast\AstStatementList.java,112
JDK:java.base:N/A:N/A,ClassOrInterfaceType,java.lang.Integer,Integer,C:\Users\tyin363\Documents\repos\subchen__jetbrick-template-2x\jetbrick-template\src\main\java\jetbrick\template\parser\ast\ALU.java,332
JDK:java.base:N/A:N/A,ClassOrInterfaceType,java.lang.String,String,C:\Users\tyin363\Documents\repos\subchen__jetbrick-template-2x\jetbrick-template\src\main\java\jetbrick\template\parser\ast\AstStatementList.java,124
CLIENT:client-code:N/A:N/A,MethodCallExpr,jetbrick.template.parser.SyntaxException,set,C:\Users\tyin363\Documents\repos\subchen__jetbrick-template-2x\jetbrick-template\src\main\java\jetbrick\template\parser\AstCodeVisitor.java,800
CLIENT:client-code:N/A:N/A,ObjectCreationExpr,jetbrick.template.runtime.InterpretException,InterpretException,C:\Users\tyin363\Documents\repos\subchen__jetbrick-template-2x\jetbrick-template\src\main\java\jetbrick\template\parser\ast\AstInvokeNewArray.java,49
CLIENT:client-code:N/A:N/A,FieldAccessExpr,jetbrick.template.parser.ast.Tokens,IDENTICALLY_EQUAL_NOT,C:\Users\tyin363\Documents\repos\subchen__jetbrick-template-2x\jetbrick-template\src\main\java\jetbrick\template\parser\ast\AstOperatorEquals.java,46
CLIENT:client-code:N/A:N/A,NameExpr,jetbrick.template.parser.ast.AstDirectiveInclude,fileExpression,C:\Users\tyin363\Documents\repos\subchen__jetbrick-template-2x\jetbrick-template\src\main\java\jetbrick\template\parser\ast\AstDirectiveInclude.java,69
CLIENT:client-code:N/A:N/A,MethodCallExpr,jetbrick.template.parser.ParserContext,setTrimLeadingWhitespaces,C:\Users\tyin363\Documents\repos\subchen__jetbrick-template-2x\jetbrick-template\src\main\java\jetbrick\template\JetTemplateImpl.java,106
JDK:java.base:N/A:N/A,MethodCallExpr,java.util.Iterator,hasNext,C:\Users\tyin363\Documents\repos\subchen__jetbrick-template-2x\jetbrick-template\src\main\java\jetbrick\template\runtime\JetForIterator.java,81
JDK:java.base:N/A:N/A,ClassOrInterfaceType,java.lang.String,String,C:\Users\tyin363\Documents\repos\subchen__jetbrick-template-2x\jetbrick-template\src\main\java\jetbrick\template\parser\AstCodeVisitor.java,380
CLIENT:client-code:N/A:N/A,ClassOrInterfaceType,jetbrick.template.runtime.InterpretContext,InterpretContext,C:\Users\tyin363\Documents\repos\subchen__jetbrick-template-2x\jetbrick-template\src\main\java\jetbrick\template\parser\ast\AstInvokeIndexGet.java,42
JDK:java.base:N/A:N/A,MethodCallExpr,java.lang.String,length,C:\Users\tyin363\Documents\repos\subchen__jetbrick-template-2x\jetbrick-template\src\main\java\jetbrick\template\runtime\buildin\JetMethods.java,203
JDK:java.base:N/A:N/A,ClassOrInterfaceType,java.lang.String,String,C:\Users\tyin363\Documents\repos\subchen__jetbrick-template-2x\jetbrick-template\src\main\java\jetbrick\template\resolver\GlobalResolver.java,64
JDK:java.base:N/A:N/A,ClassOrInterfaceType,java.util.HashMap,HashMap,C:\Users\tyin363\Documents\repos\subchen__jetbrick-template-2x\jetbrick-template\src\main\java\jetbrick\template\resolver\macro\MacroResolver.java,44
CLIENT:client-code:N/A:N/A,ClassOrInterfaceType,jetbrick.template.parser.ast.AstType,AstType,C:\Users\tyin363\Documents\repos\subchen__jetbrick-template-2x\jetbrick-template\src\main\java\jetbrick\template\parser\AstCodeVisitor.java,239
CLIENT:client-code:N/A:N/A,ObjectCreationExpr,jetbrick.template.parser.ast.AstOperatorBinary,AstOperatorBinary,C:\Users\tyin363\Documents\repos\subchen__jetbrick-template-2x\jetbrick-template\src\main\java\jetbrick\template\parser\AstCodeVisitor.java,575
CLIENT:client-code:N/A:N/A,NameExpr,jetbrick.template.parser.ParserContext,trimDirectiveCommentsSuffix,C:\Users\tyin363\Documents\repos\subchen__jetbrick-template-2x\jetbrick-template\src\main\java\jetbrick\template\parser\ParserContext.java,122
JDK:java.base:N/A:N/A,FieldAccessExpr,java.lang.Boolean,FALSE,C:\Users\tyin363\Documents\repos\subchen__jetbrick-template-2x\jetbrick-template\src\main\java\jetbrick\template\parser\ast\ALU.java,480
CLIENT:client-code:N/A:N/A,NameExpr,jetbrick.template.JetEngineImpl,config,C:\Users\tyin363\Documents\repos\subchen__jetbrick-template-2x\jetbrick-template\src\main\java\jetbrick\template\JetEngineImpl.java,112
JDK:java.base:N/A:N/A,MethodCallExpr,java.lang.Long,valueOf,C:\Users\tyin363\Documents\repos\subchen__jetbrick-template-2x\jetbrick-template\src\main\java\jetbrick\template\parser\ast\ALU.java,104
JDK:java.base:N/A:N/A,ClassOrInterfaceType,java.lang.Object,Object,C:\Users\tyin363\Documents\repos\subchen__jetbrick-template-2x\jetbrick-template\src\main\java\jetbrick\template\parser\ast\ALU.java,140
CLIENT:client-code:N/A:N/A,ClassOrInterfaceType,jetbrick.template.runtime.InterpretContext,InterpretContext,C:\Users\tyin363\Documents\repos\subchen__jetbrick-template-2x\jetbrick-template\src\main\java\jetbrick\template\parser\ast\AstInvokeFieldStatic.java,45
CLIENT:client-code:N/A:N/A,ClassOrInterfaceType,jetbrick.template.parser.ast.AstStatement,AstStatement,C:\Users\tyin363\Documents\repos\subchen__jetbrick-template-2x\jetbrick-template\src\main\java\jetbrick\template\parser\ast\AstStatementList.java,48
CLIENT:client-code:N/A:N/A,ClassOrInterfaceType,jetbrick.template.parser.ast.Position,Position,C:\Users\tyin363\Documents\repos\subchen__jetbrick-template-2x\jetbrick-template\src\main\java\jetbrick\template\parser\AstCodeVisitor.java,533
CLIENT:client-code:N/A:N/A,ClassOrInterfaceType,jetbrick.template.JetTemplate,JetTemplate,C:\Users\tyin363\Documents\repos\subchen__jetbrick-template-2x\jetbrick-template\src\main\java\jetbrick\template\resolver\macro\MacroResolver.java,26
CLIENT:client-code:N/A:N/A,MethodCallExpr,jetbrick.template.resolver.tag.TagInvoker,invoke,C:\Users\tyin363\Documents\repos\subchen__jetbrick-template-2x\jetbrick-template\src\main\java\jetbrick\template\parser\ast\AstDirectiveTag.java,70
JDK:java.base:N/A:N/A,ClassOrInterfaceType,java.util.Map,Map,C:\Users\tyin363\Documents\repos\subchen__jetbrick-template-2x\jetbrick-template\src\main\java\jetbrick\template\parser\ast\AstDirectiveMacro.java,32
CLIENT:client-code:N/A:N/A,FieldAccessExpr,jetbrick.template.parser.Symbols,OPTION_STRICT,C:\Users\tyin363\Documents\repos\subchen__jetbrick-template-2x\jetbrick-template\src\main\java\jetbrick\template\parser\AstCodeVisitor.java,179
CLIENT:client-code:N/A:N/A,NameExpr,jetbrick.template.parser.AstCodeVisitor,parseCtx,C:\Users\tyin363\Documents\repos\subchen__jetbrick-template-2x\jetbrick-template\src\main\java\jetbrick\template\parser\AstCodeVisitor.java,435
JDK:java.base:N/A:N/A,ClassOrInterfaceType,java.lang.String,String,C:\Users\tyin363\Documents\repos\subchen__jetbrick-template-2x\jetbrick-template\src\main\java\jetbrick\template\JetConfig.java,43
JDK:java.base:N/A:N/A,ClassOrInterfaceType,java.lang.Class,Class,C:\Users\tyin363\Documents\repos\subchen__jetbrick-template-2x\jetbrick-template\src\main\java\jetbrick\template\parser\ast\ALU.java,275
CLIENT:client-code:N/A:N/A,MethodCallExpr,jetbrick.template.runtime.InterpretContext,getWriter,C:\Users\tyin363\Documents\repos\subchen__jetbrick-template-2x\jetbrick-template\src\main\java\jetbrick\template\runtime\JetTagContext.java,75
CLIENT:client-code:N/A:N/A,ClassOrInterfaceType,jetbrick.template.runtime.ValueContext,ValueContext,C:\Users\tyin363\Documents\repos\subchen__jetbrick-template-2x\jetbrick-template\src\main\java\jetbrick\template\runtime\ValueStack.java,64
JDK:java.base:N/A:N/A,FieldAccessExpr,java.lang.Boolean,TRUE,C:\Users\tyin363\Documents\repos\subchen__jetbrick-template-2x\jetbrick-template\src\main\java\jetbrick\template\parser\ast\AstOperatorEquals.java,56
CLIENT:client-code:N/A:N/A,ClassOrInterfaceType,jetbrick.template.JetTemplateMacro,JetTemplateMacro,C:\Users\tyin363\Documents\repos\subchen__jetbrick-template-2x\jetbrick-template\src\main\java\jetbrick\template\resolver\macro\MacroResolver.java,44
CLIENT:client-code:N/A:N/A,ClassOrInterfaceType,jetbrick.template.resolver.property.ArrayLengthGetter,ArrayLengthGetter,C:\Users\tyin363\Documents\repos\subchen__jetbrick-template-2x\jetbrick-template\src\main\java\jetbrick\template\resolver\property\ArrayLengthGetter.java,29
CLIENT:client-code:N/A:N/A,MethodCallExpr,jetbrick.template.JetGlobalContext,define,C:\Users\tyin363\Documents\repos\subchen__jetbrick-template-2x\jetbrick-template\src\main\java\jetbrick\template\JetGlobalContext.java,45
JDK:java.base:N/A:N/A,ClassOrInterfaceType,java.lang.String,String,C:\Users\tyin363\Documents\repos\subchen__jetbrick-template-2x\jetbrick-template\src\main\java\jetbrick\template\parser\ast\AstStatementList.java,123
CLIENT:client-code:N/A:N/A,NameExpr,jetbrick.template.parser.AstCodeVisitor,parseCtx,C:\Users\tyin363\Documents\repos\subchen__jetbrick-template-2x\jetbrick-template\src\main\java\jetbrick\template\parser\AstCodeVisitor.java,171
CLIENT:client-code:N/A:N/A,ObjectCreationExpr,jetbrick.template.parser.ast.AstText.Jdk6CharArrayEncoder,Jdk6CharArrayEncoder,C:\Users\tyin363\Documents\repos\subchen__jetbrick-template-2x\jetbrick-template\src\main\java\jetbrick\template\parser\ast\AstText.java,219
JDK:java.base:N/A:N/A,ClassOrInterfaceType,java.lang.Class,Class,C:\Users\tyin363\Documents\repos\subchen__jetbrick-template-2x\jetbrick-template\src\main\java\jetbrick\template\parser\ast\AstInvokeFieldStatic.java,36
JDK:java.base:N/A:N/A,ClassOrInterfaceType,java.lang.Object,Object,C:\Users\tyin363\Documents\repos\subchen__jetbrick-template-2x\jetbrick-template\src\main\java\jetbrick\template\parser\ast\AstOperatorUnary.java,57
CLIENT:client-code:N/A:N/A,NameExpr,jetbrick.template.JetTemplateOption,strict,C:\Users\tyin363\Documents\repos\subchen__jetbrick-template-2x\jetbrick-template\src\main\java\jetbrick\template\JetTemplateOption.java,42
JDK:java.base:N/A:N/A,ClassOrInterfaceType,java.lang.String,String,C:\Users\tyin363\Documents\repos\subchen__jetbrick-template-2x\jetbrick-template\src\main\java\jetbrick\template\parser\AstCodeVisitor.java,379
JDK:java.base:N/A:N/A,ClassOrInterfaceType,java.lang.Object,Object,C:\Users\tyin363\Documents\repos\subchen__jetbrick-template-2x\jetbrick-template\src\main\java\jetbrick\template\parser\ast\ALU.java,403
com.github.subchen:jetbrick-commons:jar:2.1.9,MethodCallExpr,jetbrick.bean.MethodInfo,isVarArgs,C:\Users\tyin363\Documents\repos\subchen__jetbrick-template-2x\jetbrick-template\src\main\java\jetbrick\template\resolver\method\ExtensionMethodInvoker.java,38
JDK:java.base:N/A:N/A,MethodCallExpr,java.lang.StringBuffer,toString,C:\Users\tyin363\Documents\repos\subchen__jetbrick-template-2x\jetbrick-template\src\main\java\jetbrick\template\resolver\tag\TagInvokerResolver.java,85
CLIENT:client-code:N/A:N/A,MethodCallExpr,jetbrick.template.JetEngine,getConfig,C:\Users\tyin363\Documents\repos\subchen__jetbrick-template-2x\jetbrick-template\src\main\java\jetbrick\template\runtime\buildin\JetFunctions.java,90
JDK:java.base:N/A:N/A,MethodCallExpr,java.util.List,add,C:\Users\tyin363\Documents\repos\subchen__jetbrick-template-2x\jetbrick-template\src\main\java\jetbrick\template\resolver\clazz\ClassResolver.java,128
JDK:java.base:N/A:N/A,ClassOrInterfaceType,java.lang.Object,Object,C:\Users\tyin363\Documents\repos\subchen__jetbrick-template-2x\jetbrick-template\src\main\java\jetbrick\template\Errors.java,126
CLIENT:client-code:N/A:N/A,NameExpr,jetbrick.template.JetTemplateMacro,astNode,C:\Users\tyin363\Documents\repos\subchen__jetbrick-template-2x\jetbrick-template\src\main\java\jetbrick\template\JetTemplateMacro.java,53
com.github.subchen:jetbrick-commons:jar:2.1.9,MethodCallExpr,jetbrick.bean.FieldInfo,get,C:\Users\tyin363\Documents\repos\subchen__jetbrick-template-2x\jetbrick-template\src\main\java\jetbrick\template\parser\ast\AstText.java,299
CLIENT:client-code:N/A:N/A,ClassOrInterfaceType,jetbrick.template.parser.ast.Position,Position,C:\Users\tyin363\Documents\repos\subchen__jetbrick-template-2x\jetbrick-template\src\main\java\jetbrick\template\parser\ast\AstInvokeIndexGet.java,34
CLIENT:client-code:N/A:N/A,NameExpr,jetbrick.template.runtime.JetForIterator,index,C:\Users\tyin363\Documents\repos\subchen__jetbrick-template-2x\jetbrick-template\src\main\java\jetbrick\template\runtime\JetForIterator.java,95
JDK:java.base:N/A:N/A,ClassOrInterfaceType,java.lang.Short,Short,C:\Users\tyin363\Documents\repos\subchen__jetbrick-template-2x\jetbrick-template\src\main\java\jetbrick\template\parser\ast\ALU.java,206
JDK:java.base:N/A:N/A,ClassOrInterfaceType,java.lang.Integer,Integer,C:\Users\tyin363\Documents\repos\subchen__jetbrick-template-2x\jetbrick-template\src\main\java\jetbrick\template\parser\ast\ALU.java,355
org.slf4j:slf4j-api:jar:1.7.7,MethodCallExpr,org.slf4j.Logger,info,C:\Users\tyin363\Documents\repos\subchen__jetbrick-template-2x\jetbrick-template\src\main\java\jetbrick\template\resolver\tag\TagInvokerResolver.java,61
CLIENT:client-code:N/A:N/A,NameExpr,jetbrick.template.JetConfig,trimDirectiveWhitespaces,C:\Users\tyin363\Documents\repos\subchen__jetbrick-template-2x\jetbrick-template\src\main\java\jetbrick\template\JetConfig.java,192
JDK:java.base:N/A:N/A,MethodCallExpr,java.security.MessageDigest,reset,C:\Users\tyin363\Documents\repos\subchen__jetbrick-template-2x\jetbrick-template\src\main\java\jetbrick\template\runtime\buildin\JetMethods.java,244
CLIENT:client-code:N/A:N/A,FieldAccessExpr,jetbrick.template.parser.ast.Tokens,IDENTICALLY_EQUAL,C:\Users\tyin363\Documents\repos\subchen__jetbrick-template-2x\jetbrick-template\src\main\java\jetbrick\template\parser\ast\AstOperatorEquals.java,43
CLIENT:client-code:N/A:N/A,NameExpr,jetbrick.template.resolver.macro.MacroResolver,loadedTemplates,C:\Users\tyin363\Documents\repos\subchen__jetbrick-template-2x\jetbrick-template\src\main\java\jetbrick\template\resolver\macro\MacroResolver.java,36
com.github.subchen:jetbrick-commons:jar:2.1.9,ClassOrInterfaceType,jetbrick.collection.iterator.LoopIterator,LoopIterator,C:\Users\tyin363\Documents\repos\subchen__jetbrick-template-2x\jetbrick-template\src\main\java\jetbrick\template\runtime\buildin\JetFunctions.java,60
CLIENT:client-code:N/A:N/A,MethodCallExpr,jetbrick.template.resolver.macro.MacroResolver,resolve,C:\Users\tyin363\Documents\repos\subchen__jetbrick-template-2x\jetbrick-template\src\main\java\jetbrick\template\JetTemplateImpl.java,179
JDK:java.base:N/A:N/A,ClassOrInterfaceType,java.lang.Iterable,Iterable,C:\Users\tyin363\Documents\repos\subchen__jetbrick-template-2x\jetbrick-template\src\main\java\jetbrick\template\parser\ast\ALU.java,532
JDK:java.base:N/A:N/A,ClassOrInterfaceType,java.lang.Number,Number,C:\Users\tyin363\Documents\repos\subchen__jetbrick-template-2x\jetbrick-template\src\main\java\jetbrick\template\parser\ast\ALU.java,167
CLIENT:client-code:N/A:N/A,ClassOrInterfaceType,jetbrick.template.parser.ast.AstExpressionList,AstExpressionList,C:\Users\tyin363\Documents\repos\subchen__jetbrick-template-2x\jetbrick-template\src\main\java\jetbrick\template\parser\ast\AstInvokeFunction.java,33
JDK:java.base:N/A:N/A,MethodCallExpr,java.lang.Double,valueOf,C:\Users\tyin363\Documents\repos\subchen__jetbrick-template-2x\jetbrick-template\src\main\java\jetbrick\template\parser\AstCodeVisitor.java,767
JDK:java.base:N/A:N/A,MethodCallExpr,java.lang.Integer,valueOf,C:\Users\tyin363\Documents\repos\subchen__jetbrick-template-2x\jetbrick-template\src\main\java\jetbrick\template\parser\ast\ALU.java,227
CLIENT:client-code:N/A:N/A,NameExpr,jetbrick.template.runtime.InterpretContextImpl,signal,C:\Users\tyin363\Documents\repos\subchen__jetbrick-template-2x\jetbrick-template\src\main\java\jetbrick\template\runtime\InterpretContextImpl.java,106
CLIENT:client-code:N/A:N/A,MethodCallExpr,jetbrick.template.parser.ast.ALU,ge,C:\Users\tyin363\Documents\repos\subchen__jetbrick-template-2x\jetbrick-template\src\main\java\jetbrick\template\parser\ast\AstOperatorBinary.java,118
CLIENT:client-code:N/A:N/A,ClassOrInterfaceType,jetbrick.template.JetTemplate,JetTemplate,C:\Users\tyin363\Documents\repos\subchen__jetbrick-template-2x\jetbrick-template\src\main\java\jetbrick\template\resolver\macro\MacroResolver.java,37
JDK:java.base:N/A:N/A,ClassOrInterfaceType,java.lang.String,String,C:\Users\tyin363\Documents\repos\subchen__jetbrick-template-2x\jetbrick-template\src\main\java\jetbrick\template\JetConfig.java,59
CLIENT:client-code:N/A:N/A,MethodCallExpr,jetbrick.template.JetConfig,getImportClasses,C:\Users\tyin363\Documents\repos\subchen__jetbrick-template-2x\jetbrick-template\src\main\java\jetbrick\template\JetEngineImpl.java,168
JDK:java.base:N/A:N/A,FieldAccessExpr,java.lang.Boolean,FALSE,C:\Users\tyin363\Documents\repos\subchen__jetbrick-template-2x\jetbrick-template\src\main\java\jetbrick\template\parser\ast\ALU.java,449
org.antlr:antlr4-runtime:jar:4.10.1,ClassOrInterfaceType,org.antlr.v4.runtime.ParserRuleContext,ParserRuleContext,C:\Users\tyin363\Documents\repos\subchen__jetbrick-template-2x\jetbrick-template\src\main\java\jetbrick\template\parser\AstCodeVisitor.java,867
JDK:java.base:N/A:N/A,MethodCallExpr,java.lang.String,equals,C:\Users\tyin363\Documents\repos\subchen__jetbrick-template-2x\jetbrick-template\src\main\java\jetbrick\template\parser\ParserContext.java,238
CLIENT:client-code:N/A:N/A,NameExpr,jetbrick.template.parser.AstCodeVisitor,parseCtx,C:\Users\tyin363\Documents\repos\subchen__jetbrick-template-2x\jetbrick-template\src\main\java\jetbrick\template\parser\AstCodeVisitor.java,181
com.github.subchen:jetbrick-commons:jar:2.1.9,ClassOrInterfaceType,jetbrick.io.resource.ResourceNotFoundException,ResourceNotFoundException,C:\Users\tyin363\Documents\repos\subchen__jetbrick-template-2x\jetbrick-template\src\main\java\jetbrick\template\JetTemplateImpl.java,75
org.antlr:antlr4-runtime:jar:4.10.1,MethodCallExpr,org.antlr.v4.runtime.tree.TerminalNode,getSymbol,C:\Users\tyin363\Documents\repos\subchen__jetbrick-template-2x\jetbrick-template\src\main\java\jetbrick\template\parser\AstCodeVisitor.java,408
CLIENT:client-code:N/A:N/A,ClassOrInterfaceType,jetbrick.template.JetAnnotations.Functions,Functions,C:\Users\tyin363\Documents\repos\subchen__jetbrick-template-2x\jetbrick-template\src\main\java\jetbrick\template\resolver\GlobalResolver.java,69
CLIENT:client-code:N/A:N/A,ClassOrInterfaceType,jetbrick.template.parser.ast.AstStatementList,AstStatementList,C:\Users\tyin363\Documents\repos\subchen__jetbrick-template-2x\jetbrick-template\src\main\java\jetbrick\template\parser\ast\AstTemplate.java,31
JDK:java.base:N/A:N/A,ClassOrInterfaceType,java.lang.String,String,C:\Users\tyin363\Documents\repos\subchen__jetbrick-template-2x\jetbrick-template\src\main\java\jetbrick\template\runtime\ValueStack.java,123
JDK:java.base:N/A:N/A,MethodCallExpr,java.lang.Number,intValue,C:\Users\tyin363\Documents\repos\subchen__jetbrick-template-2x\jetbrick-template\src\main\java\jetbrick\template\parser\ast\AstInvokeIndexGet.java,74
CLIENT:client-code:N/A:N/A,ClassOrInterfaceType,jetbrick.template.parser.ast.AstExpression,AstExpression,C:\Users\tyin363\Documents\repos\subchen__jetbrick-template-2x\jetbrick-template\src\main\java\jetbrick\template\parser\AstCodeVisitor.java,693
JDK:java.base:N/A:N/A,MethodCallExpr,java.lang.Double,valueOf,C:\Users\tyin363\Documents\repos\subchen__jetbrick-template-2x\jetbrick-template\src\main\java\jetbrick\template\parser\ast\ALU.java,156
CLIENT:client-code:N/A:N/A,NameExpr,jetbrick.template.resolver.macro.MacroResolver,loadedTemplates,C:\Users\tyin363\Documents\repos\subchen__jetbrick-template-2x\jetbrick-template\src\main\java\jetbrick\template\resolver\macro\MacroResolver.java,37
JDK:java.base:N/A:N/A,MethodCallExpr,java.lang.String,length,C:\Users\tyin363\Documents\repos\subchen__jetbrick-template-2x\jetbrick-template\src\main\java\jetbrick\template\runtime\buildin\JetMethods.java,215
CLIENT:client-code:N/A:N/A,NameExpr,jetbrick.template.runtime.JetForIterator,index,C:\Users\tyin363\Documents\repos\subchen__jetbrick-template-2x\jetbrick-template\src\main\java\jetbrick\template\runtime\JetForIterator.java,109
CLIENT:client-code:N/A:N/A,NameExpr,jetbrick.template.parser.ast.AstStatementList.ListIterator,index,C:\Users\tyin363\Documents\repos\subchen__jetbrick-template-2x\jetbrick-template\src\main\java\jetbrick\template\parser\ast\AstStatementList.java,268
CLIENT:client-code:N/A:N/A,ClassOrInterfaceType,jetbrick.template.parser.ast.AstText.TextEncoder,TextEncoder,C:\Users\tyin363\Documents\repos\subchen__jetbrick-template-2x\jetbrick-template\src\main\java\jetbrick\template\parser\ast\AstText.java,245
CLIENT:client-code:N/A:N/A,ClassOrInterfaceType,jetbrick.template.parser.ast.AstType,AstType,C:\Users\tyin363\Documents\repos\subchen__jetbrick-template-2x\jetbrick-template\src\main\java\jetbrick\template\parser\AstCodeVisitor.java,797
JDK:java.base:N/A:N/A,ObjectCreationExpr,java.lang.IllegalArgumentException,IllegalArgumentException,C:\Users\tyin363\Documents\repos\subchen__jetbrick-template-2x\jetbrick-template\src\main\java\jetbrick\template\runtime\buildin\JetMethods.java,233
JDK:java.base:N/A:N/A,ClassOrInterfaceType,java.lang.Number,Number,C:\Users\tyin363\Documents\repos\subchen__jetbrick-template-2x\jetbrick-template\src\main\java\jetbrick\template\parser\ast\ALU.java,166
JDK:java.base:N/A:N/A,ClassOrInterfaceType,java.lang.Number,Number,C:\Users\tyin363\Documents\repos\subchen__jetbrick-template-2x\jetbrick-template\src\main\java\jetbrick\template\parser\ast\AstInvokeNewArray.java,65
JDK:java.base:N/A:N/A,MethodCallExpr,java.lang.StringBuffer,append,C:\Users\tyin363\Documents\repos\subchen__jetbrick-template-2x\jetbrick-template\src\main\java\jetbrick\template\resolver\function\FunctionInvokerResolver.java,72
CLIENT:client-code:N/A:N/A,NameExpr,jetbrick.template.JetConfig,TEMPLATE_LOADERS,C:\Users\tyin363\Documents\repos\subchen__jetbrick-template-2x\jetbrick-template\src\main\java\jetbrick\template\JetConfig.java,112
JDK:java.base:N/A:N/A,ClassOrInterfaceType,java.lang.String,String,C:\Users\tyin363\Documents\repos\subchen__jetbrick-template-2x\jetbrick-template\src\main\java\jetbrick\template\JetTemplateImpl.java,96
JDK:java.base:N/A:N/A,ClassOrInterfaceType,java.lang.Object,Object,C:\Users\tyin363\Documents\repos\subchen__jetbrick-template-2x\jetbrick-template\src\main\java\jetbrick\template\parser\ast\AstInvokeMethodStatic.java,87
CLIENT:client-code:N/A:N/A,ClassOrInterfaceType,jetbrick.template.parser.ast.AstText,AstText,C:\Users\tyin363\Documents\repos\subchen__jetbrick-template-2x\jetbrick-template\src\main\java\jetbrick\template\parser\ast\AstStatementList.java,138
CLIENT:client-code:N/A:N/A,FieldAccessExpr,jetbrick.template.parser.ast.AstInvokeMethod,unsafe,C:\Users\tyin363\Documents\repos\subchen__jetbrick-template-2x\jetbrick-template\src\main\java\jetbrick\template\parser\ast\AstInvokeMethod.java,46
CLIENT:client-code:N/A:N/A,NameExpr,jetbrick.template.parser.ast.AstInvokeMethod,argumentList,C:\Users\tyin363\Documents\repos\subchen__jetbrick-template-2x\jetbrick-template\src\main\java\jetbrick\template\parser\ast\AstInvokeMethod.java,62
JDK:java.base:N/A:N/A,MethodCallExpr,java.lang.Class,isAssignableFrom,C:\Users\tyin363\Documents\repos\subchen__jetbrick-template-2x\jetbrick-template\src\main\java\jetbrick\template\parser\ast\ALU.java,296
CLIENT:client-code:N/A:N/A,MethodCallExpr,jetbrick.template.parser.ast.AstExpression,execute,C:\Users\tyin363\Documents\repos\subchen__jetbrick-template-2x\jetbrick-template\src\main\java\jetbrick\template\parser\ast\AstOperatorUnary.java,51
JDK:java.base:N/A:N/A,ClassOrInterfaceType,java.lang.String,String,C:\Users\tyin363\Documents\repos\subchen__jetbrick-template-2x\jetbrick-template\src\main\java\jetbrick\template\JetConfig.java,58
CLIENT:client-code:N/A:N/A,NameExpr,jetbrick.template.JetTemplateImpl,option,C:\Users\tyin363\Documents\repos\subchen__jetbrick-template-2x\jetbrick-template\src\main\java\jetbrick\template\JetTemplateImpl.java,158
JDK:java.base:N/A:N/A,ClassOrInterfaceType,java.lang.IllegalStateException,IllegalStateException,C:\Users\tyin363\Documents\repos\subchen__jetbrick-template-2x\jetbrick-template\src\main\java\jetbrick\template\parser\AstCodeVisitor.java,224
CLIENT:client-code:N/A:N/A,NameExpr,jetbrick.template.JetConfig,importFunctions,C:\Users\tyin363\Documents\repos\subchen__jetbrick-template-2x\jetbrick-template\src\main\java\jetbrick\template\JetConfig.java,106
CLIENT:client-code:N/A:N/A,FieldAccessExpr,jetbrick.template.runtime.writer.TrimLeadingWhitespacesWriter,out,C:\Users\tyin363\Documents\repos\subchen__jetbrick-template-2x\jetbrick-template\src\main\java\jetbrick\template\runtime\writer\TrimLeadingWhitespacesWriter.java,31
CLIENT:client-code:N/A:N/A,ObjectCreationExpr,jetbrick.template.runtime.InterpretException,InterpretException,C:\Users\tyin363\Documents\repos\subchen__jetbrick-template-2x\jetbrick-template\src\main\java\jetbrick\template\parser\ast\AstDirectiveTag.java,63
com.github.subchen:jetbrick-commons:jar:2.1.9,MethodCallExpr,jetbrick.util.ExceptionUtils,unchecked,C:\Users\tyin363\Documents\repos\subchen__jetbrick-template-2x\jetbrick-template\src\main\java\jetbrick\template\parser\ast\AstValueEscaped.java,43
CLIENT:client-code:N/A:N/A,ObjectCreationExpr,jetbrick.template.parser.AstBuilder.AstErrorStrategy,AstErrorStrategy,C:\Users\tyin363\Documents\repos\subchen__jetbrick-template-2x\jetbrick-template\src\main\java\jetbrick\template\parser\AstBuilder.java,45
CLIENT:client-code:N/A:N/A,MethodCallExpr,jetbrick.template.JetConfig,getTemplateLoaders,C:\Users\tyin363\Documents\repos\subchen__jetbrick-template-2x\jetbrick-template\src\main\java\jetbrick\template\JetEngineImpl.java,53
CLIENT:client-code:N/A:N/A,MethodCallExpr,jetbrick.template.resolver.GlobalResolver,resolveFunction,C:\Users\tyin363\Documents\repos\subchen__jetbrick-template-2x\jetbrick-template\src\main\java\jetbrick\template\parser\ast\AstInvokeFunction.java,62
CLIENT:client-code:N/A:N/A,FieldAccessExpr,jetbrick.template.parser.ast.Tokens,AND,C:\Users\tyin363\Documents\repos\subchen__jetbrick-template-2x\jetbrick-template\src\main\java\jetbrick\template\parser\ast\AstOperatorEquals.java,55
CLIENT:client-code:N/A:N/A,NameExpr,jetbrick.template.parser.ParserContext,currentSymbols,C:\Users\tyin363\Documents\repos\subchen__jetbrick-template-2x\jetbrick-template\src\main\java\jetbrick\template\parser\ParserContext.java,210
JDK:java.base:N/A:N/A,ClassOrInterfaceType,java.lang.Object,Object,C:\Users\tyin363\Documents\repos\subchen__jetbrick-template-2x\jetbrick-template\src\main\java\jetbrick\template\runtime\writer\JetOutputStreamPrinter.java,39
CLIENT:client-code:N/A:N/A,FieldAccessExpr,jetbrick.template.parser.ast.Tokens,LT,C:\Users\tyin363\Documents\repos\subchen__jetbrick-template-2x\jetbrick-template\src\main\java\jetbrick\template\parser\ast\AstOperatorBinary.java,108
JDK:java.base:N/A:N/A,ClassOrInterfaceType,java.lang.String,String,C:\Users\tyin363\Documents\repos\subchen__jetbrick-template-2x\jetbrick-template\src\main\java\jetbrick\template\runtime\buildin\JetMethods.java,189
JDK:java.base:N/A:N/A,MethodCallExpr,java.lang.reflect.Modifier,isStatic,C:\Users\tyin363\Documents\repos\subchen__jetbrick-template-2x\jetbrick-template\src\main\java\jetbrick\template\JetSecurityManagerImpl.java,147
CLIENT:client-code:N/A:N/A,ClassOrInterfaceType,jetbrick.template.parser.ast.AstExpression,AstExpression,C:\Users\tyin363\Documents\repos\subchen__jetbrick-template-2x\jetbrick-template\src\main\java\jetbrick\template\parser\AstCodeVisitor.java,694
org.antlr:antlr4-runtime:jar:4.10.1,MethodCallExpr,org.antlr.v4.runtime.Token,getCharPositionInLine,C:\Users\tyin363\Documents\repos\subchen__jetbrick-template-2x\jetbrick-template\src\main\java\jetbrick\template\parser\AstCodeVisitor.java,886
JDK:java.base:N/A:N/A,ClassOrInterfaceType,java.lang.Object,Object,C:\Users\tyin363\Documents\repos\subchen__jetbrick-template-2x\jetbrick-template\src\main\java\jetbrick\template\runtime\buildin\JetMethods.java,41
JDK:java.base:N/A:N/A,ClassOrInterfaceType,java.util.Date,Date,C:\Users\tyin363\Documents\repos\subchen__jetbrick-template-2x\jetbrick-template\src\main\java\jetbrick\template\runtime\buildin\JetMethods.java,148
JDK:java.base:N/A:N/A,MethodCallExpr,java.util.List,add,C:\Users\tyin363\Documents\repos\subchen__jetbrick-template-2x\jetbrick-template\src\main\java\jetbrick\template\resolver\clazz\ClassResolver.java,133
JDK:java.base:N/A:N/A,MethodCallExpr,java.io.Writer,write,C:\Users\tyin363\Documents\repos\subchen__jetbrick-template-2x\jetbrick-template\src\main\java\jetbrick\template\runtime\writer\TrimLeadingWhitespacesWriter.java,48
JDK:java.base:N/A:N/A,ClassOrInterfaceType,java.lang.String,String,C:\Users\tyin363\Documents\repos\subchen__jetbrick-template-2x\jetbrick-template\src\main\java\jetbrick\template\JetEngineImpl.java,187
JDK:java.base:N/A:N/A,ClassOrInterfaceType,java.security.AccessControlException,AccessControlException,C:\Users\tyin363\Documents\repos\subchen__jetbrick-template-2x\jetbrick-template\src\main\java\jetbrick\template\JetSecurityManagerImpl.java,145
JDK:java.base:N/A:N/A,MethodCallExpr,java.lang.Long,valueOf,C:\Users\tyin363\Documents\repos\subchen__jetbrick-template-2x\jetbrick-template\src\main\java\jetbrick\template\parser\ast\ALU.java,356
CLIENT:client-code:N/A:N/A,NameExpr,jetbrick.template.parser.ast.AstInvokeMethod,argumentList,C:\Users\tyin363\Documents\repos\subchen__jetbrick-template-2x\jetbrick-template\src\main\java\jetbrick\template\parser\ast\AstInvokeMethod.java,65
JDK:java.base:N/A:N/A,ClassOrInterfaceType,java.lang.String,String,C:\Users\tyin363\Documents\repos\subchen__jetbrick-template-2x\jetbrick-template\src\main\java\jetbrick\template\loader\ResourceLoader.java,32
JDK:java.base:N/A:N/A,MethodCallExpr,java.io.Writer,write,C:\Users\tyin363\Documents\repos\subchen__jetbrick-template-2x\jetbrick-template\src\main\java\jetbrick\template\runtime\writer\JetWriterPrinter.java,77
JDK:java.base:N/A:N/A,MethodCallExpr,java.lang.String,trim,C:\Users\tyin363\Documents\repos\subchen__jetbrick-template-2x\jetbrick-template\src\main\java\jetbrick\template\JetSecurityManagerImpl.java,76
JDK:java.base:N/A:N/A,MethodCallExpr,java.io.Writer,write,C:\Users\tyin363\Documents\repos\subchen__jetbrick-template-2x\jetbrick-template\src\main\java\jetbrick\template\runtime\writer\JetWriterPrinterEx.java,78
CLIENT:client-code:N/A:N/A,MethodCallExpr,jetbrick.template.parser.ast.AstStatementList.ListIterator,peek,C:\Users\tyin363\Documents\repos\subchen__jetbrick-template-2x\jetbrick-template\src\main\java\jetbrick\template\parser\ast\AstStatementList.java,167
org.antlr:antlr4-runtime:jar:4.10.1,ClassOrInterfaceType,org.antlr.v4.runtime.Token,Token,C:\Users\tyin363\Documents\repos\subchen__jetbrick-template-2x\jetbrick-template\src\main\java\jetbrick\template\parser\AstCodeVisitor.java,882
CLIENT:client-code:N/A:N/A,MethodCallExpr,jetbrick.template.runtime.TemplateStack,current,C:\Users\tyin363\Documents\repos\subchen__jetbrick-template-2x\jetbrick-template\src\main\java\jetbrick\template\runtime\InterpretContextImpl.java,155
JDK:java.base:N/A:N/A,ClassOrInterfaceType,java.lang.IllegalStateException,IllegalStateException,C:\Users\tyin363\Documents\repos\subchen__jetbrick-template-2x\jetbrick-template\src\main\java\jetbrick\template\parser\ast\ALU.java,140
JDK:java.base:N/A:N/A,ClassOrInterfaceType,java.io.IOException,IOException,C:\Users\tyin363\Documents\repos\subchen__jetbrick-template-2x\jetbrick-template\src\main\java\jetbrick\template\parser\ast\AstText.java,229
JDK:java.base:N/A:N/A,ClassOrInterfaceType,java.util.List,List,C:\Users\tyin363\Documents\repos\subchen__jetbrick-template-2x\jetbrick-template\src\main\java\jetbrick\template\resolver\method\MethodInvokerResolver.java,134
CLIENT:client-code:N/A:N/A,NameExpr,jetbrick.template.resolver.tag.TagInvokerResolver,cache,C:\Users\tyin363\Documents\repos\subchen__jetbrick-template-2x\jetbrick-template\src\main\java\jetbrick\template\resolver\tag\TagInvokerResolver.java,101
JDK:java.base:N/A:N/A,ClassOrInterfaceType,java.nio.charset.Charset,Charset,C:\Users\tyin363\Documents\repos\subchen__jetbrick-template-2x\jetbrick-template\src\main\java\jetbrick\template\JetConfig.java,175
CLIENT:client-code:N/A:N/A,FieldAccessExpr,jetbrick.template.Errors,PROPERTY_GET_ERROR,C:\Users\tyin363\Documents\repos\subchen__jetbrick-template-2x\jetbrick-template\src\main\java\jetbrick\template\parser\ast\AstInvokeField.java,97
JDK:java.base:N/A:N/A,ClassOrInterfaceType,java.lang.Class,Class,C:\Users\tyin363\Documents\repos\subchen__jetbrick-template-2x\jetbrick-template\src\main\java\jetbrick\template\parser\ast\AstInvokeFieldStatic.java,31
JDK:java.base:N/A:N/A,MethodCallExpr,java.lang.String,length,C:\Users\tyin363\Documents\repos\subchen__jetbrick-template-2x\jetbrick-template\src\main\java\jetbrick\template\resolver\clazz\ClassResolver.java,56
CLIENT:client-code:N/A:N/A,NameExpr,jetbrick.template.resolver.macro.MacroResolver,loadedTemplates,C:\Users\tyin363\Documents\repos\subchen__jetbrick-template-2x\jetbrick-template\src\main\java\jetbrick\template\resolver\macro\MacroResolver.java,39
CLIENT:client-code:N/A:N/A,NameExpr,jetbrick.template.Errors,JETX_ERROR_SOURCE_DISABLED,C:\Users\tyin363\Documents\repos\subchen__jetbrick-template-2x\jetbrick-template\src\main\java\jetbrick\template\Errors.java,139
JDK:java.base:N/A:N/A,ClassOrInterfaceType,java.lang.Number,Number,C:\Users\tyin363\Documents\repos\subchen__jetbrick-template-2x\jetbrick-template\src\main\java\jetbrick\template\parser\ast\ALU.java,168
CLIENT:client-code:N/A:N/A,FieldAccessExpr,jetbrick.template.parser.AstBuilder.AstErrorListener,instance,C:\Users\tyin363\Documents\repos\subchen__jetbrick-template-2x\jetbrick-template\src\main\java\jetbrick\template\parser\AstBuilder.java,40
CLIENT:client-code:N/A:N/A,MethodCallExpr,jetbrick.template.JetEngine,getGlobalResolver,C:\Users\tyin363\Documents\repos\subchen__jetbrick-template-2x\jetbrick-template\src\main\java\jetbrick\template\runtime\InterpretContextImpl.java,42
JDK:java.base:N/A:N/A,ObjectCreationExpr,java.lang.UnsupportedOperationException,UnsupportedOperationException,C:\Users\tyin363\Documents\repos\subchen__jetbrick-template-2x\jetbrick-template\src\main\java\jetbrick\template\parser\ast\AstOperatorBinary.java,121
CLIENT:client-code:N/A:N/A,ClassOrInterfaceType,jetbrick.template.runtime.InterpretException,InterpretException,C:\Users\tyin363\Documents\repos\subchen__jetbrick-template-2x\jetbrick-template\src\main\java\jetbrick\template\parser\ast\AstInvokeFunction.java,78
CLIENT:client-code:N/A:N/A,MethodCallExpr,jetbrick.template.parser.ast.AstStatementList.ListIterator,peek,C:\Users\tyin363\Documents\repos\subchen__jetbrick-template-2x\jetbrick-template\src\main\java\jetbrick\template\parser\ast\AstStatementList.java,168
JDK:java.base:N/A:N/A,MethodCallExpr,java.lang.String,equals,C:\Users\tyin363\Documents\repos\subchen__jetbrick-template-2x\jetbrick-template\src\main\java\jetbrick\template\parser\AstCodeVisitor.java,179
CLIENT:client-code:N/A:N/A,NameExpr,jetbrick.template.JetTemplateMacro,astNode,C:\Users\tyin363\Documents\repos\subchen__jetbrick-template-2x\jetbrick-template\src\main\java\jetbrick\template\JetTemplateMacro.java,49
CLIENT:client-code:N/A:N/A,MethodCallExpr,jetbrick.template.parser.AstCodeVisitor,resolveClass,C:\Users\tyin363\Documents\repos\subchen__jetbrick-template-2x\jetbrick-template\src\main\java\jetbrick\template\parser\AstCodeVisitor.java,669
CLIENT:client-code:N/A:N/A,NameExpr,jetbrick.template.JetTemplateMacro,astNode,C:\Users\tyin363\Documents\repos\subchen__jetbrick-template-2x\jetbrick-template\src\main\java\jetbrick\template\JetTemplateMacro.java,45
CLIENT:client-code:N/A:N/A,ObjectCreationExpr,jetbrick.template.parser.ast.Position,Position,C:\Users\tyin363\Documents\repos\subchen__jetbrick-template-2x\jetbrick-template\src\main\java\jetbrick\template\parser\AstCodeVisitor.java,906
CLIENT:client-code:N/A:N/A,ClassOrInterfaceType,jetbrick.template.JetTemplate,JetTemplate,C:\Users\tyin363\Documents\repos\subchen__jetbrick-template-2x\jetbrick-template\src\main\java\jetbrick\template\JetEngine.java,123
JDK:java.base:N/A:N/A,ClassOrInterfaceType,java.lang.IllegalStateException,IllegalStateException,C:\Users\tyin363\Documents\repos\subchen__jetbrick-template-2x\jetbrick-template\src\main\java\jetbrick\template\parser\ast\ALU.java,403
CLIENT:client-code:N/A:N/A,ClassOrInterfaceType,jetbrick.template.parser.ast.AstExpression,AstExpression,C:\Users\tyin363\Documents\repos\subchen__jetbrick-template-2x\jetbrick-template\src\main\java\jetbrick\template\parser\ast\AstInvokeMethod.java,39
CLIENT:client-code:N/A:N/A,MethodCallExpr,jetbrick.template.runtime.InterpretContext,getValueStack,C:\Users\tyin363\Documents\repos\subchen__jetbrick-template-2x\jetbrick-template\src\main\java\jetbrick\template\runtime\JetTagContext.java,79
CLIENT:client-code:N/A:N/A,ClassOrInterfaceType,jetbrick.template.parser.ast.Position,Position,C:\Users\tyin363\Documents\repos\subchen__jetbrick-template-2x\jetbrick-template\src\main\java\jetbrick\template\parser\ast\AstInvokeMethod.java,39
JDK:java.base:N/A:N/A,MethodCallExpr,java.lang.String,equals,C:\Users\tyin363\Documents\repos\subchen__jetbrick-template-2x\jetbrick-template\src\main\java\jetbrick\template\parser\AstCodeVisitor.java,184
JDK:java.base:N/A:N/A,MethodCallExpr,java.lang.Throwable,initCause,C:\Users\tyin363\Documents\repos\subchen__jetbrick-template-2x\jetbrick-template\src\main\java\jetbrick\template\runtime\InterpretException.java,49
JDK:java.base:N/A:N/A,ClassOrInterfaceType,java.security.AccessControlException,AccessControlException,C:\Users\tyin363\Documents\repos\subchen__jetbrick-template-2x\jetbrick-template\src\main\java\jetbrick\template\JetSecurityManagerImpl.java,139
CLIENT:client-code:N/A:N/A,MethodCallExpr,jetbrick.template.parser.ast.ALU,isTrue,C:\Users\tyin363\Documents\repos\subchen__jetbrick-template-2x\jetbrick-template\src\main\java\jetbrick\template\parser\ast\AstOperatorEquals.java,59
CLIENT:client-code:N/A:N/A,ClassOrInterfaceType,jetbrick.template.parser.ast.AstType,AstType,C:\Users\tyin363\Documents\repos\subchen__jetbrick-template-2x\jetbrick-template\src\main\java\jetbrick\template\parser\AstCodeVisitor.java,794
CLIENT:client-code:N/A:N/A,MethodCallExpr,jetbrick.template.loader.ResourceLoader,load,C:\Users\tyin363\Documents\repos\subchen__jetbrick-template-2x\jetbrick-template\src\main\java\jetbrick\template\JetEngineImpl.java,154
JDK:java.base:N/A:N/A,ClassOrInterfaceType,java.lang.String,String,C:\Users\tyin363\Documents\repos\subchen__jetbrick-template-2x\jetbrick-template\src\main\java\jetbrick\template\parser\AstCodeVisitor.java,353
CLIENT:client-code:N/A:N/A,NameExpr,jetbrick.template.runtime.writer.JetOutputStreamPrinterEx,os,C:\Users\tyin363\Documents\repos\subchen__jetbrick-template-2x\jetbrick-template\src\main\java\jetbrick\template\runtime\writer\JetOutputStreamPrinterEx.java,38
JDK:java.base:N/A:N/A,ClassOrInterfaceType,java.lang.Class,Class,C:\Users\tyin363\Documents\repos\subchen__jetbrick-template-2x\jetbrick-template\src\main\java\jetbrick\template\parser\AstCodeVisitor.java,635
JDK:java.base:N/A:N/A,ClassOrInterfaceType,java.lang.String,String,C:\Users\tyin363\Documents\repos\subchen__jetbrick-template-2x\jetbrick-template\src\main\java\jetbrick\template\runtime\buildin\JetTags.java,36
com.github.subchen:jetbrick-commons:jar:2.1.9,ClassOrInterfaceType,jetbrick.collection.iterator.LoopIterator,LoopIterator,C:\Users\tyin363\Documents\repos\subchen__jetbrick-template-2x\jetbrick-template\src\main\java\jetbrick\template\runtime\buildin\JetFunctions.java,56
CLIENT:client-code:N/A:N/A,FieldAccessExpr,jetbrick.template.parser.ast.Tokens,BIT_NOT,C:\Users\tyin363\Documents\repos\subchen__jetbrick-template-2x\jetbrick-template\src\main\java\jetbrick\template\parser\ast\AstOperatorUnary.java,65
JDK:java.base:N/A:N/A,ClassOrInterfaceType,java.lang.String,String,C:\Users\tyin363\Documents\repos\subchen__jetbrick-template-2x\jetbrick-template\src\main\java\jetbrick\template\JetConfig.java,55
CLIENT:client-code:N/A:N/A,MethodCallExpr,jetbrick.template.parser.ast.AstExpression,execute,C:\Users\tyin363\Documents\repos\subchen__jetbrick-template-2x\jetbrick-template\src\main\java\jetbrick\template\parser\ast\AstDirectiveBreak.java,35
org.antlr:antlr4-runtime:jar:4.10.1,MethodCallExpr,org.antlr.v4.runtime.tree.TerminalNode,getSymbol,C:\Users\tyin363\Documents\repos\subchen__jetbrick-template-2x\jetbrick-template\src\main\java\jetbrick\template\parser\AstCodeVisitor.java,141
CLIENT:client-code:N/A:N/A,FieldAccessExpr,jetbrick.template.runtime.writer.JetWriterPrinter,charset,C:\Users\tyin363\Documents\repos\subchen__jetbrick-template-2x\jetbrick-template\src\main\java\jetbrick\template\runtime\writer\JetWriterPrinter.java,34
CLIENT:client-code:N/A:N/A,ClassOrInterfaceType,jetbrick.template.parser.SyntaxException,SyntaxException,C:\Users\tyin363\Documents\repos\subchen__jetbrick-template-2x\jetbrick-template\src\main\java\jetbrick\template\parser\AstBuilder.java,50
com.github.subchen:jetbrick-commons:jar:2.1.9,ClassOrInterfaceType,jetbrick.io.resource.Resource,Resource,C:\Users\tyin363\Documents\repos\subchen__jetbrick-template-2x\jetbrick-template\src\main\java\jetbrick\template\JetEngineImpl.java,154
CLIENT:client-code:N/A:N/A,ClassOrInterfaceType,jetbrick.template.parser.ast.AstNode,AstNode,C:\Users\tyin363\Documents\repos\subchen__jetbrick-template-2x\jetbrick-template\src\main\java\jetbrick\template\parser\AstCodeVisitor.java,482
JDK:java.base:N/A:N/A,ObjectCreationExpr,java.lang.StringBuffer,StringBuffer,C:\Users\tyin363\Documents\repos\subchen__jetbrick-template-2x\jetbrick-template\src\main\java\jetbrick\template\resolver\tag\TagInvokerResolver.java,75
CLIENT:client-code:N/A:N/A,ClassOrInterfaceType,jetbrick.template.JetTemplate,JetTemplate,C:\Users\tyin363\Documents\repos\subchen__jetbrick-template-2x\jetbrick-template\src\main\java\jetbrick\template\JetTemplateImpl.java,132
CLIENT:client-code:N/A:N/A,ClassOrInterfaceType,jetbrick.template.loader.AbstractResourceLoader,AbstractResourceLoader,C:\Users\tyin363\Documents\repos\subchen__jetbrick-template-2x\jetbrick-template\src\main\java\jetbrick\template\loader\ClasspathResourceLoader.java,26
CLIENT:client-code:N/A:N/A,MethodCallExpr,jetbrick.template.runtime.InterpretException,set,C:\Users\tyin363\Documents\repos\subchen__jetbrick-template-2x\jetbrick-template\src\main\java\jetbrick\template\parser\ast\AstInvokeFunction.java,78
JDK:java.base:N/A:N/A,MethodCallExpr,java.lang.StringBuffer,append,C:\Users\tyin363\Documents\repos\subchen__jetbrick-template-2x\jetbrick-template\src\main\java\jetbrick\template\resolver\function\FunctionInvokerResolver.java,76
com.github.subchen:jetbrick-commons:jar:2.1.9,MethodCallExpr,jetbrick.io.finder.ClassFinder,getClasses,C:\Users\tyin363\Documents\repos\subchen__jetbrick-template-2x\jetbrick-template\src\main\java\jetbrick\template\resolver\GlobalResolver.java,77
CLIENT:client-code:N/A:N/A,FieldAccessExpr,jetbrick.template.runtime.JetTagContext,statements,C:\Users\tyin363\Documents\repos\subchen__jetbrick-template-2x\jetbrick-template\src\main\java\jetbrick\template\runtime\JetTagContext.java,30
JDK:java.base:N/A:N/A,ClassOrInterfaceType,java.lang.Integer,Integer,C:\Users\tyin363\Documents\repos\subchen__jetbrick-template-2x\jetbrick-template\src\main\java\jetbrick\template\parser\ast\ALU.java,358
CLIENT:client-code:N/A:N/A,MethodCallExpr,jetbrick.template.parser.ast.AstExpression,getPosition,C:\Users\tyin363\Documents\repos\subchen__jetbrick-template-2x\jetbrick-template\src\main\java\jetbrick\template\parser\ast\AstExpressionList.java,43
JDK:java.base:N/A:N/A,ClassOrInterfaceType,java.lang.IllegalStateException,IllegalStateException,C:\Users\tyin363\Documents\repos\subchen__jetbrick-template-2x\jetbrick-template\src\main\java\jetbrick\template\parser\ast\AstText.java,230
JDK:java.base:N/A:N/A,MethodCallExpr,java.lang.String,equals,C:\Users\tyin363\Documents\repos\subchen__jetbrick-template-2x\jetbrick-template\src\main\java\jetbrick\template\parser\AstCodeVisitor.java,714
JDK:java.base:N/A:N/A,ClassOrInterfaceType,java.lang.Object,Object,C:\Users\tyin363\Documents\repos\subchen__jetbrick-template-2x\jetbrick-template\src\main\java\jetbrick\template\parser\ast\AstOperatorUnary.java,51
JDK:java.base:N/A:N/A,MethodCallExpr,java.lang.StringBuffer,toString,C:\Users\tyin363\Documents\repos\subchen__jetbrick-template-2x\jetbrick-template\src\main\java\jetbrick\template\resolver\method\MethodInvokerResolver.java,83
JDK:java.base:N/A:N/A,ClassOrInterfaceType,java.lang.String,String,C:\Users\tyin363\Documents\repos\subchen__jetbrick-template-2x\jetbrick-template\src\main\java\jetbrick\template\runtime\ValueStack.java,127
JDK:java.base:N/A:N/A,ClassOrInterfaceType,java.lang.String,String,C:\Users\tyin363\Documents\repos\subchen__jetbrick-template-2x\jetbrick-template\src\main\java\jetbrick\template\JetConfig.java,54
JDK:java.base:N/A:N/A,ClassOrInterfaceType,java.util.Collection,Collection,C:\Users\tyin363\Documents\repos\subchen__jetbrick-template-2x\jetbrick-template\src\main\java\jetbrick\template\runtime\JetForIterator.java,51
CLIENT:client-code:N/A:N/A,NameExpr,jetbrick.template.parser.AstCodeVisitor,parseCtx,C:\Users\tyin363\Documents\repos\subchen__jetbrick-template-2x\jetbrick-template\src\main\java\jetbrick\template\parser\AstCodeVisitor.java,442
CLIENT:client-code:N/A:N/A,MethodCallExpr,jetbrick.template.runtime.JetWriter,isSkipErrors,C:\Users\tyin363\Documents\repos\subchen__jetbrick-template-2x\jetbrick-template\src\main\java\jetbrick\template\runtime\JetWriter.java,70
CLIENT:client-code:N/A:N/A,NameExpr,jetbrick.template.JetConfig,autoscanPackages,C:\Users\tyin363\Documents\repos\subchen__jetbrick-template-2x\jetbrick-template\src\main\java\jetbrick\template\JetConfig.java,152
JDK:java.base:N/A:N/A,ClassOrInterfaceType,java.lang.String,String,C:\Users\tyin363\Documents\repos\subchen__jetbrick-template-2x\jetbrick-template\src\main\java\jetbrick\template\JetEngineImpl.java,183
JDK:java.base:N/A:N/A,ClassOrInterfaceType,java.lang.Number,Number,C:\Users\tyin363\Documents\repos\subchen__jetbrick-template-2x\jetbrick-template\src\main\java\jetbrick\template\parser\ast\ALU.java,437
JDK:java.base:N/A:N/A,ClassOrInterfaceType,java.util.Collection,Collection,C:\Users\tyin363\Documents\repos\subchen__jetbrick-template-2x\jetbrick-template\src\main\java\jetbrick\template\runtime\JetForIterator.java,49
CLIENT:client-code:N/A:N/A,ObjectCreationExpr,jetbrick.template.runtime.TemplateStack,TemplateStack,C:\Users\tyin363\Documents\repos\subchen__jetbrick-template-2x\jetbrick-template\src\main\java\jetbrick\template\runtime\InterpretContextImpl.java,44
CLIENT:client-code:N/A:N/A,FieldAccessExpr,jetbrick.template.loader.AbstractResourceLoader,reloadable,C:\Users\tyin363\Documents\repos\subchen__jetbrick-template-2x\jetbrick-template\src\main\java\jetbrick\template\loader\AbstractResourceLoader.java,50
CLIENT:client-code:N/A:N/A,ClassOrInterfaceType,jetbrick.template.JetEngine,JetEngine,C:\Users\tyin363\Documents\repos\subchen__jetbrick-template-2x\jetbrick-template\src\main\java\jetbrick\template\runtime\InterpretContextImpl.java,31
CLIENT:client-code:N/A:N/A,ClassOrInterfaceType,jetbrick.template.runtime.InterpretContext,InterpretContext,C:\Users\tyin363\Documents\repos\subchen__jetbrick-template-2x\jetbrick-template\src\main\java\jetbrick\template\parser\ast\AstDirectiveInclude.java,44
CLIENT:client-code:N/A:N/A,ClassOrInterfaceType,jetbrick.template.parser.ast.AstStatement,AstStatement,C:\Users\tyin363\Documents\repos\subchen__jetbrick-template-2x\jetbrick-template\src\main\java\jetbrick\template\parser\ast\AstStatementList.java,73
CLIENT:client-code:N/A:N/A,MethodCallExpr,jetbrick.template.parser.ParserContext,exitMacros,C:\Users\tyin363\Documents\repos\subchen__jetbrick-template-2x\jetbrick-template\src\main\java\jetbrick\template\parser\AstCodeVisitor.java,442
JDK:java.base:N/A:N/A,ClassOrInterfaceType,java.lang.Object,Object,C:\Users\tyin363\Documents\repos\subchen__jetbrick-template-2x\jetbrick-template\src\main\java\jetbrick\template\parser\AstCodeVisitor.java,735
CLIENT:client-code:N/A:N/A,ClassOrInterfaceType,jetbrick.template.parser.ast.AstExpression,AstExpression,C:\Users\tyin363\Documents\repos\subchen__jetbrick-template-2x\jetbrick-template\src\main\java\jetbrick\template\parser\ast\AstConstantMap.java,27
JDK:java.base:N/A:N/A,MethodCallExpr,java.lang.String,length,C:\Users\tyin363\Documents\repos\subchen__jetbrick-template-2x\jetbrick-template\src\main\java\jetbrick\template\runtime\buildin\JetMethods.java,212
JDK:java.base:N/A:N/A,MethodCallExpr,java.lang.String,getBytes,C:\Users\tyin363\Documents\repos\subchen__jetbrick-template-2x\jetbrick-template\src\main\java\jetbrick\template\runtime\buildin\JetMethods.java,226
CLIENT:client-code:N/A:N/A,ClassOrInterfaceType,jetbrick.template.parser.ast.AstType,AstType,C:\Users\tyin363\Documents\repos\subchen__jetbrick-template-2x\jetbrick-template\src\main\java\jetbrick\template\parser\AstCodeVisitor.java,792
CLIENT:client-code:N/A:N/A,MethodCallExpr,jetbrick.template.resolver.GlobalResolver,resolveGetter,C:\Users\tyin363\Documents\repos\subchen__jetbrick-template-2x\jetbrick-template\src\main\java\jetbrick\template\parser\ast\AstInvokeField.java,65
CLIENT:client-code:N/A:N/A,ClassOrInterfaceType,jetbrick.template.JetTemplateMacro,JetTemplateMacro,C:\Users\tyin363\Documents\repos\subchen__jetbrick-template-2x\jetbrick-template\src\main\java\jetbrick\template\resolver\macro\MacroResolver.java,52
JDK:java.base:N/A:N/A,ClassOrInterfaceType,java.lang.Object,Object,C:\Users\tyin363\Documents\repos\subchen__jetbrick-template-2x\jetbrick-template\src\main\java\jetbrick\template\parser\ast\ALU.java,115
CLIENT:client-code:N/A:N/A,ClassOrInterfaceType,jetbrick.template.JetSecurityManager,JetSecurityManager,C:\Users\tyin363\Documents\repos\subchen__jetbrick-template-2x\jetbrick-template\src\main\java\jetbrick\template\JetSecurityManagerImpl.java,34
CLIENT:client-code:N/A:N/A,NameExpr,jetbrick.template.parser.ParserContext,currentSymbols,C:\Users\tyin363\Documents\repos\subchen__jetbrick-template-2x\jetbrick-template\src\main\java\jetbrick\template\parser\ParserContext.java,215
CLIENT:client-code:N/A:N/A,ClassOrInterfaceType,jetbrick.template.JetTemplate,JetTemplate,C:\Users\tyin363\Documents\repos\subchen__jetbrick-template-2x\jetbrick-template\src\main\java\jetbrick\template\resolver\macro\MacroResolver.java,35
JDK:java.base:N/A:N/A,MethodCallExpr,java.lang.StringBuffer,append,C:\Users\tyin363\Documents\repos\subchen__jetbrick-template-2x\jetbrick-template\src\main\java\jetbrick\template\resolver\function\FunctionInvokerResolver.java,78
JDK:java.base:N/A:N/A,ClassOrInterfaceType,java.lang.IllegalStateException,IllegalStateException,C:\Users\tyin363\Documents\repos\subchen__jetbrick-template-2x\jetbrick-template\src\main\java\jetbrick\template\parser\ast\ALU.java,136
JDK:java.base:N/A:N/A,ClassOrInterfaceType,java.lang.Object,Object,C:\Users\tyin363\Documents\repos\subchen__jetbrick-template-2x\jetbrick-template\src\main\java\jetbrick\template\parser\ast\AstOperatorUnary.java,50
JDK:java.base:N/A:N/A,ClassOrInterfaceType,java.lang.String,String,C:\Users\tyin363\Documents\repos\subchen__jetbrick-template-2x\jetbrick-template\src\main\java\jetbrick\template\JetConfig.java,53
JDK:java.base:N/A:N/A,FieldAccessExpr,java.lang.Boolean,FALSE,C:\Users\tyin363\Documents\repos\subchen__jetbrick-template-2x\jetbrick-template\src\main\java\jetbrick\template\parser\ast\ALU.java,455
JDK:java.base:N/A:N/A,ClassOrInterfaceType,java.lang.Number,Number,C:\Users\tyin363\Documents\repos\subchen__jetbrick-template-2x\jetbrick-template\src\main\java\jetbrick\template\parser\ast\ALU.java,438
CLIENT:client-code:N/A:N/A,ClassOrInterfaceType,jetbrick.template.runtime.InterpretContext,InterpretContext,C:\Users\tyin363\Documents\repos\subchen__jetbrick-template-2x\jetbrick-template\src\main\java\jetbrick\template\parser\ast\AstInvokeNewArray.java,71
JDK:java.base:N/A:N/A,ObjectCreationExpr,java.lang.IllegalStateException,IllegalStateException,C:\Users\tyin363\Documents\repos\subchen__jetbrick-template-2x\jetbrick-template\src\main\java\jetbrick\template\parser\ast\ALU.java,232
JDK:java.base:N/A:N/A,ClassOrInterfaceType,java.lang.Number,Number,C:\Users\tyin363\Documents\repos\subchen__jetbrick-template-2x\jetbrick-template\src\main\java\jetbrick\template\parser\ast\ALU.java,436
JDK:java.base:N/A:N/A,MethodCallExpr,java.lang.Number,floatValue,C:\Users\tyin363\Documents\repos\subchen__jetbrick-template-2x\jetbrick-template\src\main\java\jetbrick\template\parser\ast\ALU.java,507
CLIENT:client-code:N/A:N/A,ClassOrInterfaceType,jetbrick.template.parser.ast.Position,Position,C:\Users\tyin363\Documents\repos\subchen__jetbrick-template-2x\jetbrick-template\src\main\java\jetbrick\template\parser\ast\AstConstantList.java,28
CLIENT:client-code:N/A:N/A,NameExpr,jetbrick.template.resolver.tag.TagInvokerResolver,log,C:\Users\tyin363\Documents\repos\subchen__jetbrick-template-2x\jetbrick-template\src\main\java\jetbrick\template\resolver\tag\TagInvokerResolver.java,61
org.antlr:antlr4-runtime:jar:4.10.1,MethodCallExpr,org.antlr.v4.runtime.Token,getCharPositionInLine,C:\Users\tyin363\Documents\repos\subchen__jetbrick-template-2x\jetbrick-template\src\main\java\jetbrick\template\parser\AstCodeVisitor.java,883
JDK:java.base:N/A:N/A,MethodCallExpr,java.lang.Class,getName,C:\Users\tyin363\Documents\repos\subchen__jetbrick-template-2x\jetbrick-template\src\main\java\jetbrick\template\resolver\SignatureUtils.java,29
CLIENT:client-code:N/A:N/A,ClassOrInterfaceType,jetbrick.template.parser.ast.AstStatementList.ListIterator,ListIterator,C:\Users\tyin363\Documents\repos\subchen__jetbrick-template-2x\jetbrick-template\src\main\java\jetbrick\template\parser\ast\AstStatementList.java,36
CLIENT:client-code:N/A:N/A,NameExpr,jetbrick.template.runtime.writer.JetWriterPrinter,os,C:\Users\tyin363\Documents\repos\subchen__jetbrick-template-2x\jetbrick-template\src\main\java\jetbrick\template\runtime\writer\JetWriterPrinter.java,146
CLIENT:client-code:N/A:N/A,ClassOrInterfaceType,jetbrick.template.loader.ResourceLoader,ResourceLoader,C:\Users\tyin363\Documents\repos\subchen__jetbrick-template-2x\jetbrick-template\src\main\java\jetbrick\template\JetConfig.java,66
CLIENT:client-code:N/A:N/A,MethodCallExpr,jetbrick.template.parser.ast.ALU,isTrue,C:\Users\tyin363\Documents\repos\subchen__jetbrick-template-2x\jetbrick-template\src\main\java\jetbrick\template\parser\ast\AstOperatorEquals.java,56
CLIENT:client-code:N/A:N/A,ClassOrInterfaceType,jetbrick.template.JetTemplateImpl,JetTemplateImpl,C:\Users\tyin363\Documents\repos\subchen__jetbrick-template-2x\jetbrick-template\src\main\java\jetbrick\template\JetEngineImpl.java,133
CLIENT:client-code:N/A:N/A,FieldAccessExpr,jetbrick.template.parser.Symbols,FOR,C:\Users\tyin363\Documents\repos\subchen__jetbrick-template-2x\jetbrick-template\src\main\java\jetbrick\template\parser\ast\AstDirectiveFor.java,53
JDK:java.base:N/A:N/A,MethodCallExpr,java.util.HashMap,put,C:\Users\tyin363\Documents\repos\subchen__jetbrick-template-2x\jetbrick-template\src\main\java\jetbrick\template\JetContext.java,42
com.github.subchen:jetbrick-commons:jar:2.1.9,ClassOrInterfaceType,jetbrick.io.resource.Resource,Resource,C:\Users\tyin363\Documents\repos\subchen__jetbrick-template-2x\jetbrick-template\src\main\java\jetbrick\template\JetTemplateImpl.java,56
CLIENT:client-code:N/A:N/A,ObjectCreationExpr,jetbrick.template.runtime.InterpretException,InterpretException,C:\Users\tyin363\Documents\repos\subchen__jetbrick-template-2x\jetbrick-template\src\main\java\jetbrick\template\parser\ast\AstInvokeField.java,97
CLIENT:client-code:N/A:N/A,FieldAccessExpr,jetbrick.template.parser.ast.AstOperatorNullAsDefault,defaultExpression,C:\Users\tyin363\Documents\repos\subchen__jetbrick-template-2x\jetbrick-template\src\main\java\jetbrick\template\parser\ast\AstOperatorNullAsDefault.java,31
CLIENT:client-code:N/A:N/A,ClassOrInterfaceType,jetbrick.template.JetTemplateMacro,JetTemplateMacro,C:\Users\tyin363\Documents\repos\subchen__jetbrick-template-2x\jetbrick-template\src\main\java\jetbrick\template\resolver\macro\MacroResolver.java,53
JDK:java.base:N/A:N/A,ClassOrInterfaceType,java.lang.String,String,C:\Users\tyin363\Documents\repos\subchen__jetbrick-template-2x\jetbrick-template\src\main\java\jetbrick\template\runtime\buildin\JetTags.java,37
CLIENT:client-code:N/A:N/A,FieldAccessExpr,jetbrick.template.parser.ast.AstDirectiveInclude,fileExpression,C:\Users\tyin363\Documents\repos\subchen__jetbrick-template-2x\jetbrick-template\src\main\java\jetbrick\template\parser\ast\AstDirectiveInclude.java,37
CLIENT:client-code:N/A:N/A,NameExpr,jetbrick.template.runtime.InterpretContextImpl,writer,C:\Users\tyin363\Documents\repos\subchen__jetbrick-template-2x\jetbrick-template\src\main\java\jetbrick\template\runtime\InterpretContextImpl.java,96
CLIENT:client-code:N/A:N/A,MethodCallExpr,jetbrick.template.runtime.InterpretContextImpl,setWriter,C:\Users\tyin363\Documents\repos\subchen__jetbrick-template-2x\jetbrick-template\src\main\java\jetbrick\template\runtime\InterpretContextImpl.java,130
CLIENT:client-code:N/A:N/A,NameExpr,jetbrick.template.runtime.TemplateStack,templates,C:\Users\tyin363\Documents\repos\subchen__jetbrick-template-2x\jetbrick-template\src\main\java\jetbrick\template\runtime\TemplateStack.java,50
CLIENT:client-code:N/A:N/A,NameExpr,jetbrick.template.parser.ParserContext,currentSymbols,C:\Users\tyin363\Documents\repos\subchen__jetbrick-template-2x\jetbrick-template\src\main\java\jetbrick\template\parser\ParserContext.java,216
JDK:java.base:N/A:N/A,MethodCallExpr,java.io.OutputStream,write,C:\Users\tyin363\Documents\repos\subchen__jetbrick-template-2x\jetbrick-template\src\main\java\jetbrick\template\runtime\writer\TrimLeadingWhitespacesOutputStream.java,77
com.github.subchen:jetbrick-commons:jar:2.1.9,MethodCallExpr,jetbrick.bean.KlassInfo,create,C:\Users\tyin363\Documents\repos\subchen__jetbrick-template-2x\jetbrick-template\src\main\java\jetbrick\template\parser\ast\AstInvokeNewObject.java,58
CLIENT:client-code:N/A:N/A,NameExpr,jetbrick.template.parser.ast.AstInvokeFieldStatic,field,C:\Users\tyin363\Documents\repos\subchen__jetbrick-template-2x\jetbrick-template\src\main\java\jetbrick\template\parser\ast\AstInvokeFieldStatic.java,46
JDK:java.base:N/A:N/A,ClassOrInterfaceType,java.lang.String,String,C:\Users\tyin363\Documents\repos\subchen__jetbrick-template-2x\jetbrick-template\src\main\java\jetbrick\template\parser\ParserContext.java,148
CLIENT:client-code:N/A:N/A,FieldAccessExpr,jetbrick.template.runtime.writer.TrimLeadingWhitespacesOutputStream,first,C:\Users\tyin363\Documents\repos\subchen__jetbrick-template-2x\jetbrick-template\src\main\java\jetbrick\template\runtime\writer\TrimLeadingWhitespacesOutputStream.java,32
org.antlr:antlr4-runtime:jar:4.10.1,ClassOrInterfaceType,org.antlr.v4.runtime.Token,Token,C:\Users\tyin363\Documents\repos\subchen__jetbrick-template-2x\jetbrick-template\src\main\java\jetbrick\template\parser\AstCodeVisitor.java,885
JDK:java.base:N/A:N/A,ClassOrInterfaceType,java.lang.String,String,C:\Users\tyin363\Documents\repos\subchen__jetbrick-template-2x\jetbrick-template\src\main\java\jetbrick\template\JetConfig.java,52
CLIENT:client-code:N/A:N/A,MethodCallExpr,jetbrick.template.runtime.JetWriter,isSkipErrors,C:\Users\tyin363\Documents\repos\subchen__jetbrick-template-2x\jetbrick-template\src\main\java\jetbrick\template\runtime\JetWriter.java,72
CLIENT:client-code:N/A:N/A,NameExpr,jetbrick.template.JetTemplateImpl,securityManager,C:\Users\tyin363\Documents\repos\subchen__jetbrick-template-2x\jetbrick-template\src\main\java\jetbrick\template\JetTemplateImpl.java,155
CLIENT:client-code:N/A:N/A,NameExpr,jetbrick.template.parser.ast.AstStatementList.ListIterator,index,C:\Users\tyin363\Documents\repos\subchen__jetbrick-template-2x\jetbrick-template\src\main\java\jetbrick\template\parser\ast\AstStatementList.java,277
JDK:java.base:N/A:N/A,MethodCallExpr,java.lang.Number,doubleValue,C:\Users\tyin363\Documents\repos\subchen__jetbrick-template-2x\jetbrick-template\src\main\java\jetbrick\template\parser\ast\ALU.java,203
JDK:java.base:N/A:N/A,ClassOrInterfaceType,java.lang.String,String,C:\Users\tyin363\Documents\repos\subchen__jetbrick-template-2x\jetbrick-template\src\main\java\jetbrick\template\parser\AstCodeVisitor.java,365
JDK:java.base:N/A:N/A,ClassOrInterfaceType,java.lang.String,String,C:\Users\tyin363\Documents\repos\subchen__jetbrick-template-2x\jetbrick-template\src\main\java\jetbrick\template\runtime\ValueContext.java,29
CLIENT:client-code:N/A:N/A,ClassOrInterfaceType,jetbrick.template.parser.ast.AstDirectiveMacro,AstDirectiveMacro,C:\Users\tyin363\Documents\repos\subchen__jetbrick-template-2x\jetbrick-template\src\main\java\jetbrick\template\JetTemplateImpl.java,124
JDK:java.base:N/A:N/A,ClassOrInterfaceType,java.lang.Class,Class,C:\Users\tyin363\Documents\repos\subchen__jetbrick-template-2x\jetbrick-template\src\main\java\jetbrick\template\JetSecurityManagerImpl.java,122
com.github.subchen:jetbrick-commons:jar:2.1.9,MethodCallExpr,jetbrick.util.StringUtils,repeat,C:\Users\tyin363\Documents\repos\subchen__jetbrick-template-2x\jetbrick-template\src\main\java\jetbrick\template\runtime\buildin\JetMethods.java,178
CLIENT:client-code:N/A:N/A,ObjectCreationExpr,jetbrick.template.JetEngineImpl,JetEngineImpl,C:\Users\tyin363\Documents\repos\subchen__jetbrick-template-2x\jetbrick-template\src\main\java\jetbrick\template\JetEngine.java,44
com.github.subchen:jetbrick-commons:jar:2.1.9,MethodCallExpr,jetbrick.config.Config,asStringList,C:\Users\tyin363\Documents\repos\subchen__jetbrick-template-2x\jetbrick-template\src\main\java\jetbrick\template\JetConfig.java,106
CLIENT:client-code:N/A:N/A,ClassOrInterfaceType,jetbrick.template.parser.ast.Position,Position,C:\Users\tyin363\Documents\repos\subchen__jetbrick-template-2x\jetbrick-template\src\main\java\jetbrick\template\parser\AstCodeVisitor.java,552
CLIENT:client-code:N/A:N/A,ObjectCreationExpr,jetbrick.template.resolver.tag.TagInvoker,TagInvoker,C:\Users\tyin363\Documents\repos\subchen__jetbrick-template-2x\jetbrick-template\src\main\java\jetbrick\template\resolver\tag\TagInvokerResolver.java,128
CLIENT:client-code:N/A:N/A,ObjectCreationExpr,jetbrick.template.runtime.InterpretException,InterpretException,C:\Users\tyin363\Documents\repos\subchen__jetbrick-template-2x\jetbrick-template\src\main\java\jetbrick\template\parser\ast\AstInvokeNewObject.java,61
JDK:java.base:N/A:N/A,ClassOrInterfaceType,java.lang.String,String,C:\Users\tyin363\Documents\repos\subchen__jetbrick-template-2x\jetbrick-template\src\main\java\jetbrick\template\JetConfig.java,67
CLIENT:client-code:N/A:N/A,ClassOrInterfaceType,jetbrick.template.runtime.InterpretException,InterpretException,C:\Users\tyin363\Documents\repos\subchen__jetbrick-template-2x\jetbrick-template\src\main\java\jetbrick\template\parser\ast\AstValue.java,35
JDK:java.base:N/A:N/A,ClassOrInterfaceType,java.lang.Object,Object,C:\Users\tyin363\Documents\repos\subchen__jetbrick-template-2x\jetbrick-template\src\main\java\jetbrick\template\parser\ast\AstDirectiveBreak.java,35
JDK:java.base:N/A:N/A,MethodCallExpr,java.lang.Number,intValue,C:\Users\tyin363\Documents\repos\subchen__jetbrick-template-2x\jetbrick-template\src\main\java\jetbrick\template\parser\ast\AstInvokeIndexGet.java,65
com.github.subchen:jetbrick-commons:jar:2.1.9,MethodCallExpr,jetbrick.collection.iterator.LoopIterator,size,C:\Users\tyin363\Documents\repos\subchen__jetbrick-template-2x\jetbrick-template\src\main\java\jetbrick\template\runtime\JetForIterator.java,42
CLIENT:client-code:N/A:N/A,ClassOrInterfaceType,jetbrick.template.parser.ast.AstStatement,AstStatement,C:\Users\tyin363\Documents\repos\subchen__jetbrick-template-2x\jetbrick-template\src\main\java\jetbrick\template\parser\ast\AstTemplate.java,28
CLIENT:client-code:N/A:N/A,MethodCallExpr,jetbrick.template.parser.SyntaxException,set,C:\Users\tyin363\Documents\repos\subchen__jetbrick-template-2x\jetbrick-template\src\main\java\jetbrick\template\parser\AstCodeVisitor.java,547
JDK:java.base:N/A:N/A,ObjectCreationExpr,java.util.concurrent.ConcurrentHashMap,ConcurrentHashMap,C:\Users\tyin363\Documents\repos\subchen__jetbrick-template-2x\jetbrick-template\src\main\java\jetbrick\template\resolver\property\DefaultGetterResolver.java,32
JDK:java.base:N/A:N/A,MethodCallExpr,java.lang.Object,getClass,C:\Users\tyin363\Documents\repos\subchen__jetbrick-template-2x\jetbrick-template\src\main\java\jetbrick\template\parser\ast\AstInvokeNewObject.java,56
CLIENT:client-code:N/A:N/A,NameExpr,jetbrick.template.parser.AstCodeVisitor,parseCtx,C:\Users\tyin363\Documents\repos\subchen__jetbrick-template-2x\jetbrick-template\src\main\java\jetbrick\template\parser\AstCodeVisitor.java,191
CLIENT:client-code:N/A:N/A,ClassOrInterfaceType,jetbrick.template.parser.Source,Source,C:\Users\tyin363\Documents\repos\subchen__jetbrick-template-2x\jetbrick-template\src\main\java\jetbrick\template\Errors.java,133
CLIENT:client-code:N/A:N/A,ClassOrInterfaceType,jetbrick.template.parser.ast.Position,Position,C:\Users\tyin363\Documents\repos\subchen__jetbrick-template-2x\jetbrick-template\src\main\java\jetbrick\template\parser\SyntaxException.java,33
JDK:java.base:N/A:N/A,ClassOrInterfaceType,java.lang.String,String,C:\Users\tyin363\Documents\repos\subchen__jetbrick-template-2x\jetbrick-template\src\main\java\jetbrick\template\runtime\ValueContext.java,28
JDK:java.base:N/A:N/A,ClassOrInterfaceType,java.lang.String,String,C:\Users\tyin363\Documents\repos\subchen__jetbrick-template-2x\jetbrick-template\src\main\java\jetbrick\template\parser\ast\AstDirectiveSet.java,29
JDK:java.base:N/A:N/A,ClassOrInterfaceType,java.lang.String,String,C:\Users\tyin363\Documents\repos\subchen__jetbrick-template-2x\jetbrick-template\src\main\java\jetbrick\template\parser\AstCodeVisitor.java,364
JDK:java.base:N/A:N/A,MethodCallExpr,java.lang.Double,valueOf,C:\Users\tyin363\Documents\repos\subchen__jetbrick-template-2x\jetbrick-template\src\main\java\jetbrick\template\runtime\buildin\JetMethods.java,96
CLIENT:client-code:N/A:N/A,NameExpr,jetbrick.template.runtime.InterpretContextImpl,templateStack,C:\Users\tyin363\Documents\repos\subchen__jetbrick-template-2x\jetbrick-template\src\main\java\jetbrick\template\runtime\InterpretContextImpl.java,91
CLIENT:client-code:N/A:N/A,ClassOrInterfaceType,jetbrick.template.JetEngine,JetEngine,C:\Users\tyin363\Documents\repos\subchen__jetbrick-template-2x\jetbrick-template\src\main\java\jetbrick\template\JetTemplateImpl.java,56
org.antlr:antlr4-runtime:jar:4.10.1,FieldAccessExpr,org.antlr.v4.runtime.ANTLRInputStream,name,C:\Users\tyin363\Documents\repos\subchen__jetbrick-template-2x\jetbrick-template\src\main\java\jetbrick\template\parser\AstBuilder.java,36
CLIENT:client-code:N/A:N/A,NameExpr,jetbrick.template.parser.Source,REGEX_NEWLINE_SPLIT,C:\Users\tyin363\Documents\repos\subchen__jetbrick-template-2x\jetbrick-template\src\main\java\jetbrick\template\parser\Source.java,34
com.github.subchen:jetbrick-commons:jar:2.1.9,MethodCallExpr,jetbrick.config.Config,asStringList,C:\Users\tyin363\Documents\repos\subchen__jetbrick-template-2x\jetbrick-template\src\main\java\jetbrick\template\JetConfig.java,107
com.github.subchen:jetbrick-commons:jar:2.1.9,MethodCallExpr,jetbrick.bean.Executable,isPublic,C:\Users\tyin363\Documents\repos\subchen__jetbrick-template-2x\jetbrick-template\src\main\java\jetbrick\template\resolver\function\FunctionInvokerResolver.java,52
CLIENT:client-code:N/A:N/A,NameExpr,jetbrick.template.parser.ParserContext,globalContext,C:\Users\tyin363\Documents\repos\subchen__jetbrick-template-2x\jetbrick-template\src\main\java\jetbrick\template\parser\ParserContext.java,201
CLIENT:client-code:N/A:N/A,ObjectCreationExpr,jetbrick.template.JetTemplateMacro,JetTemplateMacro,C:\Users\tyin363\Documents\repos\subchen__jetbrick-template-2x\jetbrick-template\src\main\java\jetbrick\template\JetTemplateImpl.java,125
CLIENT:client-code:N/A:N/A,MethodCallExpr,jetbrick.template.parser.AstCodeVisitor,pos,C:\Users\tyin363\Documents\repos\subchen__jetbrick-template-2x\jetbrick-template\src\main\java\jetbrick\template\parser\AstCodeVisitor.java,382
JDK:java.base:N/A:N/A,ClassOrInterfaceType,java.util.Iterator,Iterator,C:\Users\tyin363\Documents\repos\subchen__jetbrick-template-2x\jetbrick-template\src\main\java\jetbrick\template\runtime\JetForIterator.java,44
CLIENT:client-code:N/A:N/A,FieldAccessExpr,jetbrick.template.Errors,VARIABLE_TYPE_MISMATCH,C:\Users\tyin363\Documents\repos\subchen__jetbrick-template-2x\jetbrick-template\src\main\java\jetbrick\template\parser\AstCodeVisitor.java,367
CLIENT:client-code:N/A:N/A,NameExpr,jetbrick.template.runtime.writer.TrimLeadingWhitespacesWriter,out,C:\Users\tyin363\Documents\repos\subchen__jetbrick-template-2x\jetbrick-template\src\main\java\jetbrick\template\runtime\writer\TrimLeadingWhitespacesWriter.java,84
CLIENT:client-code:N/A:N/A,NameExpr,jetbrick.template.parser.ast.ALU,FLOAT,C:\Users\tyin363\Documents\repos\subchen__jetbrick-template-2x\jetbrick-template\src\main\java\jetbrick\template\parser\ast\ALU.java,392
JDK:java.base:N/A:N/A,MethodCallExpr,java.lang.String,charAt,C:\Users\tyin363\Documents\repos\subchen__jetbrick-template-2x\jetbrick-template\src\main\java\jetbrick\template\parser\ast\AstText.java,97
CLIENT:client-code:N/A:N/A,ClassOrInterfaceType,jetbrick.template.parser.SyntaxException,SyntaxException,C:\Users\tyin363\Documents\repos\subchen__jetbrick-template-2x\jetbrick-template\src\main\java\jetbrick\template\parser\AstCodeVisitor.java,260
CLIENT:client-code:N/A:N/A,ClassOrInterfaceType,jetbrick.template.parser.ast.AstConstantMap,AstConstantMap,C:\Users\tyin363\Documents\repos\subchen__jetbrick-template-2x\jetbrick-template\src\main\java\jetbrick\template\parser\AstCodeVisitor.java,360
CLIENT:client-code:N/A:N/A,ClassOrInterfaceType,jetbrick.template.JetSecurityManager,JetSecurityManager,C:\Users\tyin363\Documents\repos\subchen__jetbrick-template-2x\jetbrick-template\src\main\java\jetbrick\template\resolver\function\FunctionInvoker.java,29
CLIENT:client-code:N/A:N/A,MethodCallExpr,jetbrick.template.loader.ResourceLoader,getRoot,C:\Users\tyin363\Documents\repos\subchen__jetbrick-template-2x\jetbrick-template\src\main\java\jetbrick\template\JetEngineImpl.java,58
JDK:java.base:N/A:N/A,ClassOrInterfaceType,java.lang.String,String,C:\Users\tyin363\Documents\repos\subchen__jetbrick-template-2x\jetbrick-template\src\main\java\jetbrick\template\runtime\ValueContext.java,27
CLIENT:client-code:N/A:N/A,ClassOrInterfaceType,jetbrick.template.runtime.InterpretException,InterpretException,C:\Users\tyin363\Documents\repos\subchen__jetbrick-template-2x\jetbrick-template\src\main\java\jetbrick\template\parser\ast\AstInvokeFunction.java,86
CLIENT:client-code:N/A:N/A,ClassOrInterfaceType,jetbrick.template.parser.ast.AstNode,AstNode,C:\Users\tyin363\Documents\repos\subchen__jetbrick-template-2x\jetbrick-template\src\main\java\jetbrick\template\parser\AstCodeVisitor.java,487
CLIENT:client-code:N/A:N/A,ClassOrInterfaceType,jetbrick.template.parser.ast.AstText,AstText,C:\Users\tyin363\Documents\repos\subchen__jetbrick-template-2x\jetbrick-template\src\main\java\jetbrick\template\parser\ast\AstStatementList.java,133
CLIENT:client-code:N/A:N/A,FieldAccessExpr,jetbrick.template.parser.ast.AstText.Jdk6CharArrayEncoder,chars,C:\Users\tyin363\Documents\repos\subchen__jetbrick-template-2x\jetbrick-template\src\main\java\jetbrick\template\parser\ast\AstText.java,297
CLIENT:client-code:N/A:N/A,ClassOrInterfaceType,jetbrick.template.parser.ast.AstDirectiveMacro,AstDirectiveMacro,C:\Users\tyin363\Documents\repos\subchen__jetbrick-template-2x\jetbrick-template\src\main\java\jetbrick\template\JetTemplateImpl.java,122
CLIENT:client-code:N/A:N/A,ClassOrInterfaceType,jetbrick.template.resolver.function.FunctionInvoker,FunctionInvoker,C:\Users\tyin363\Documents\repos\subchen__jetbrick-template-2x\jetbrick-template\src\main\java\jetbrick\template\parser\ast\AstInvokeFunction.java,34
CLIENT:client-code:N/A:N/A,ClassOrInterfaceType,jetbrick.template.parser.ast.AstStatement,AstStatement,C:\Users\tyin363\Documents\repos\subchen__jetbrick-template-2x\jetbrick-template\src\main\java\jetbrick\template\parser\ast\AstStatementList.java,61
CLIENT:client-code:N/A:N/A,FieldAccessExpr,jetbrick.template.parser.ast.AstOperatorEquals,lhs,C:\Users\tyin363\Documents\repos\subchen__jetbrick-template-2x\jetbrick-template\src\main\java\jetbrick\template\parser\ast\AstOperatorEquals.java,33
JDK:java.base:N/A:N/A,MethodCallExpr,java.util.List,contains,C:\Users\tyin363\Documents\repos\subchen__jetbrick-template-2x\jetbrick-template\src\main\java\jetbrick\template\resolver\clazz\ClassResolver.java,58
com.github.subchen:jetbrick-commons:jar:2.1.9,MethodCallExpr,jetbrick.config.Config,asStringList,C:\Users\tyin363\Documents\repos\subchen__jetbrick-template-2x\jetbrick-template\src\main\java\jetbrick\template\JetConfig.java,108
CLIENT:client-code:N/A:N/A,MethodCallExpr,jetbrick.template.parser.ast.AstText,getLine,C:\Users\tyin363\Documents\repos\subchen__jetbrick-template-2x\jetbrick-template\src\main\java\jetbrick\template\parser\ast\AstStatementList.java,112
CLIENT:client-code:N/A:N/A,ClassOrInterfaceType,jetbrick.template.runtime.JetWriter,JetWriter,C:\Users\tyin363\Documents\repos\subchen__jetbrick-template-2x\jetbrick-template\src\main\java\jetbrick\template\runtime\writer\JetWriterPrinter.java,27
CLIENT:client-code:N/A:N/A,FieldAccessExpr,jetbrick.template.JetTemplateImpl,reloadable,C:\Users\tyin363\Documents\repos\subchen__jetbrick-template-2x\jetbrick-template\src\main\java\jetbrick\template\JetTemplateImpl.java,61
CLIENT:client-code:N/A:N/A,NameExpr,jetbrick.template.parser.ParserContext,currentSymbols,C:\Users\tyin363\Documents\repos\subchen__jetbrick-template-2x\jetbrick-template\src\main\java\jetbrick\template\parser\ParserContext.java,219
CLIENT:client-code:N/A:N/A,NameExpr,jetbrick.template.runtime.JetForIterator,index,C:\Users\tyin363\Documents\repos\subchen__jetbrick-template-2x\jetbrick-template\src\main\java\jetbrick\template\runtime\JetForIterator.java,117
CLIENT:client-code:N/A:N/A,MethodCallExpr,jetbrick.template.resolver.method.MethodInvoker,getSignature,C:\Users\tyin363\Documents\repos\subchen__jetbrick-template-2x\jetbrick-template\src\main\java\jetbrick\template\parser\ast\AstInvokeMethodStatic.java,98
CLIENT:client-code:N/A:N/A,ClassOrInterfaceType,jetbrick.template.resolver.tag.TagInvoker,TagInvoker,C:\Users\tyin363\Documents\repos\subchen__jetbrick-template-2x\jetbrick-template\src\main\java\jetbrick\template\resolver\GlobalResolver.java,216
CLIENT:client-code:N/A:N/A,MethodCallExpr,jetbrick.template.runtime.ValueStack,push,C:\Users\tyin363\Documents\repos\subchen__jetbrick-template-2x\jetbrick-template\src\main\java\jetbrick\template\JetTemplateImpl.java,158
com.github.subchen:jetbrick-commons:jar:2.1.9,ClassOrInterfaceType,jetbrick.bean.KlassInfo,KlassInfo,C:\Users\tyin363\Documents\repos\subchen__jetbrick-template-2x\jetbrick-template\src\main\java\jetbrick\template\resolver\method\MethodInvokerResolver.java,120
CLIENT:client-code:N/A:N/A,MethodCallExpr,jetbrick.template.Errors,typeName,C:\Users\tyin363\Documents\repos\subchen__jetbrick-template-2x\jetbrick-template\src\main\java\jetbrick\template\parser\ast\ALU.java,270
CLIENT:client-code:N/A:N/A,ObjectCreationExpr,jetbrick.template.runtime.InterpretException,InterpretException,C:\Users\tyin363\Documents\repos\subchen__jetbrick-template-2x\jetbrick-template\src\main\java\jetbrick\template\parser\ast\AstInvokeMethodStatic.java,98
JDK:java.base:N/A:N/A,ClassOrInterfaceType,java.lang.Class,Class,C:\Users\tyin363\Documents\repos\subchen__jetbrick-template-2x\jetbrick-template\src\main\java\jetbrick\template\parser\ast\ALU.java,294
com.github.subchen:jetbrick-commons:jar:2.1.9,ClassOrInterfaceType,jetbrick.config.Config,Config,C:\Users\tyin363\Documents\repos\subchen__jetbrick-template-2x\jetbrick-template\src\main\java\jetbrick\template\JetConfig.java,103
CLIENT:client-code:N/A:N/A,FieldAccessExpr,jetbrick.template.parser.ast.Tokens,BIT_OR,C:\Users\tyin363\Documents\repos\subchen__jetbrick-template-2x\jetbrick-template\src\main\java\jetbrick\template\parser\ast\AstOperatorBinary.java,93
CLIENT:client-code:N/A:N/A,NameExpr,jetbrick.template.parser.ast.AstInvokeNewArray,expressions,C:\Users\tyin363\Documents\repos\subchen__jetbrick-template-2x\jetbrick-template\src\main\java\jetbrick\template\parser\ast\AstInvokeNewArray.java,80
CLIENT:client-code:N/A:N/A,ClassOrInterfaceType,jetbrick.template.JetEngine,JetEngine,C:\Users\tyin363\Documents\repos\subchen__jetbrick-template-2x\jetbrick-template\src\main\java\jetbrick\template\JetEngine.java,36
JDK:java.base:N/A:N/A,ClassOrInterfaceType,java.lang.String,String,C:\Users\tyin363\Documents\repos\subchen__jetbrick-template-2x\jetbrick-template\src\main\java\jetbrick\template\JetEngineImpl.java,178
CLIENT:client-code:N/A:N/A,FieldAccessExpr,jetbrick.template.parser.Symbols,FOR,C:\Users\tyin363\Documents\repos\subchen__jetbrick-template-2x\jetbrick-template\src\main\java\jetbrick\template\parser\ast\AstDirectiveFor.java,49
CLIENT:client-code:N/A:N/A,NameExpr,jetbrick.template.parser.ast.AstInvokeIndexGet,objectExpression,C:\Users\tyin363\Documents\repos\subchen__jetbrick-template-2x\jetbrick-template\src\main\java\jetbrick\template\parser\ast\AstInvokeIndexGet.java,43
CLIENT:client-code:N/A:N/A,NameExpr,jetbrick.template.resolver.GlobalResolver,classResolver,C:\Users\tyin363\Documents\repos\subchen__jetbrick-template-2x\jetbrick-template\src\main\java\jetbrick\template\resolver\GlobalResolver.java,196
CLIENT:client-code:N/A:N/A,NameExpr,jetbrick.template.runtime.InterpretContextImpl,valueStack,C:\Users\tyin363\Documents\repos\subchen__jetbrick-template-2x\jetbrick-template\src\main\java\jetbrick\template\runtime\InterpretContextImpl.java,171
com.github.subchen:jetbrick-commons:jar:2.1.9,MethodCallExpr,jetbrick.config.Config,asStringList,C:\Users\tyin363\Documents\repos\subchen__jetbrick-template-2x\jetbrick-template\src\main\java\jetbrick\template\JetConfig.java,109
JDK:java.base:N/A:N/A,MethodCallExpr,java.util.Map,get,C:\Users\tyin363\Documents\repos\subchen__jetbrick-template-2x\jetbrick-template\src\main\java\jetbrick\template\parser\ast\AstInvokeIndexGet.java,79
org.slf4j:slf4j-api:jar:1.7.7,MethodCallExpr,org.slf4j.Logger,isInfoEnabled,C:\Users\tyin363\Documents\repos\subchen__jetbrick-template-2x\jetbrick-template\src\main\java\jetbrick\template\resolver\tag\TagInvokerResolver.java,74
JDK:java.base:N/A:N/A,MethodCallExpr,java.lang.Number,intValue,C:\Users\tyin363\Documents\repos\subchen__jetbrick-template-2x\jetbrick-template\src\main\java\jetbrick\template\parser\ast\ALU.java,199
JDK:java.base:N/A:N/A,ClassOrInterfaceType,java.lang.Boolean,Boolean,C:\Users\tyin363\Documents\repos\subchen__jetbrick-template-2x\jetbrick-template\src\main\java\jetbrick\template\parser\ast\ALU.java,523
JDK:java.base:N/A:N/A,ClassOrInterfaceType,java.lang.String,String,C:\Users\tyin363\Documents\repos\subchen__jetbrick-template-2x\jetbrick-template\src\main\java\jetbrick\template\JetConfig.java,64
JDK:java.base:N/A:N/A,ClassOrInterfaceType,java.lang.String,String,C:\Users\tyin363\Documents\repos\subchen__jetbrick-template-2x\jetbrick-template\src\main\java\jetbrick\template\runtime\writer\JetWriterPrinterEx.java,90
CLIENT:client-code:N/A:N/A,MethodCallExpr,jetbrick.template.runtime.ValueStack,pop,C:\Users\tyin363\Documents\repos\subchen__jetbrick-template-2x\jetbrick-template\src\main\java\jetbrick\template\runtime\InterpretContextImpl.java,136
JDK:java.base:N/A:N/A,MethodCallExpr,java.lang.System,arraycopy,C:\Users\tyin363\Documents\repos\subchen__jetbrick-template-2x\jetbrick-template\src\main\java\jetbrick\template\resolver\ParameterUtils.java,86
CLIENT:client-code:N/A:N/A,MethodCallExpr,jetbrick.template.runtime.InterpretContextImpl,setWriter,C:\Users\tyin363\Documents\repos\subchen__jetbrick-template-2x\jetbrick-template\src\main\java\jetbrick\template\runtime\InterpretContextImpl.java,134
CLIENT:client-code:N/A:N/A,ClassOrInterfaceType,jetbrick.template.parser.ast.AstText,AstText,C:\Users\tyin363\Documents\repos\subchen__jetbrick-template-2x\jetbrick-template\src\main\java\jetbrick\template\parser\AstCodeVisitor.java,123
JDK:java.base:N/A:N/A,ClassOrInterfaceType,java.lang.Class,Class,C:\Users\tyin363\Documents\repos\subchen__jetbrick-template-2x\jetbrick-template\src\main\java\jetbrick\template\parser\ast\ALU.java,295
CLIENT:client-code:N/A:N/A,FieldAccessExpr,jetbrick.template.parser.ast.Tokens,AST_BLOCK_TEMPLATE,C:\Users\tyin363\Documents\repos\subchen__jetbrick-template-2x\jetbrick-template\src\main\java\jetbrick\template\parser\ast\AstStatementList.java,170
JDK:java.base:N/A:N/A,MethodCallExpr,java.lang.Object,getClass,C:\Users\tyin363\Documents\repos\subchen__jetbrick-template-2x\jetbrick-template\src\main\java\jetbrick\template\parser\ast\ALU.java,142
JDK:java.base:N/A:N/A,MethodCallExpr,java.lang.Class,isAssignableFrom,C:\Users\tyin363\Documents\repos\subchen__jetbrick-template-2x\jetbrick-template\src\main\java\jetbrick\template\resolver\property\DefaultGetterResolver.java,90
com.github.subchen:jetbrick-commons:jar:2.1.9,MethodCallExpr,jetbrick.bean.MethodInfo,getMethod,C:\Users\tyin363\Documents\repos\subchen__jetbrick-template-2x\jetbrick-template\src\main\java\jetbrick\template\resolver\method\MethodInvokerResolver.java,65
CLIENT:client-code:N/A:N/A,MethodCallExpr,jetbrick.template.runtime.InterpretContext,current,C:\Users\tyin363\Documents\repos\subchen__jetbrick-template-2x\jetbrick-template\src\main\java\jetbrick\template\runtime\JetTagContext.java,67
JDK:java.base:N/A:N/A,ClassOrInterfaceType,java.util.Map,Map,C:\Users\tyin363\Documents\repos\subchen__jetbrick-template-2x\jetbrick-template\src\main\java\jetbrick\template\parser\ast\AstDirectiveMacro.java,53
JDK:java.base:N/A:N/A,MethodCallExpr,java.io.Writer,write,C:\Users\tyin363\Documents\repos\subchen__jetbrick-template-2x\jetbrick-template\src\main\java\jetbrick\template\runtime\writer\JetWriterPrinterEx.java,71
CLIENT:client-code:N/A:N/A,MethodCallExpr,jetbrick.template.JetEngine,getGlobalResolver,C:\Users\tyin363\Documents\repos\subchen__jetbrick-template-2x\jetbrick-template\src\main\java\jetbrick\template\JetTemplateImpl.java,181
CLIENT:client-code:N/A:N/A,ClassOrInterfaceType,jetbrick.template.parser.ast.AstExpression,AstExpression,C:\Users\tyin363\Documents\repos\subchen__jetbrick-template-2x\jetbrick-template\src\main\java\jetbrick\template\parser\ast\AstInvokeField.java,36
JDK:java.base:N/A:N/A,ClassOrInterfaceType,java.lang.String,String,C:\Users\tyin363\Documents\repos\subchen__jetbrick-template-2x\jetbrick-template\src\main\java\jetbrick\template\loader\ResourceLoader.java,47
CLIENT:client-code:N/A:N/A,NameExpr,jetbrick.template.parser.ast.AstInvokeFunction,name,C:\Users\tyin363\Documents\repos\subchen__jetbrick-template-2x\jetbrick-template\src\main\java\jetbrick\template\parser\ast\AstInvokeFunction.java,62
JDK:java.base:N/A:N/A,ClassOrInterfaceType,java.lang.Object,Object,C:\Users\tyin363\Documents\repos\subchen__jetbrick-template-2x\jetbrick-template\src\main\java\jetbrick\template\parser\ast\AstInvokeNewObject.java,44
CLIENT:client-code:N/A:N/A,MethodCallExpr,jetbrick.template.runtime.InterpretException,set,C:\Users\tyin363\Documents\repos\subchen__jetbrick-template-2x\jetbrick-template\src\main\java\jetbrick\template\parser\ast\AstDirectiveFor.java,60
CLIENT:client-code:N/A:N/A,NameExpr,jetbrick.template.parser.ast.AstInvokeNewArray,expressions,C:\Users\tyin363\Documents\repos\subchen__jetbrick-template-2x\jetbrick-template\src\main\java\jetbrick\template\parser\ast\AstInvokeNewArray.java,73
JDK:java.base:N/A:N/A,ClassOrInterfaceType,java.io.Writer,Writer,C:\Users\tyin363\Documents\repos\subchen__jetbrick-template-2x\jetbrick-template\src\main\java\jetbrick\template\runtime\writer\JetWriterPrinter.java,28
JDK:java.base:N/A:N/A,MethodCallExpr,java.lang.Number,longValue,C:\Users\tyin363\Documents\repos\subchen__jetbrick-template-2x\jetbrick-template\src\main\java\jetbrick\template\parser\ast\ALU.java,152
CLIENT:client-code:N/A:N/A,ClassOrInterfaceType,jetbrick.template.runtime.JetWriter,JetWriter,C:\Users\tyin363\Documents\repos\subchen__jetbrick-template-2x\jetbrick-template\src\main\java\jetbrick\template\parser\ast\AstText.java,303
JDK:java.base:N/A:N/A,ClassOrInterfaceType,java.lang.ClassNotFoundException,ClassNotFoundException,C:\Users\tyin363\Documents\repos\subchen__jetbrick-template-2x\jetbrick-template\src\main\java\jetbrick\template\resolver\clazz\ClassResolver.java,88
JDK:java.base:N/A:N/A,MethodCallExpr,java.lang.reflect.Array,getLength,C:\Users\tyin363\Documents\repos\subchen__jetbrick-template-2x\jetbrick-template\src\main\java\jetbrick\template\runtime\JetForIterator.java,66
org.antlr:antlr4-runtime:jar:4.10.1,ClassOrInterfaceType,org.antlr.v4.runtime.tree.TerminalNode,TerminalNode,C:\Users\tyin363\Documents\repos\subchen__jetbrick-template-2x\jetbrick-template\src\main\java\jetbrick\template\parser\AstCodeVisitor.java,124
JDK:java.base:N/A:N/A,ClassOrInterfaceType,java.lang.String,String,C:\Users\tyin363\Documents\repos\subchen__jetbrick-template-2x\jetbrick-template\src\main\java\jetbrick\template\JetConfig.java,63
JDK:java.base:N/A:N/A,MethodCallExpr,java.lang.Number,longValue,C:\Users\tyin363\Documents\repos\subchen__jetbrick-template-2x\jetbrick-template\src\main\java\jetbrick\template\parser\ast\ALU.java,416
CLIENT:client-code:N/A:N/A,NameExpr,jetbrick.template.runtime.ValueStack,current,C:\Users\tyin363\Documents\repos\subchen__jetbrick-template-2x\jetbrick-template\src\main\java\jetbrick\template\runtime\ValueStack.java,64
JDK:java.base:N/A:N/A,MethodCallExpr,java.lang.Object,getClass,C:\Users\tyin363\Documents\repos\subchen__jetbrick-template-2x\jetbrick-template\src\main\java\jetbrick\template\parser\ast\ALU.java,405
CLIENT:client-code:N/A:N/A,FieldAccessExpr,jetbrick.template.Errors,UNREACHABLE_CODE,C:\Users\tyin363\Documents\repos\subchen__jetbrick-template-2x\jetbrick-template\src\main\java\jetbrick\template\parser\AstCodeVisitor.java,782
CLIENT:client-code:N/A:N/A,NameExpr,jetbrick.template.resolver.function.ExtensionFunctionInvoker,length,C:\Users\tyin363\Documents\repos\subchen__jetbrick-template-2x\jetbrick-template\src\main\java\jetbrick\template\resolver\function\ExtensionFunctionInvoker.java,53
JDK:java.base:N/A:N/A,MethodCallExpr,java.lang.Class,getName,C:\Users\tyin363\Documents\repos\subchen__jetbrick-template-2x\jetbrick-template\src\main\java\jetbrick\template\JetGlobalContext.java,53
CLIENT:client-code:N/A:N/A,NameExpr,jetbrick.template.runtime.TemplateStack,templates,C:\Users\tyin363\Documents\repos\subchen__jetbrick-template-2x\jetbrick-template\src\main\java\jetbrick\template\runtime\TemplateStack.java,61
CLIENT:client-code:N/A:N/A,ClassOrInterfaceType,jetbrick.template.JetTemplate,JetTemplate,C:\Users\tyin363\Documents\repos\subchen__jetbrick-template-2x\jetbrick-template\src\main\java\jetbrick\template\JetEngine.java,115
JDK:java.base:N/A:N/A,MethodCallExpr,java.lang.String,startsWith,C:\Users\tyin363\Documents\repos\subchen__jetbrick-template-2x\jetbrick-template\src\main\java\jetbrick\template\parser\AstCodeVisitor.java,840
JDK:java.base:N/A:N/A,MethodCallExpr,java.lang.Object,getClass,C:\Users\tyin363\Documents\repos\subchen__jetbrick-template-2x\jetbrick-template\src\main\java\jetbrick\template\parser\ast\ALU.java,141
CLIENT:client-code:N/A:N/A,ClassOrInterfaceType,jetbrick.template.runtime.InterpretException,InterpretException,C:\Users\tyin363\Documents\repos\subchen__jetbrick-template-2x\jetbrick-template\src\main\java\jetbrick\template\parser\ast\AstOperatorEquals.java,38
JDK:java.base:N/A:N/A,ClassOrInterfaceType,java.lang.Object,Object,C:\Users\tyin363\Documents\repos\subchen__jetbrick-template-2x\jetbrick-template\src\main\java\jetbrick\template\parser\ast\AstInvokeNewObject.java,45
CLIENT:client-code:N/A:N/A,ClassOrInterfaceType,jetbrick.template.parser.ast.AstOperatorEquals,AstOperatorEquals,C:\Users\tyin363\Documents\repos\subchen__jetbrick-template-2x\jetbrick-template\src\main\java\jetbrick\template\parser\AstCodeVisitor.java,543
CLIENT:client-code:N/A:N/A,FieldAccessExpr,jetbrick.template.parser.ast.AstInvokeNewObject,argumentList,C:\Users\tyin363\Documents\repos\subchen__jetbrick-template-2x\jetbrick-template\src\main\java\jetbrick\template\parser\ast\AstInvokeNewObject.java,39
CLIENT:client-code:N/A:N/A,NameExpr,jetbrick.template.parser.ast.AstStatementList.ListIterator,index,C:\Users\tyin363\Documents\repos\subchen__jetbrick-template-2x\jetbrick-template\src\main\java\jetbrick\template\parser\ast\AstStatementList.java,272
CLIENT:client-code:N/A:N/A,ClassOrInterfaceType,jetbrick.template.JetTemplate,JetTemplate,C:\Users\tyin363\Documents\repos\subchen__jetbrick-template-2x\jetbrick-template\src\main\java\jetbrick\template\JetEngineImpl.java,216
CLIENT:client-code:N/A:N/A,ClassOrInterfaceType,jetbrick.template.TemplateException,TemplateException,C:\Users\tyin363\Documents\repos\subchen__jetbrick-template-2x\jetbrick-template\src\main\java\jetbrick\template\parser\SyntaxException.java,29
CLIENT:client-code:N/A:N/A,FieldAccessExpr,jetbrick.template.runtime.InterpretContextImpl,writer,C:\Users\tyin363\Documents\repos\subchen__jetbrick-template-2x\jetbrick-template\src\main\java\jetbrick\template\runtime\InterpretContextImpl.java,46
JDK:java.base:N/A:N/A,MethodCallExpr,java.lang.reflect.Modifier,isStatic,C:\Users\tyin363\Documents\repos\subchen__jetbrick-template-2x\jetbrick-template\src\main\java\jetbrick\template\JetSecurityManagerImpl.java,138
CLIENT:client-code:N/A:N/A,ClassOrInterfaceType,jetbrick.template.parser.ast.AstExpressionList,AstExpressionList,C:\Users\tyin363\Documents\repos\subchen__jetbrick-template-2x\jetbrick-template\src\main\java\jetbrick\template\parser\ast\AstInvokeFunction.java,37
CLIENT:client-code:N/A:N/A,FieldAccessExpr,jetbrick.template.runtime.InterpretContext,SIGNAL_RETURN,C:\Users\tyin363\Documents\repos\subchen__jetbrick-template-2x\jetbrick-template\src\main\java\jetbrick\template\parser\ast\AstTemplate.java,39
JDK:java.base:N/A:N/A,ClassOrInterfaceType,java.lang.Class,Class,C:\Users\tyin363\Documents\repos\subchen__jetbrick-template-2x\jetbrick-template\src\main\java\jetbrick\template\resolver\GlobalResolver.java,67
JDK:java.base:N/A:N/A,MethodCallExpr,java.lang.Math,min,C:\Users\tyin363\Documents\repos\subchen__jetbrick-template-2x\jetbrick-template\src\main\java\jetbrick\template\Errors.java,174
JDK:java.base:N/A:N/A,ClassOrInterfaceType,java.security.AccessControlException,AccessControlException,C:\Users\tyin363\Documents\repos\subchen__jetbrick-template-2x\jetbrick-template\src\main\java\jetbrick\template\JetSecurityManagerImpl.java,148
JDK:java.base:N/A:N/A,ClassOrInterfaceType,java.lang.String,String,C:\Users\tyin363\Documents\repos\subchen__jetbrick-template-2x\jetbrick-template\src\main\java\jetbrick\template\JetConfig.java,62
JDK:java.base:N/A:N/A,ClassOrInterfaceType,java.lang.String,String,C:\Users\tyin363\Documents\repos\subchen__jetbrick-template-2x\jetbrick-template\src\main\java\jetbrick\template\JetSecurityManagerImpl.java,106
CLIENT:client-code:N/A:N/A,NameExpr,jetbrick.template.runtime.InterpretContextImpl,templateStack,C:\Users\tyin363\Documents\repos\subchen__jetbrick-template-2x\jetbrick-template\src\main\java\jetbrick\template\runtime\InterpretContextImpl.java,86
CLIENT:client-code:N/A:N/A,NameExpr,jetbrick.template.runtime.ValueStack,current,C:\Users\tyin363\Documents\repos\subchen__jetbrick-template-2x\jetbrick-template\src\main\java\jetbrick\template\runtime\ValueStack.java,63
CLIENT:client-code:N/A:N/A,MethodCallExpr,jetbrick.template.JetConfig,getTrimDirectiveCommentsSuffix,C:\Users\tyin363\Documents\repos\subchen__jetbrick-template-2x\jetbrick-template\src\main\java\jetbrick\template\JetTemplateImpl.java,110
CLIENT:client-code:N/A:N/A,ClassOrInterfaceType,jetbrick.template.resolver.method.MethodInvoker,MethodInvoker,C:\Users\tyin363\Documents\repos\subchen__jetbrick-template-2x\jetbrick-template\src\main\java\jetbrick\template\resolver\method\ExtensionMethodInvoker.java,29
JDK:java.base:N/A:N/A,MethodCallExpr,java.lang.Object,getClass,C:\Users\tyin363\Documents\repos\subchen__jetbrick-template-2x\jetbrick-template\src\main\java\jetbrick\template\parser\ast\ALU.java,404
CLIENT:client-code:N/A:N/A,NameExpr,jetbrick.template.runtime.TemplateStack,templates,C:\Users\tyin363\Documents\repos\subchen__jetbrick-template-2x\jetbrick-template\src\main\java\jetbrick\template\runtime\TemplateStack.java,60
CLIENT:client-code:N/A:N/A,ClassOrInterfaceType,jetbrick.template.JetEngine,JetEngine,C:\Users\tyin363\Documents\repos\subchen__jetbrick-template-2x\jetbrick-template\src\main\java\jetbrick\template\JetEngine.java,43
com.github.subchen:jetbrick-commons:jar:2.1.9,ClassOrInterfaceType,jetbrick.io.resource.Resource,Resource,C:\Users\tyin363\Documents\repos\subchen__jetbrick-template-2x\jetbrick-template\src\main\java\jetbrick\template\JetEngineImpl.java,146
JDK:java.base:N/A:N/A,ClassOrInterfaceType,java.lang.Class,Class,C:\Users\tyin363\Documents\repos\subchen__jetbrick-template-2x\jetbrick-template\src\main\java\jetbrick\template\parser\AstCodeVisitor.java,644
CLIENT:client-code:N/A:N/A,NameExpr,jetbrick.template.parser.AstCodeVisitor,parseCtx,C:\Users\tyin363\Documents\repos\subchen__jetbrick-template-2x\jetbrick-template\src\main\java\jetbrick\template\parser\AstCodeVisitor.java,186
CLIENT:client-code:N/A:N/A,NameExpr,jetbrick.template.loader.AbstractResourceLoader,reloadable,C:\Users\tyin363\Documents\repos\subchen__jetbrick-template-2x\jetbrick-template\src\main\java\jetbrick\template\loader\FileSystemResourceLoader.java,31
JDK:java.base:N/A:N/A,ObjectCreationExpr,java.lang.IllegalStateException,IllegalStateException,C:\Users\tyin363\Documents\repos\subchen__jetbrick-template-2x\jetbrick-template\src\main\java\jetbrick\template\parser\ast\ALU.java,487
com.github.subchen:jetbrick-commons:jar:2.1.9,ObjectCreationExpr,jetbrick.io.stream.UnsafeCharArrayWriter,UnsafeCharArrayWriter,C:\Users\tyin363\Documents\repos\subchen__jetbrick-template-2x\jetbrick-template\src\main\java\jetbrick\template\runtime\buildin\JetFunctions.java,118
CLIENT:client-code:N/A:N/A,ClassOrInterfaceType,jetbrick.template.parser.ast.AstDirective,AstDirective,C:\Users\tyin363\Documents\repos\subchen__jetbrick-template-2x\jetbrick-template\src\main\java\jetbrick\template\parser\ast\AstDirectiveMacro.java,26
JDK:java.base:N/A:N/A,ClassOrInterfaceType,java.util.Date,Date,C:\Users\tyin363\Documents\repos\subchen__jetbrick-template-2x\jetbrick-template\src\main\java\jetbrick\template\runtime\buildin\JetMethods.java,152
CLIENT:client-code:N/A:N/A,FieldAccessExpr,jetbrick.template.runtime.ValueContext,privateContext,C:\Users\tyin363\Documents\repos\subchen__jetbrick-template-2x\jetbrick-template\src\main\java\jetbrick\template\runtime\ValueContext.java,34
CLIENT:client-code:N/A:N/A,MethodCallExpr,jetbrick.template.JetTemplateImpl,rebuildAstNodeAndConfig,C:\Users\tyin363\Documents\repos\subchen__jetbrick-template-2x\jetbrick-template\src\main\java\jetbrick\template\JetTemplateImpl.java,84
com.github.subchen:jetbrick-commons:jar:2.1.9,MethodCallExpr,jetbrick.config.Config,asStringList,C:\Users\tyin363\Documents\repos\subchen__jetbrick-template-2x\jetbrick-template\src\main\java\jetbrick\template\JetConfig.java,104
CLIENT:client-code:N/A:N/A,MethodCallExpr,jetbrick.template.parser.ast.AstInvokeMethodStatic,doInvoke,C:\Users\tyin363\Documents\repos\subchen__jetbrick-template-2x\jetbrick-template\src\main\java\jetbrick\template\parser\ast\AstInvokeMethodStatic.java,56
JDK:java.base:N/A:N/A,ClassOrInterfaceType,java.lang.String,String,C:\Users\tyin363\Documents\repos\subchen__jetbrick-template-2x\jetbrick-template\src\main\java\jetbrick\template\runtime\buildin\JetMethods.java,205
CLIENT:client-code:N/A:N/A,NameExpr,jetbrick.template.parser.ast.AstConstant,value,C:\Users\tyin363\Documents\repos\subchen__jetbrick-template-2x\jetbrick-template\src\main\java\jetbrick\template\parser\ast\AstConstant.java,43
JDK:java.base:N/A:N/A,MethodCallExpr,java.lang.String,equals,C:\Users\tyin363\Documents\repos\subchen__jetbrick-template-2x\jetbrick-template\src\main\java\jetbrick\template\parser\AstCodeVisitor.java,174
JDK:java.base:N/A:N/A,ClassOrInterfaceType,java.lang.String,String,C:\Users\tyin363\Documents\repos\subchen__jetbrick-template-2x\jetbrick-template\src\main\java\jetbrick\template\JetSecurityManagerImpl.java,105
JDK:java.base:N/A:N/A,MethodCallExpr,java.lang.String,substring,C:\Users\tyin363\Documents\repos\subchen__jetbrick-template-2x\jetbrick-template\src\main\java\jetbrick\template\parser\ast\AstText.java,110
CLIENT:client-code:N/A:N/A,MethodCallExpr,jetbrick.template.parser.ast.ALU,getNumberType,C:\Users\tyin363\Documents\repos\subchen__jetbrick-template-2x\jetbrick-template\src\main\java\jetbrick\template\parser\ast\ALU.java,62
JDK:java.base:N/A:N/A,ClassOrInterfaceType,java.lang.String,String,C:\Users\tyin363\Documents\repos\subchen__jetbrick-template-2x\jetbrick-template\src\main\java\jetbrick\template\JetConfig.java,61
CLIENT:client-code:N/A:N/A,MethodCallExpr,jetbrick.template.parser.AstCodeVisitor,pos,C:\Users\tyin363\Documents\repos\subchen__jetbrick-template-2x\jetbrick-template\src\main\java\jetbrick\template\parser\AstCodeVisitor.java,387
JDK:java.base:N/A:N/A,ClassOrInterfaceType,java.lang.String,String,C:\Users\tyin363\Documents\repos\subchen__jetbrick-template-2x\jetbrick-template\src\main\java\jetbrick\template\parser\ast\AstDirectiveFor.java,27
com.github.subchen:jetbrick-commons:jar:2.1.9,FieldAccessExpr,jetbrick.util.ArrayUtils,EMPTY_OBJECT_ARRAY,C:\Users\tyin363\Documents\repos\subchen__jetbrick-template-2x\jetbrick-template\src\main\java\jetbrick\template\parser\ast\AstInvokeNewObject.java,47
CLIENT:client-code:N/A:N/A,ClassOrInterfaceType,jetbrick.template.parser.ast.AstNode,AstNode,C:\Users\tyin363\Documents\repos\subchen__jetbrick-template-2x\jetbrick-template\src\main\java\jetbrick\template\parser\AstCodeVisitor.java,492
CLIENT:client-code:N/A:N/A,MethodCallExpr,jetbrick.template.runtime.TemplateStack,pop,C:\Users\tyin363\Documents\repos\subchen__jetbrick-template-2x\jetbrick-template\src\main\java\jetbrick\template\JetTemplateImpl.java,163
CLIENT:client-code:N/A:N/A,MethodCallExpr,jetbrick.template.runtime.JetWriter,create,C:\Users\tyin363\Documents\repos\subchen__jetbrick-template-2x\jetbrick-template\src\main\java\jetbrick\template\JetTemplateImpl.java,140
CLIENT:client-code:N/A:N/A,FieldAccessExpr,jetbrick.template.parser.ast.Position,line,C:\Users\tyin363\Documents\repos\subchen__jetbrick-template-2x\jetbrick-template\src\main\java\jetbrick\template\parser\ast\Position.java,30
com.github.subchen:jetbrick-commons:jar:2.1.9,MethodCallExpr,jetbrick.bean.MethodInfo,getParameterCount,C:\Users\tyin363\Documents\repos\subchen__jetbrick-template-2x\jetbrick-template\src\main\java\jetbrick\template\resolver\function\ExtensionFunctionInvoker.java,36
CLIENT:client-code:N/A:N/A,NameExpr,jetbrick.template.JetSecurityManagerImpl,whiteList,C:\Users\tyin363\Documents\repos\subchen__jetbrick-template-2x\jetbrick-template\src\main\java\jetbrick\template\JetSecurityManagerImpl.java,108
CLIENT:client-code:N/A:N/A,MethodCallExpr,jetbrick.template.Errors,format,C:\Users\tyin363\Documents\repos\subchen__jetbrick-template-2x\jetbrick-template\src\main\java\jetbrick\template\parser\ast\ALU.java,516
CLIENT:client-code:N/A:N/A,NameExpr,jetbrick.template.runtime.ValueStack,NULL,C:\Users\tyin363\Documents\repos\subchen__jetbrick-template-2x\jetbrick-template\src\main\java\jetbrick\template\runtime\ValueStack.java,183
JDK:java.base:N/A:N/A,ClassOrInterfaceType,java.nio.charset.Charset,Charset,C:\Users\tyin363\Documents\repos\subchen__jetbrick-template-2x\jetbrick-template\src\main\java\jetbrick\template\JetConfig.java,171
CLIENT:client-code:N/A:N/A,NameExpr,jetbrick.template.JetEngineImpl,globalResolver,C:\Users\tyin363\Documents\repos\subchen__jetbrick-template-2x\jetbrick-template\src\main\java\jetbrick\template\JetEngineImpl.java,206
com.github.subchen:jetbrick-commons:jar:2.1.9,MethodCallExpr,jetbrick.config.Config,asStringList,C:\Users\tyin363\Documents\repos\subchen__jetbrick-template-2x\jetbrick-template\src\main\java\jetbrick\template\JetConfig.java,105
CLIENT:client-code:N/A:N/A,ObjectCreationExpr,jetbrick.template.parser.ast.AstOperatorBinary,AstOperatorBinary,C:\Users\tyin363\Documents\repos\subchen__jetbrick-template-2x\jetbrick-template\src\main\java\jetbrick\template\parser\AstCodeVisitor.java,591
JDK:java.base:N/A:N/A,MethodCallExpr,java.io.OutputStream,flush,C:\Users\tyin363\Documents\repos\subchen__jetbrick-template-2x\jetbrick-template\src\main\java\jetbrick\template\runtime\writer\JetOutputStreamPrinterEx.java,98
JDK:java.base:N/A:N/A,ClassOrInterfaceType,java.lang.String,String,C:\Users\tyin363\Documents\repos\subchen__jetbrick-template-2x\jetbrick-template\src\main\java\jetbrick\template\runtime\writer\JetWriterPrinter.java,91
CLIENT:client-code:N/A:N/A,ObjectCreationExpr,jetbrick.template.runtime.InterpretException,InterpretException,C:\Users\tyin363\Documents\repos\subchen__jetbrick-template-2x\jetbrick-template\src\main\java\jetbrick\template\parser\ast\AstDirectiveTag.java,78
CLIENT:client-code:N/A:N/A,NameExpr,jetbrick.template.parser.ast.ALU,FLOAT,C:\Users\tyin363\Documents\repos\subchen__jetbrick-template-2x\jetbrick-template\src\main\java\jetbrick\template\parser\ast\ALU.java,130
CLIENT:client-code:N/A:N/A,MethodCallExpr,jetbrick.template.parser.ParserContext,getTrimDirectiveCommentsPrefix,C:\Users\tyin363\Documents\repos\subchen__jetbrick-template-2x\jetbrick-template\src\main\java\jetbrick\template\parser\ast\AstStatementList.java,123
JDK:java.base:N/A:N/A,ClassOrInterfaceType,java.lang.Object,Object,C:\Users\tyin363\Documents\repos\subchen__jetbrick-template-2x\jetbrick-template\src\main\java\jetbrick\template\runtime\buildin\JetFunctions.java,130
CLIENT:client-code:N/A:N/A,ClassOrInterfaceType,jetbrick.template.JetEngineImpl,JetEngineImpl,C:\Users\tyin363\Documents\repos\subchen__jetbrick-template-2x\jetbrick-template\src\main\java\jetbrick\template\JetEngineImpl.java,41
CLIENT:client-code:N/A:N/A,ClassOrInterfaceType,jetbrick.template.JetEngine,JetEngine,C:\Users\tyin363\Documents\repos\subchen__jetbrick-template-2x\jetbrick-template\src\main\java\jetbrick\template\runtime\InterpretContextImpl.java,40
CLIENT:client-code:N/A:N/A,FieldAccessExpr,jetbrick.template.parser.ast.AstDirectiveCall,last,C:\Users\tyin363\Documents\repos\subchen__jetbrick-template-2x\jetbrick-template\src\main\java\jetbrick\template\parser\ast\AstDirectiveCall.java,58
CLIENT:client-code:N/A:N/A,FieldAccessExpr,jetbrick.template.parser.AstBuilder.AstErrorListener,instance,C:\Users\tyin363\Documents\repos\subchen__jetbrick-template-2x\jetbrick-template\src\main\java\jetbrick\template\parser\AstBuilder.java,44
CLIENT:client-code:N/A:N/A,ClassOrInterfaceType,jetbrick.template.runtime.ValueContext,ValueContext,C:\Users\tyin363\Documents\repos\subchen__jetbrick-template-2x\jetbrick-template\src\main\java\jetbrick\template\runtime\ValueStack.java,47
JDK:java.base:N/A:N/A,ClassOrInterfaceType,java.lang.String,String,C:\Users\tyin363\Documents\repos\subchen__jetbrick-template-2x\jetbrick-template\src\main\java\jetbrick\template\JetConfig.java,60
JDK:java.base:N/A:N/A,MethodCallExpr,java.util.Map,get,C:\Users\tyin363\Documents\repos\subchen__jetbrick-template-2x\jetbrick-template\src\main\java\jetbrick\template\resolver\method\MethodInvokerResolver.java,86
JDK:java.base:N/A:N/A,MethodCallExpr,java.lang.Long,valueOf,C:\Users\tyin363\Documents\repos\subchen__jetbrick-template-2x\jetbrick-template\src\main\java\jetbrick\template\parser\ast\ALU.java,353
JDK:java.base:N/A:N/A,ClassOrInterfaceType,java.lang.Number,Number,C:\Users\tyin363\Documents\repos\subchen__jetbrick-template-2x\jetbrick-template\src\main\java\jetbrick\template\parser\ast\AstInvokeNewArray.java,59
com.github.subchen:jetbrick-commons:jar:2.1.9,ClassOrInterfaceType,jetbrick.collection.iterator.ArrayIterator,ArrayIterator,C:\Users\tyin363\Documents\repos\subchen__jetbrick-template-2x\jetbrick-template\src\main\java\jetbrick\template\runtime\JetForIterator.java,65
CLIENT:client-code:N/A:N/A,ClassOrInterfaceType,jetbrick.template.runtime.InterpretException,InterpretException,C:\Users\tyin363\Documents\repos\subchen__jetbrick-template-2x\jetbrick-template\src\main\java\jetbrick\template\parser\ast\AstDirectiveFor.java,60
org.slf4j:slf4j-api:jar:1.7.7,MethodCallExpr,org.slf4j.LoggerFactory,getLogger,C:\Users\tyin363\Documents\repos\subchen__jetbrick-template-2x\jetbrick-template\src\main\java\jetbrick\template\JetConfig.java,57
CLIENT:client-code:N/A:N/A,ClassOrInterfaceType,jetbrick.template.runtime.JetWriter,JetWriter,C:\Users\tyin363\Documents\repos\subchen__jetbrick-template-2x\jetbrick-template\src\main\java\jetbrick\template\runtime\writer\JetWriterPrinterEx.java,27
CLIENT:client-code:N/A:N/A,MethodCallExpr,jetbrick.template.Errors,format,C:\Users\tyin363\Documents\repos\subchen__jetbrick-template-2x\jetbrick-template\src\main\java\jetbrick\template\parser\ast\ALU.java,251
CLIENT:client-code:N/A:N/A,MethodCallExpr,jetbrick.template.parser.ast.AstStatementList.ListIterator,move,C:\Users\tyin363\Documents\repos\subchen__jetbrick-template-2x\jetbrick-template\src\main\java\jetbrick\template\parser\ast\AstStatementList.java,56
org.antlr:antlr4-runtime:jar:4.10.1,ClassOrInterfaceType,org.antlr.v4.runtime.BaseErrorListener,BaseErrorListener,C:\Users\tyin363\Documents\repos\subchen__jetbrick-template-2x\jetbrick-template\src\main\java\jetbrick\template\parser\AstBuilder.java,56
org.slf4j:slf4j-api:jar:1.7.7,MethodCallExpr,org.slf4j.LoggerFactory,getLogger,C:\Users\tyin363\Documents\repos\subchen__jetbrick-template-2x\jetbrick-template\src\main\java\jetbrick\template\resolver\GlobalResolver.java,43
JDK:java.base:N/A:N/A,ClassOrInterfaceType,java.lang.String,String,C:\Users\tyin363\Documents\repos\subchen__jetbrick-template-2x\jetbrick-template\src\main\java\jetbrick\template\JetEngineImpl.java,173
JDK:java.base:N/A:N/A,ClassOrInterfaceType,java.lang.Class,Class,C:\Users\tyin363\Documents\repos\subchen__jetbrick-template-2x\jetbrick-template\src\main\java\jetbrick\template\parser\ast\ALU.java,433
CLIENT:client-code:N/A:N/A,NameExpr,jetbrick.template.parser.ast.AstOperatorUnary,expression,C:\Users\tyin363\Documents\repos\subchen__jetbrick-template-2x\jetbrick-template\src\main\java\jetbrick\template\parser\ast\AstOperatorUnary.java,53
CLIENT:client-code:N/A:N/A,NameExpr,jetbrick.template.parser.AstCodeVisitor,parseCtx,C:\Users\tyin363\Documents\repos\subchen__jetbrick-template-2x\jetbrick-template\src\main\java\jetbrick\template\parser\AstCodeVisitor.java,661
CLIENT:client-code:N/A:N/A,ClassOrInterfaceType,jetbrick.template.JetConfig,JetConfig,C:\Users\tyin363\Documents\repos\subchen__jetbrick-template-2x\jetbrick-template\src\main\java\jetbrick\template\JetEngine.java,64
CLIENT:client-code:N/A:N/A,NameExpr,jetbrick.template.parser.ast.AstInvokeNewArray,unsafe,C:\Users\tyin363\Documents\repos\subchen__jetbrick-template-2x\jetbrick-template\src\main\java\jetbrick\template\parser\ast\AstInvokeNewArray.java,52
CLIENT:client-code:N/A:N/A,ClassOrInterfaceType,jetbrick.template.runtime.buildin.JetMethods,JetMethods,C:\Users\tyin363\Documents\repos\subchen__jetbrick-template-2x\jetbrick-template\src\main\java\jetbrick\template\JetEngineImpl.java,172
CLIENT:client-code:N/A:N/A,MethodCallExpr,jetbrick.template.Errors,format,C:\Users\tyin363\Documents\repos\subchen__jetbrick-template-2x\jetbrick-template\src\main\java\jetbrick\template\runtime\InterpretException.java,41
CLIENT:client-code:N/A:N/A,MethodCallExpr,jetbrick.template.runtime.InterpretContext,getTemplate,C:\Users\tyin363\Documents\repos\subchen__jetbrick-template-2x\jetbrick-template\src\main\java\jetbrick\template\parser\ast\AstInvokeMethod.java,53
org.antlr:antlr4-runtime:jar:4.10.1,ClassOrInterfaceType,org.antlr.v4.runtime.CommonTokenStream,CommonTokenStream,C:\Users\tyin363\Documents\repos\subchen__jetbrick-template-2x\jetbrick-template\src\main\java\jetbrick\template\parser\AstBuilder.java,42
CLIENT:client-code:N/A:N/A,ClassOrInterfaceType,jetbrick.template.runtime.InterpretContext,InterpretContext,C:\Users\tyin363\Documents\repos\subchen__jetbrick-template-2x\jetbrick-template\src\main\java\jetbrick\template\parser\ast\AstTemplate.java,36
com.github.subchen:jetbrick-commons:jar:2.1.9,MethodCallExpr,jetbrick.util.ExceptionUtils,unchecked,C:\Users\tyin363\Documents\repos\subchen__jetbrick-template-2x\jetbrick-template\src\main\java\jetbrick\template\parser\ast\AstValue.java,41
JDK:java.base:N/A:N/A,ClassOrInterfaceType,java.lang.String,String,C:\Users\tyin363\Documents\repos\subchen__jetbrick-template-2x\jetbrick-template\src\main\java\jetbrick\template\parser\ast\Position.java,43
JDK:java.base:N/A:N/A,ClassOrInterfaceType,java.lang.String,String,C:\Users\tyin363\Documents\repos\subchen__jetbrick-template-2x\jetbrick-template\src\main\java\jetbrick\template\parser\ast\AstInvokeFieldStatic.java,36
JDK:java.base:N/A:N/A,ClassOrInterfaceType,java.lang.String,String,C:\Users\tyin363\Documents\repos\subchen__jetbrick-template-2x\jetbrick-template\src\main\java\jetbrick\template\parser\Symbols.java,38
JDK:java.base:N/A:N/A,MethodCallExpr,java.lang.Object,getClass,C:\Users\tyin363\Documents\repos\subchen__jetbrick-template-2x\jetbrick-template\src\main\java\jetbrick\template\parser\ast\AstExpression.java,38
CLIENT:client-code:N/A:N/A,FieldAccessExpr,jetbrick.template.parser.ast.Tokens,MINUS,C:\Users\tyin363\Documents\repos\subchen__jetbrick-template-2x\jetbrick-template\src\main\java\jetbrick\template\parser\ast\AstOperatorUnary.java,62
JDK:java.base:N/A:N/A,MethodCallExpr,java.util.UUID,randomUUID,C:\Users\tyin363\Documents\repos\subchen__jetbrick-template-2x\jetbrick-template\src\main\java\jetbrick\template\runtime\buildin\JetFunctions.java,50
CLIENT:client-code:N/A:N/A,ClassOrInterfaceType,jetbrick.template.parser.ast.AstConstant,AstConstant,C:\Users\tyin363\Documents\repos\subchen__jetbrick-template-2x\jetbrick-template\src\main\java\jetbrick\template\parser\AstCodeVisitor.java,166
CLIENT:client-code:N/A:N/A,MethodCallExpr,jetbrick.template.parser.ast.Position,getLine,C:\Users\tyin363\Documents\repos\subchen__jetbrick-template-2x\jetbrick-template\src\main\java\jetbrick\template\parser\ast\AstStatementList.java,155
com.github.subchen:jetbrick-commons:jar:2.1.9,MethodCallExpr,jetbrick.io.resource.Resource,openStream,C:\Users\tyin363\Documents\repos\subchen__jetbrick-template-2x\jetbrick-template\src\main\java\jetbrick\template\runtime\buildin\JetFunctions.java,101
CLIENT:client-code:N/A:N/A,FieldAccessExpr,jetbrick.template.parser.ast.Tokens,BIT_AND,C:\Users\tyin363\Documents\repos\subchen__jetbrick-template-2x\jetbrick-template\src\main\java\jetbrick\template\parser\ast\AstOperatorBinary.java,90
CLIENT:client-code:N/A:N/A,FieldAccessExpr,jetbrick.template.resolver.method.ExtensionMethodInvoker,length,C:\Users\tyin363\Documents\repos\subchen__jetbrick-template-2x\jetbrick-template\src\main\java\jetbrick\template\resolver\method\ExtensionMethodInvoker.java,36
CLIENT:client-code:N/A:N/A,ClassOrInterfaceType,jetbrick.template.parser.SyntaxException,SyntaxException,C:\Users\tyin363\Documents\repos\subchen__jetbrick-template-2x\jetbrick-template\src\main\java\jetbrick\template\parser\AstBuilder.java,95
JDK:java.base:N/A:N/A,MethodCallExpr,java.lang.String,charAt,C:\Users\tyin363\Documents\repos\subchen__jetbrick-template-2x\jetbrick-template\src\main\java\jetbrick\template\parser\ast\AstText.java,73
CLIENT:client-code:N/A:N/A,ClassOrInterfaceType,jetbrick.template.parser.ast.AstExpression,AstExpression,C:\Users\tyin363\Documents\repos\subchen__jetbrick-template-2x\jetbrick-template\src\main\java\jetbrick\template\parser\AstCodeVisitor.java,675
CLIENT:client-code:N/A:N/A,ClassOrInterfaceType,jetbrick.template.parser.ast.AstDirectiveFor,AstDirectiveFor,C:\Users\tyin363\Documents\repos\subchen__jetbrick-template-2x\jetbrick-template\src\main\java\jetbrick\template\parser\AstCodeVisitor.java,318
CLIENT:client-code:N/A:N/A,FieldAccessExpr,jetbrick.template.parser.ast.AstDirectiveCall,name,C:\Users\tyin363\Documents\repos\subchen__jetbrick-template-2x\jetbrick-template\src\main\java\jetbrick\template\parser\ast\AstDirectiveCall.java,37
CLIENT:client-code:N/A:N/A,NameExpr,jetbrick.template.parser.ast.AstDirectiveBreak,conditionExpression,C:\Users\tyin363\Documents\repos\subchen__jetbrick-template-2x\jetbrick-template\src\main\java\jetbrick\template\parser\ast\AstDirectiveBreak.java,35
JDK:java.base:N/A:N/A,MethodCallExpr,java.util.Map,get,C:\Users\tyin363\Documents\repos\subchen__jetbrick-template-2x\jetbrick-template\src\main\java\jetbrick\template\resolver\method\MethodInvokerResolver.java,100
JDK:java.base:N/A:N/A,ClassOrInterfaceType,java.lang.UnsupportedOperationException,UnsupportedOperationException,C:\Users\tyin363\Documents\repos\subchen__jetbrick-template-2x\jetbrick-template\src\main\java\jetbrick\template\parser\ast\AstOperatorUnary.java,69
CLIENT:client-code:N/A:N/A,MethodCallExpr,jetbrick.template.runtime.InterpretContext,getTemplate,C:\Users\tyin363\Documents\repos\subchen__jetbrick-template-2x\jetbrick-template\src\main\java\jetbrick\template\runtime\buildin\JetFunctions.java,74
JDK:java.base:N/A:N/A,ClassOrInterfaceType,java.lang.Class,Class,C:\Users\tyin363\Documents\repos\subchen__jetbrick-template-2x\jetbrick-template\src\main\java\jetbrick\template\parser\ast\ALU.java,434
CLIENT:client-code:N/A:N/A,NameExpr,jetbrick.template.resolver.GlobalResolver,defaultGetterResolver,C:\Users\tyin363\Documents\repos\subchen__jetbrick-template-2x\jetbrick-template\src\main\java\jetbrick\template\resolver\GlobalResolver.java,105
CLIENT:client-code:N/A:N/A,ClassOrInterfaceType,jetbrick.template.runtime.InterpretException,InterpretException,C:\Users\tyin363\Documents\repos\subchen__jetbrick-template-2x\jetbrick-template\src\main\java\jetbrick\template\parser\ast\AstDirectiveSet.java,36
JDK:java.base:N/A:N/A,ObjectCreationExpr,java.lang.IllegalStateException,IllegalStateException,C:\Users\tyin363\Documents\repos\subchen__jetbrick-template-2x\jetbrick-template\src\main\java\jetbrick\template\runtime\ValueStack.java,161
CLIENT:client-code:N/A:N/A,NameExpr,jetbrick.template.runtime.writer.JetWriterPrinterEx,charset,C:\Users\tyin363\Documents\repos\subchen__jetbrick-template-2x\jetbrick-template\src\main\java\jetbrick\template\runtime\writer\JetWriterPrinterEx.java,64
CLIENT:client-code:N/A:N/A,NameExpr,jetbrick.template.runtime.TemplateStack,current,C:\Users\tyin363\Documents\repos\subchen__jetbrick-template-2x\jetbrick-template\src\main\java\jetbrick\template\runtime\TemplateStack.java,68
JDK:java.base:N/A:N/A,ClassOrInterfaceType,java.lang.Comparable,Comparable,C:\Users\tyin363\Documents\repos\subchen__jetbrick-template-2x\jetbrick-template\src\main\java\jetbrick\template\parser\ast\ALU.java,484
JDK:java.base:N/A:N/A,ClassOrInterfaceType,java.lang.String,String,C:\Users\tyin363\Documents\repos\subchen__jetbrick-template-2x\jetbrick-template\src\main\java\jetbrick\template\runtime\buildin\JetFunctions.java,74
CLIENT:client-code:N/A:N/A,ClassOrInterfaceType,jetbrick.template.parser.ast.AstInvokeMethod,AstInvokeMethod,C:\Users\tyin363\Documents\repos\subchen__jetbrick-template-2x\jetbrick-template\src\main\java\jetbrick\template\parser\AstCodeVisitor.java,678
CLIENT:client-code:N/A:N/A,NameExpr,jetbrick.template.runtime.ValueStack,userContext,C:\Users\tyin363\Documents\repos\subchen__jetbrick-template-2x\jetbrick-template\src\main\java\jetbrick\template\runtime\ValueStack.java,101
CLIENT:client-code:N/A:N/A,ClassOrInterfaceType,jetbrick.template.JetAnnotations.Functions,Functions,C:\Users\tyin363\Documents\repos\subchen__jetbrick-template-2x\jetbrick-template\src\main\java\jetbrick\template\resolver\GlobalResolver.java,85
CLIENT:client-code:N/A:N/A,ClassOrInterfaceType,jetbrick.template.parser.ast.Position,Position,C:\Users\tyin363\Documents\repos\subchen__jetbrick-template-2x\jetbrick-template\src\main\java\jetbrick\template\parser\ast\AstDirectiveIf.java,29
CLIENT:client-code:N/A:N/A,ClassOrInterfaceType,jetbrick.template.parser.ast.AstExpression,AstExpression,C:\Users\tyin363\Documents\repos\subchen__jetbrick-template-2x\jetbrick-template\src\main\java\jetbrick\template\parser\ast\AstOperatorInstanceof.java,26
JDK:java.base:N/A:N/A,ClassOrInterfaceType,java.io.InputStream,InputStream,C:\Users\tyin363\Documents\repos\subchen__jetbrick-template-2x\jetbrick-template\src\main\java\jetbrick\template\loader\resource\SourceResource.java,48
CLIENT:client-code:N/A:N/A,ClassOrInterfaceType,jetbrick.template.resolver.GlobalResolver,GlobalResolver,C:\Users\tyin363\Documents\repos\subchen__jetbrick-template-2x\jetbrick-template\src\main\java\jetbrick\template\JetEngine.java,97
CLIENT:client-code:N/A:N/A,ClassOrInterfaceType,jetbrick.template.parser.ast.Position,Position,C:\Users\tyin363\Documents\repos\subchen__jetbrick-template-2x\jetbrick-template\src\main\java\jetbrick\template\parser\ast\AstExpression.java,31
CLIENT:client-code:N/A:N/A,NameExpr,jetbrick.template.parser.ast.AstDirectiveBreak,conditionExpression,C:\Users\tyin363\Documents\repos\subchen__jetbrick-template-2x\jetbrick-template\src\main\java\jetbrick\template\parser\ast\AstDirectiveBreak.java,34
CLIENT:client-code:N/A:N/A,ObjectCreationExpr,jetbrick.template.runtime.InterpretException,InterpretException,C:\Users\tyin363\Documents\repos\subchen__jetbrick-template-2x\jetbrick-template\src\main\java\jetbrick\template\parser\ast\AstInvokeIndexGet.java,48
JDK:java.base:N/A:N/A,ObjectCreationExpr,java.lang.String,String,C:\Users\tyin363\Documents\repos\subchen__jetbrick-template-2x\jetbrick-template\src\main\java\jetbrick\template\runtime\writer\JetWriterPrinterEx.java,64
JDK:java.base:N/A:N/A,MethodCallExpr,java.lang.String,length,C:\Users\tyin363\Documents\repos\subchen__jetbrick-template-2x\jetbrick-template\src\main\java\jetbrick\template\Errors.java,165
JDK:java.base:N/A:N/A,ClassOrInterfaceType,java.lang.String,String,C:\Users\tyin363\Documents\repos\subchen__jetbrick-template-2x\jetbrick-template\src\main\java\jetbrick\template\JetConfig.java,139
JDK:java.base:N/A:N/A,ClassOrInterfaceType,java.lang.String,String,C:\Users\tyin363\Documents\repos\subchen__jetbrick-template-2x\jetbrick-template\src\main\java\jetbrick\template\resolver\clazz\ClassResolver.java,114
CLIENT:client-code:N/A:N/A,ClassOrInterfaceType,jetbrick.template.parser.Source,Source,C:\Users\tyin363\Documents\repos\subchen__jetbrick-template-2x\jetbrick-template\src\main\java\jetbrick\template\JetTemplateImpl.java,98
JDK:java.base:N/A:N/A,ClassOrInterfaceType,java.lang.IllegalArgumentException,IllegalArgumentException,C:\Users\tyin363\Documents\repos\subchen__jetbrick-template-2x\jetbrick-template\src\main\java\jetbrick\template\runtime\buildin\JetMethods.java,233
org.antlr:antlr4-runtime:jar:4.10.1,MethodCallExpr,org.antlr.v4.runtime.tree.ParseTree,getText,C:\Users\tyin363\Documents\repos\subchen__jetbrick-template-2x\jetbrick-template\src\main\java\jetbrick\template\parser\AstCodeVisitor.java,165
JDK:java.base:N/A:N/A,MethodCallExpr,java.lang.Number,longValue,C:\Users\tyin363\Documents\repos\subchen__jetbrick-template-2x\jetbrick-template\src\main\java\jetbrick\template\parser\ast\ALU.java,129
CLIENT:client-code:N/A:N/A,ObjectCreationExpr,jetbrick.template.parser.ast.AstText,AstText,C:\Users\tyin363\Documents\repos\subchen__jetbrick-template-2x\jetbrick-template\src\main\java\jetbrick\template\parser\ast\AstStatementList.java,112
JDK:java.base:N/A:N/A,MethodCallExpr,java.lang.String,length,C:\Users\tyin363\Documents\repos\subchen__jetbrick-template-2x\jetbrick-template\src\main\java\jetbrick\template\parser\AstCodeVisitor.java,724
CLIENT:client-code:N/A:N/A,FieldAccessExpr,jetbrick.template.parser.ast.Tokens,LE,C:\Users\tyin363\Documents\repos\subchen__jetbrick-template-2x\jetbrick-template\src\main\java\jetbrick\template\parser\AstCodeVisitor.java,583
com.github.subchen:jetbrick-commons:jar:2.1.9,ClassOrInterfaceType,jetbrick.bean.MethodInfo,MethodInfo,C:\Users\tyin363\Documents\repos\subchen__jetbrick-template-2x\jetbrick-template\src\main\java\jetbrick\template\resolver\function\FunctionInvokerResolver.java,118
CLIENT:client-code:N/A:N/A,MethodCallExpr,jetbrick.template.runtime.InterpretContext,setSignal,C:\Users\tyin363\Documents\repos\subchen__jetbrick-template-2x\jetbrick-template\src\main\java\jetbrick\template\parser\ast\AstDirectiveContinue.java,40
CLIENT:client-code:N/A:N/A,NameExpr,jetbrick.template.parser.ast.AstText,text,C:\Users\tyin363\Documents\repos\subchen__jetbrick-template-2x\jetbrick-template\src\main\java\jetbrick\template\parser\ast\AstText.java,180
JDK:java.base:N/A:N/A,ClassOrInterfaceType,java.lang.String,String,C:\Users\tyin363\Documents\repos\subchen__jetbrick-template-2x\jetbrick-template\src\main\java\jetbrick\template\parser\Symbols.java,40
CLIENT:client-code:N/A:N/A,NameExpr,jetbrick.template.runtime.ValueStack,userContext,C:\Users\tyin363\Documents\repos\subchen__jetbrick-template-2x\jetbrick-template\src\main\java\jetbrick\template\runtime\ValueStack.java,100
CLIENT:client-code:N/A:N/A,ClassOrInterfaceType,jetbrick.template.parser.ast.AstExpression,AstExpression,C:\Users\tyin363\Documents\repos\subchen__jetbrick-template-2x\jetbrick-template\src\main\java\jetbrick\template\parser\ast\AstOperatorInstanceof.java,25
CLIENT:client-code:N/A:N/A,ClassOrInterfaceType,jetbrick.template.runtime.InterpretException,InterpretException,C:\Users\tyin363\Documents\repos\subchen__jetbrick-template-2x\jetbrick-template\src\main\java\jetbrick\template\parser\ast\AstInvokeField.java,69
org.antlr:antlr4-runtime:jar:4.10.1,MethodCallExpr,org.antlr.v4.runtime.Token,getType,C:\Users\tyin363\Documents\repos\subchen__jetbrick-template-2x\jetbrick-template\src\main\java\jetbrick\template\parser\AstCodeVisitor.java,142
CLIENT:client-code:N/A:N/A,MethodCallExpr,jetbrick.template.parser.ParserContext,isNullSafe,C:\Users\tyin363\Documents\repos\subchen__jetbrick-template-2x\jetbrick-template\src\main\java\jetbrick\template\parser\AstCodeVisitor.java,661
CLIENT:client-code:N/A:N/A,NameExpr,jetbrick.template.runtime.writer.JetOutputStreamPrinterEx,os,C:\Users\tyin363\Documents\repos\subchen__jetbrick-template-2x\jetbrick-template\src\main\java\jetbrick\template\runtime\writer\JetOutputStreamPrinterEx.java,85
CLIENT:client-code:N/A:N/A,NameExpr,jetbrick.template.parser.ast.AstOperatorEquals,rhs,C:\Users\tyin363\Documents\repos\subchen__jetbrick-template-2x\jetbrick-template\src\main\java\jetbrick\template\parser\ast\AstOperatorEquals.java,59
com.github.subchen:jetbrick-commons:jar:2.1.9,MethodCallExpr,jetbrick.util.StringUtils,deleteWhitespace,C:\Users\tyin363\Documents\repos\subchen__jetbrick-template-2x\jetbrick-template\src\main\java\jetbrick\template\runtime\buildin\JetMethods.java,174
CLIENT:client-code:N/A:N/A,NameExpr,jetbrick.template.parser.ast.AstOperatorBinary,rhs,C:\Users\tyin363\Documents\repos\subchen__jetbrick-template-2x\jetbrick-template\src\main\java\jetbrick\template\parser\ast\AstOperatorBinary.java,69
CLIENT:client-code:N/A:N/A,ClassOrInterfaceType,jetbrick.template.parser.ast.AstDirectiveInclude,AstDirectiveInclude,C:\Users\tyin363\Documents\repos\subchen__jetbrick-template-2x\jetbrick-template\src\main\java\jetbrick\template\parser\ast\AstStatementList.java,204
JDK:java.base:N/A:N/A,MethodCallExpr,java.util.Map,put,C:\Users\tyin363\Documents\repos\subchen__jetbrick-template-2x\jetbrick-template\src\main\java\jetbrick\template\resolver\function\FunctionInvokerResolver.java,87
JDK:java.base:N/A:N/A,ClassOrInterfaceType,java.lang.Class,Class,C:\Users\tyin363\Documents\repos\subchen__jetbrick-template-2x\jetbrick-template\src\main\java\jetbrick\template\resolver\GlobalResolver.java,202
org.slf4j:slf4j-api:jar:1.7.7,MethodCallExpr,org.slf4j.LoggerFactory,getLogger,C:\Users\tyin363\Documents\repos\subchen__jetbrick-template-2x\jetbrick-template\src\main\java\jetbrick\template\JetEngineImpl.java,41
CLIENT:client-code:N/A:N/A,NameExpr,jetbrick.template.runtime.ValueStack,index,C:\Users\tyin363\Documents\repos\subchen__jetbrick-template-2x\jetbrick-template\src\main\java\jetbrick\template\runtime\ValueStack.java,180
org.antlr:antlr4-runtime:jar:4.10.1,ClassOrInterfaceType,org.antlr.v4.runtime.ParserRuleContext,ParserRuleContext,C:\Users\tyin363\Documents\repos\subchen__jetbrick-template-2x\jetbrick-template\src\main\java\jetbrick\template\parser\AstCodeVisitor.java,884
CLIENT:client-code:N/A:N/A,NameExpr,jetbrick.template.JetTemplateImpl,reloadable,C:\Users\tyin363\Documents\repos\subchen__jetbrick-template-2x\jetbrick-template\src\main\java\jetbrick\template\JetTemplateImpl.java,69
JDK:java.base:N/A:N/A,ClassOrInterfaceType,java.lang.Object,Object,C:\Users\tyin363\Documents\repos\subchen__jetbrick-template-2x\jetbrick-template\src\main\java\jetbrick\template\parser\ast\ALU.java,432
JDK:java.base:N/A:N/A,ObjectCreationExpr,java.util.HashMap,HashMap,C:\Users\tyin363\Documents\repos\subchen__jetbrick-template-2x\jetbrick-template\src\main\java\jetbrick\template\runtime\ValueContext.java,88
CLIENT:client-code:N/A:N/A,NameExpr,jetbrick.template.JetEngineImpl,config,C:\Users\tyin363\Documents\repos\subchen__jetbrick-template-2x\jetbrick-template\src\main\java\jetbrick\template\JetEngineImpl.java,214
JDK:java.base:N/A:N/A,MethodCallExpr,java.io.OutputStream,write,C:\Users\tyin363\Documents\repos\subchen__jetbrick-template-2x\jetbrick-template\src\main\java\jetbrick\template\runtime\writer\JetOutputStreamPrinterEx.java,92
CLIENT:client-code:N/A:N/A,NameExpr,jetbrick.template.parser.ast.AstStatementList.ListIterator,index,C:\Users\tyin363\Documents\repos\subchen__jetbrick-template-2x\jetbrick-template\src\main\java\jetbrick\template\parser\ast\AstStatementList.java,254
JDK:java.base:N/A:N/A,ClassOrInterfaceType,java.io.IOException,IOException,C:\Users\tyin363\Documents\repos\subchen__jetbrick-template-2x\jetbrick-template\src\main\java\jetbrick\template\runtime\writer\TrimLeadingWhitespacesWriter.java,83
JDK:java.base:N/A:N/A,ClassOrInterfaceType,java.lang.Object,Object,C:\Users\tyin363\Documents\repos\subchen__jetbrick-template-2x\jetbrick-template\src\main\java\jetbrick\template\parser\ast\AstInvokeNewArray.java,71
JDK:java.base:N/A:N/A,MethodCallExpr,java.lang.reflect.Field,getName,C:\Users\tyin363\Documents\repos\subchen__jetbrick-template-2x\jetbrick-template\src\main\java\jetbrick\template\JetSecurityManagerImpl.java,146
JDK:java.base:N/A:N/A,MethodCallExpr,java.lang.Object,getClass,C:\Users\tyin363\Documents\repos\subchen__jetbrick-template-2x\jetbrick-template\src\main\java\jetbrick\template\runtime\ValueStack.java,189
CLIENT:client-code:N/A:N/A,ObjectCreationExpr,jetbrick.template.runtime.InterpretException,InterpretException,C:\Users\tyin363\Documents\repos\subchen__jetbrick-template-2x\jetbrick-template\src\main\java\jetbrick\template\parser\ast\AstInvokeIndexGet.java,50
CLIENT:client-code:N/A:N/A,MethodCallExpr,jetbrick.template.parser.ast.AstStatementList,trimDirectiveWhitespacesAndComments,C:\Users\tyin363\Documents\repos\subchen__jetbrick-template-2x\jetbrick-template\src\main\java\jetbrick\template\parser\ast\AstStatementList.java,39
CLIENT:client-code:N/A:N/A,MethodCallExpr,jetbrick.template.runtime.JetWriter,print,C:\Users\tyin363\Documents\repos\subchen__jetbrick-template-2x\jetbrick-template\src\main\java\jetbrick\template\parser\ast\AstText.java,304
com.github.subchen:jetbrick-commons:jar:2.1.9,ClassOrInterfaceType,jetbrick.bean.MethodInfo,MethodInfo,C:\Users\tyin363\Documents\repos\subchen__jetbrick-template-2x\jetbrick-template\src\main\java\jetbrick\template\resolver\tag\TagInvokerResolver.java,120
CLIENT:client-code:N/A:N/A,NameExpr,jetbrick.template.JetConfig,IMPORT_DEFINES,C:\Users\tyin363\Documents\repos\subchen__jetbrick-template-2x\jetbrick-template\src\main\java\jetbrick\template\JetConfig.java,109
JDK:java.base:N/A:N/A,MethodCallExpr,java.util.Map,get,C:\Users\tyin363\Documents\repos\subchen__jetbrick-template-2x\jetbrick-template\src\main\java\jetbrick\template\resolver\tag\TagInvokerResolver.java,120
JDK:java.base:N/A:N/A,MethodCallExpr,java.lang.String,getBytes,C:\Users\tyin363\Documents\repos\subchen__jetbrick-template-2x\jetbrick-template\src\main\java\jetbrick\template\runtime\writer\JetOutputStreamPrinterEx.java,85
JDK:java.base:N/A:N/A,MethodCallExpr,java.lang.Integer,valueOf,C:\Users\tyin363\Documents\repos\subchen__jetbrick-template-2x\jetbrick-template\src\main\java\jetbrick\template\runtime\buildin\JetMethods.java,66
CLIENT:client-code:N/A:N/A,FieldAccessExpr,jetbrick.template.parser.ast.AstDirectiveNoop,INSTANCE,C:\Users\tyin363\Documents\repos\subchen__jetbrick-template-2x\jetbrick-template\src\main\java\jetbrick\template\parser\AstCodeVisitor.java,157
CLIENT:client-code:N/A:N/A,MethodCallExpr,jetbrick.template.runtime.InterpretContext,getSecurityManager,C:\Users\tyin363\Documents\repos\subchen__jetbrick-template-2x\jetbrick-template\src\main\java\jetbrick\template\parser\ast\AstInvokeFieldStatic.java,59
JDK:java.base:N/A:N/A,ClassOrInterfaceType,java.lang.Class,Class,C:\Users\tyin363\Documents\repos\subchen__jetbrick-template-2x\jetbrick-template\src\main\java\jetbrick\template\resolver\GlobalResolver.java,209
CLIENT:client-code:N/A:N/A,NameExpr,jetbrick.template.parser.ast.AstInvokeNewArray,cls,C:\Users\tyin363\Documents\repos\subchen__jetbrick-template-2x\jetbrick-template\src\main\java\jetbrick\template\parser\ast\AstInvokeNewArray.java,59
org.antlr:antlr4-runtime:jar:4.10.1,ClassOrInterfaceType,org.antlr.v4.runtime.ParserRuleContext,ParserRuleContext,C:\Users\tyin363\Documents\repos\subchen__jetbrick-template-2x\jetbrick-template\src\main\java\jetbrick\template\parser\AstCodeVisitor.java,879
CLIENT:client-code:N/A:N/A,MethodCallExpr,jetbrick.template.resolver.SignatureUtils,getFieldSignature,C:\Users\tyin363\Documents\repos\subchen__jetbrick-template-2x\jetbrick-template\src\main\java\jetbrick\template\resolver\property\DefaultGetterResolver.java,50
JDK:java.base:N/A:N/A,ClassOrInterfaceType,java.lang.StringBuilder,StringBuilder,C:\Users\tyin363\Documents\repos\subchen__jetbrick-template-2x\jetbrick-template\src\main\java\jetbrick\template\resolver\SignatureUtils.java,71
CLIENT:client-code:N/A:N/A,ClassOrInterfaceType,jetbrick.template.runtime.InterpretException,InterpretException,C:\Users\tyin363\Documents\repos\subchen__jetbrick-template-2x\jetbrick-template\src\main\java\jetbrick\template\parser\ast\AstText.java,204
JDK:java.base:N/A:N/A,MethodCallExpr,java.io.Writer,write,C:\Users\tyin363\Documents\repos\subchen__jetbrick-template-2x\jetbrick-template\src\main\java\jetbrick\template\runtime\writer\JetWriterPrinterEx.java,92
com.github.subchen:jetbrick-commons:jar:2.1.9,ClassOrInterfaceType,jetbrick.bean.MethodInfo,MethodInfo,C:\Users\tyin363\Documents\repos\subchen__jetbrick-template-2x\jetbrick-template\src\main\java\jetbrick\template\resolver\function\FunctionInvokerResolver.java,116
CLIENT:client-code:N/A:N/A,ClassOrInterfaceType,jetbrick.template.parser.ast.AstExpression,AstExpression,C:\Users\tyin363\Documents\repos\subchen__jetbrick-template-2x\jetbrick-template\src\main\java\jetbrick\template\parser\ast\AstExpressionList.java,31
JDK:java.base:N/A:N/A,ClassOrInterfaceType,java.lang.String,String,C:\Users\tyin363\Documents\repos\subchen__jetbrick-template-2x\jetbrick-template\src\main\java\jetbrick\template\resolver\method\MethodInvokerResolver.java,98
JDK:java.base:N/A:N/A,MethodCallExpr,java.util.Iterator,hasNext,C:\Users\tyin363\Documents\repos\subchen__jetbrick-template-2x\jetbrick-template\src\main\java\jetbrick\template\runtime\JetForIterator.java,121
CLIENT:client-code:N/A:N/A,NameExpr,jetbrick.template.parser.ast.AstOperatorEquals,rhs,C:\Users\tyin363\Documents\repos\subchen__jetbrick-template-2x\jetbrick-template\src\main\java\jetbrick\template\parser\ast\AstOperatorEquals.java,56
CLIENT:client-code:N/A:N/A,ClassOrInterfaceType,jetbrick.template.runtime.InterpretException,InterpretException,C:\Users\tyin363\Documents\repos\subchen__jetbrick-template-2x\jetbrick-template\src\main\java\jetbrick\template\parser\ast\AstDirectiveSet.java,41
CLIENT:client-code:N/A:N/A,MethodCallExpr,jetbrick.template.runtime.InterpretException,cause,C:\Users\tyin363\Documents\repos\subchen__jetbrick-template-2x\jetbrick-template\src\main\java\jetbrick\template\parser\ast\AstInvokeFunction.java,94
CLIENT:client-code:N/A:N/A,NameExpr,jetbrick.template.resolver.method.MethodInvokerResolver,log,C:\Users\tyin363\Documents\repos\subchen__jetbrick-template-2x\jetbrick-template\src\main\java\jetbrick\template\resolver\method\MethodInvokerResolver.java,83
JDK:java.base:N/A:N/A,MethodCallExpr,java.lang.StringBuilder,toString,C:\Users\tyin363\Documents\repos\subchen__jetbrick-template-2x\jetbrick-template\src\main\java\jetbrick\template\resolver\SignatureUtils.java,43
JDK:java.base:N/A:N/A,ClassOrInterfaceType,java.lang.String,String,C:\Users\tyin363\Documents\repos\subchen__jetbrick-template-2x\jetbrick-template\src\main\java\jetbrick\template\runtime\buildin\JetFunctions.java,71
JDK:java.base:N/A:N/A,ClassOrInterfaceType,java.lang.Class,Class,C:\Users\tyin363\Documents\repos\subchen__jetbrick-template-2x\jetbrick-template\src\main\java\jetbrick\template\parser\ast\ALU.java,164
JDK:java.base:N/A:N/A,ClassOrInterfaceType,java.io.IOException,IOException,C:\Users\tyin363\Documents\repos\subchen__jetbrick-template-2x\jetbrick-template\src\main\java\jetbrick\template\parser\ast\AstText.java,242
CLIENT:client-code:N/A:N/A,NameExpr,jetbrick.template.runtime.writer.TrimLeadingWhitespacesOutputStream,first,C:\Users\tyin363\Documents\repos\subchen__jetbrick-template-2x\jetbrick-template\src\main\java\jetbrick\template\runtime\writer\TrimLeadingWhitespacesOutputStream.java,42
CLIENT:client-code:N/A:N/A,FieldAccessExpr,jetbrick.template.parser.ast.AstInvokeMethod,name,C:\Users\tyin363\Documents\repos\subchen__jetbrick-template-2x\jetbrick-template\src\main\java\jetbrick\template\parser\ast\AstInvokeMethod.java,42
com.github.subchen:jetbrick-commons:jar:2.1.9,MethodCallExpr,jetbrick.io.finder.FileFinder,lookupClasspath,C:\Users\tyin363\Documents\repos\subchen__jetbrick-template-2x\jetbrick-template\src\main\java\jetbrick\template\resolver\clazz\ClassResolver.java,137
CLIENT:client-code:N/A:N/A,NameExpr,jetbrick.template.runtime.ValueStack,index,C:\Users\tyin363\Documents\repos\subchen__jetbrick-template-2x\jetbrick-template\src\main\java\jetbrick\template\runtime\ValueStack.java,176
JDK:java.base:N/A:N/A,MethodCallExpr,java.lang.Number,longValue,C:\Users\tyin363\Documents\repos\subchen__jetbrick-template-2x\jetbrick-template\src\main\java\jetbrick\template\parser\ast\ALU.java,391
JDK:java.base:N/A:N/A,ClassOrInterfaceType,java.lang.String,String,C:\Users\tyin363\Documents\repos\subchen__jetbrick-template-2x\jetbrick-template\src\main\java\jetbrick\template\parser\ast\AstDirectiveInclude.java,67
CLIENT:client-code:N/A:N/A,NameExpr,jetbrick.template.parser.ast.AstDirectiveMacro,symbols,C:\Users\tyin363\Documents\repos\subchen__jetbrick-template-2x\jetbrick-template\src\main\java\jetbrick\template\parser\ast\AstDirectiveMacro.java,54
CLIENT:client-code:N/A:N/A,MethodCallExpr,jetbrick.template.Errors,typeName,C:\Users\tyin363\Documents\repos\subchen__jetbrick-template-2x\jetbrick-template\src\main\java\jetbrick\template\parser\ast\ALU.java,111
JDK:java.base:N/A:N/A,ClassOrInterfaceType,java.lang.String,String,C:\Users\tyin363\Documents\repos\subchen__jetbrick-template-2x\jetbrick-template\src\main\java\jetbrick\template\parser\Symbols.java,34
CLIENT:client-code:N/A:N/A,ClassOrInterfaceType,jetbrick.template.parser.ast.AstStatementList,AstStatementList,C:\Users\tyin363\Documents\repos\subchen__jetbrick-template-2x\jetbrick-template\src\main\java\jetbrick\template\parser\ast\AstStatementList.java,52
CLIENT:client-code:N/A:N/A,FieldAccessExpr,jetbrick.template.JetSecurityManagerImpl,disallowStaticMethod,C:\Users\tyin363\Documents\repos\subchen__jetbrick-template-2x\jetbrick-template\src\main\java\jetbrick\template\JetSecurityManagerImpl.java,68
JDK:java.base:N/A:N/A,ClassOrInterfaceType,java.lang.Class,Class,C:\Users\tyin363\Documents\repos\subchen__jetbrick-template-2x\jetbrick-template\src\main\java\jetbrick\template\parser\AstCodeVisitor.java,653
CLIENT:client-code:N/A:N/A,ClassOrInterfaceType,jetbrick.template.parser.ast.AstExpression,AstExpression,C:\Users\tyin363\Documents\repos\subchen__jetbrick-template-2x\jetbrick-template\src\main\java\jetbrick\template\parser\ast\AstInvokeField.java,29
CLIENT:client-code:N/A:N/A,NameExpr,jetbrick.template.parser.ast.AstInvokeFunction,argumentList,C:\Users\tyin363\Documents\repos\subchen__jetbrick-template-2x\jetbrick-template\src\main\java\jetbrick\template\parser\ast\AstInvokeFunction.java,48
CLIENT:client-code:N/A:N/A,FieldAccessExpr,jetbrick.template.parser.ast.Tokens,DIV,C:\Users\tyin363\Documents\repos\subchen__jetbrick-template-2x\jetbrick-template\src\main\java\jetbrick\template\parser\ast\AstOperatorBinary.java,84
CLIENT:client-code:N/A:N/A,ClassOrInterfaceType,jetbrick.template.JetTemplate,JetTemplate,C:\Users\tyin363\Documents\repos\subchen__jetbrick-template-2x\jetbrick-template\src\main\java\jetbrick\template\runtime\InterpretContext.java,54
JDK:java.base:N/A:N/A,MethodCallExpr,java.lang.Boolean,booleanValue,C:\Users\tyin363\Documents\repos\subchen__jetbrick-template-2x\jetbrick-template\src\main\java\jetbrick\template\parser\ast\AstOperatorEquals.java,53
JDK:java.base:N/A:N/A,MethodCallExpr,java.lang.Object,toString,C:\Users\tyin363\Documents\repos\subchen__jetbrick-template-2x\jetbrick-template\src\main\java\jetbrick\template\runtime\buildin\JetMethods.java,129
JDK:java.base:N/A:N/A,ClassOrInterfaceType,java.util.List,List,C:\Users\tyin363\Documents\repos\subchen__jetbrick-template-2x\jetbrick-template\src\main\java\jetbrick\template\parser\AstCodeVisitor.java,432
CLIENT:client-code:N/A:N/A,ClassOrInterfaceType,jetbrick.template.parser.ast.Position,Position,C:\Users\tyin363\Documents\repos\subchen__jetbrick-template-2x\jetbrick-template\src\main\java\jetbrick\template\parser\ast\AstExpression.java,27
CLIENT:client-code:N/A:N/A,ClassOrInterfaceType,jetbrick.template.parser.ast.AstNode,AstNode,C:\Users\tyin363\Documents\repos\subchen__jetbrick-template-2x\jetbrick-template\src\main\java\jetbrick\template\parser\AstCodeVisitor.java,532
CLIENT:client-code:N/A:N/A,ClassOrInterfaceType,jetbrick.template.JetAnnotations,JetAnnotations,C:\Users\tyin363\Documents\repos\subchen__jetbrick-template-2x\jetbrick-template\src\main\java\jetbrick\template\resolver\method\MethodInvokerResolver.java,65
JDK:java.base:N/A:N/A,ClassOrInterfaceType,java.util.Set,Set,C:\Users\tyin363\Documents\repos\subchen__jetbrick-template-2x\jetbrick-template\src\main\java\jetbrick\template\JetSecurityManagerImpl.java,36
CLIENT:client-code:N/A:N/A,ClassOrInterfaceType,jetbrick.template.parser.ast.AstExpression,AstExpression,C:\Users\tyin363\Documents\repos\subchen__jetbrick-template-2x\jetbrick-template\src\main\java\jetbrick\template\parser\ast\AstExpressionList.java,29
JDK:java.base:N/A:N/A,ClassOrInterfaceType,java.lang.Class,Class,C:\Users\tyin363\Documents\repos\subchen__jetbrick-template-2x\jetbrick-template\src\main\java\jetbrick\template\parser\ast\ALU.java,165
CLIENT:client-code:N/A:N/A,FieldAccessExpr,jetbrick.template.parser.ast.AstInvokeField,nullSafe,C:\Users\tyin363\Documents\repos\subchen__jetbrick-template-2x\jetbrick-template\src\main\java\jetbrick\template\parser\ast\AstInvokeField.java,40
CLIENT:client-code:N/A:N/A,MethodCallExpr,jetbrick.template.parser.ast.ALU,getNumberType,C:\Users\tyin363\Documents\repos\subchen__jetbrick-template-2x\jetbrick-template\src\main\java\jetbrick\template\parser\ast\ALU.java,123
JDK:java.base:N/A:N/A,ClassOrInterfaceType,java.lang.String,String,C:\Users\tyin363\Documents\repos\subchen__jetbrick-template-2x\jetbrick-template\src\main\java\jetbrick\template\parser\ast\AstDirectiveInclude.java,66
JDK:java.base:N/A:N/A,ClassOrInterfaceType,java.lang.String,String,C:\Users\tyin363\Documents\repos\subchen__jetbrick-template-2x\jetbrick-template\src\main\java\jetbrick\template\parser\ast\AstType.java,23
CLIENT:client-code:N/A:N/A,FieldAccessExpr,jetbrick.template.parser.ast.AstType,position,C:\Users\tyin363\Documents\repos\subchen__jetbrick-template-2x\jetbrick-template\src\main\java\jetbrick\template\parser\ast\AstType.java,28
JDK:java.base:N/A:N/A,ClassOrInterfaceType,java.lang.String,String,C:\Users\tyin363\Documents\repos\subchen__jetbrick-template-2x\jetbrick-template\src\main\java\jetbrick\template\resolver\method\MethodInvoker.java,35
CLIENT:client-code:N/A:N/A,NameExpr,jetbrick.template.runtime.writer.JetOutputStreamPrinter,error,C:\Users\tyin363\Documents\repos\subchen__jetbrick-template-2x\jetbrick-template\src\main\java\jetbrick\template\runtime\writer\JetOutputStreamPrinter.java,160
CLIENT:client-code:N/A:N/A,NameExpr,jetbrick.template.parser.ast.AstStatementList.ListIterator,index,C:\Users\tyin363\Documents\repos\subchen__jetbrick-template-2x\jetbrick-template\src\main\java\jetbrick\template\parser\ast\AstStatementList.java,248
CLIENT:client-code:N/A:N/A,FieldAccessExpr,jetbrick.template.Errors,MACRO_NOT_FOUND,C:\Users\tyin363\Documents\repos\subchen__jetbrick-template-2x\jetbrick-template\src\main\java\jetbrick\template\parser\ast\AstDirectiveCall.java,56
JDK:java.base:N/A:N/A,ClassOrInterfaceType,java.util.List,List,C:\Users\tyin363\Documents\repos\subchen__jetbrick-template-2x\jetbrick-template\src\main\java\jetbrick\template\runtime\JetForIterator.java,44
CLIENT:client-code:N/A:N/A,ClassOrInterfaceType,jetbrick.template.parser.ast.AstExpression,AstExpression,C:\Users\tyin363\Documents\repos\subchen__jetbrick-template-2x\jetbrick-template\src\main\java\jetbrick\template\parser\ast\AstInvokeField.java,30
JDK:java.base:N/A:N/A,FieldAccessExpr,java.lang.Boolean,FALSE,C:\Users\tyin363\Documents\repos\subchen__jetbrick-template-2x\jetbrick-template\src\main\java\jetbrick\template\parser\AstCodeVisitor.java,777
CLIENT:client-code:N/A:N/A,NameExpr,jetbrick.template.JetEngineImpl,globalResolver,C:\Users\tyin363\Documents\repos\subchen__jetbrick-template-2x\jetbrick-template\src\main\java\jetbrick\template\JetEngineImpl.java,81
JDK:java.base:N/A:N/A,ClassOrInterfaceType,java.lang.String,String,C:\Users\tyin363\Documents\repos\subchen__jetbrick-template-2x\jetbrick-template\src\main\java\jetbrick\template\JetConfig.java,135
JDK:java.base:N/A:N/A,FieldAccessExpr,java.lang.Boolean,TRUE,C:\Users\tyin363\Documents\repos\subchen__jetbrick-template-2x\jetbrick-template\src\main\java\jetbrick\template\parser\ast\ALU.java,395
CLIENT:client-code:N/A:N/A,NameExpr,jetbrick.template.parser.ast.AstInvokeFunction,argumentList,C:\Users\tyin363\Documents\repos\subchen__jetbrick-template-2x\jetbrick-template\src\main\java\jetbrick\template\parser\ast\AstInvokeFunction.java,51
CLIENT:client-code:N/A:N/A,FieldAccessExpr,jetbrick.template.parser.ast.Tokens,BIT_USHR,C:\Users\tyin363\Documents\repos\subchen__jetbrick-template-2x\jetbrick-template\src\main\java\jetbrick\template\parser\AstCodeVisitor.java,573
JDK:java.base:N/A:N/A,ClassOrInterfaceType,java.lang.Comparable,Comparable,C:\Users\tyin363\Documents\repos\subchen__jetbrick-template-2x\jetbrick-template\src\main\java\jetbrick\template\parser\ast\ALU.java,485
CLIENT:client-code:N/A:N/A,ClassOrInterfaceType,jetbrick.template.resolver.function.FunctionInvokerResolver,FunctionInvokerResolver,C:\Users\tyin363\Documents\repos\subchen__jetbrick-template-2x\jetbrick-template\src\main\java\jetbrick\template\resolver\function\FunctionInvokerResolver.java,40
CLIENT:client-code:N/A:N/A,ClassOrInterfaceType,jetbrick.template.parser.ast.AstDirectiveIf,AstDirectiveIf,C:\Users\tyin363\Documents\repos\subchen__jetbrick-template-2x\jetbrick-template\src\main\java\jetbrick\template\parser\AstCodeVisitor.java,288
JDK:java.base:N/A:N/A,ClassOrInterfaceType,java.lang.String,String,C:\Users\tyin363\Documents\repos\subchen__jetbrick-template-2x\jetbrick-template\src\main\java\jetbrick\template\runtime\ValueContext.java,31
CLIENT:client-code:N/A:N/A,ClassOrInterfaceType,jetbrick.template.JetAnnotations,JetAnnotations,C:\Users\tyin363\Documents\repos\subchen__jetbrick-template-2x\jetbrick-template\src\main\java\jetbrick\template\resolver\GlobalResolver.java,68
CLIENT:client-code:N/A:N/A,NameExpr,jetbrick.template.runtime.writer.JetWriterPrinter,error,C:\Users\tyin363\Documents\repos\subchen__jetbrick-template-2x\jetbrick-template\src\main\java\jetbrick\template\runtime\writer\JetWriterPrinter.java,79
JDK:java.base:N/A:N/A,ClassOrInterfaceType,java.lang.String,String,C:\Users\tyin363\Documents\repos\subchen__jetbrick-template-2x\jetbrick-template\src\main\java\jetbrick\template\parser\Symbols.java,36
JDK:java.base:N/A:N/A,ClassOrInterfaceType,java.util.Set,Set,C:\Users\tyin363\Documents\repos\subchen__jetbrick-template-2x\jetbrick-template\src\main\java\jetbrick\template\JetSecurityManagerImpl.java,35
CLIENT:client-code:N/A:N/A,ClassOrInterfaceType,jetbrick.template.parser.ast.AstExpression,AstExpression,C:\Users\tyin363\Documents\repos\subchen__jetbrick-template-2x\jetbrick-template\src\main\java\jetbrick\template\parser\ast\AstOperatorInstanceof.java,29
JDK:java.base:N/A:N/A,MethodCallExpr,java.lang.Throwable,getStackTrace,C:\Users\tyin363\Documents\repos\subchen__jetbrick-template-2x\jetbrick-template\src\main\java\jetbrick\template\Errors.java,93
JDK:java.base:N/A:N/A,ClassOrInterfaceType,java.lang.String,String,C:\Users\tyin363\Documents\repos\subchen__jetbrick-template-2x\jetbrick-template\src\main\java\jetbrick\template\JetEngine.java,115
CLIENT:client-code:N/A:N/A,NameExpr,jetbrick.template.parser.ast.AstText.ByteArrayEncoder,bytes,C:\Users\tyin363\Documents\repos\subchen__jetbrick-template-2x\jetbrick-template\src\main\java\jetbrick\template\parser\ast\AstText.java,254
org.antlr:antlr4-runtime:jar:4.10.1,ClassOrInterfaceType,org.antlr.v4.runtime.tree.TerminalNode,TerminalNode,C:\Users\tyin363\Documents\repos\subchen__jetbrick-template-2x\jetbrick-template\src\main\java\jetbrick\template\parser\AstCodeVisitor.java,395
JDK:java.base:N/A:N/A,ClassOrInterfaceType,java.io.IOException,IOException,C:\Users\tyin363\Documents\repos\subchen__jetbrick-template-2x\jetbrick-template\src\main\java\jetbrick\template\runtime\writer\JetWriterPrinterEx.java,76
CLIENT:client-code:N/A:N/A,NameExpr,jetbrick.template.parser.ast.AstValue,expression,C:\Users\tyin363\Documents\repos\subchen__jetbrick-template-2x\jetbrick-template\src\main\java\jetbrick\template\parser\ast\AstValue.java,36
JDK:java.base:N/A:N/A,ClassOrInterfaceType,java.util.EmptyStackException,EmptyStackException,C:\Users\tyin363\Documents\repos\subchen__jetbrick-template-2x\jetbrick-template\src\main\java\jetbrick\template\runtime\ValueStack.java,83
CLIENT:client-code:N/A:N/A,ClassOrInterfaceType,jetbrick.template.runtime.InterpretContext,InterpretContext,C:\Users\tyin363\Documents\repos\subchen__jetbrick-template-2x\jetbrick-template\src\main\java\jetbrick\template\runtime\JetTagContext.java,41
com.github.subchen:jetbrick-commons:jar:2.1.9,MethodCallExpr,jetbrick.util.DateUtils,format,C:\Users\tyin363\Documents\repos\subchen__jetbrick-template-2x\jetbrick-template\src\main\java\jetbrick\template\runtime\buildin\JetMethods.java,149
CLIENT:client-code:N/A:N/A,ClassOrInterfaceType,jetbrick.template.resolver.property.Getter,Getter,C:\Users\tyin363\Documents\repos\subchen__jetbrick-template-2x\jetbrick-template\src\main\java\jetbrick\template\resolver\property\DefaultGetterResolver.java,56
CLIENT:client-code:N/A:N/A,NameExpr,jetbrick.template.runtime.InterpretContextImpl,valueStack,C:\Users\tyin363\Documents\repos\subchen__jetbrick-template-2x\jetbrick-template\src\main\java\jetbrick\template\runtime\InterpretContextImpl.java,167
CLIENT:client-code:N/A:N/A,MethodCallExpr,jetbrick.template.parser.ast.ALU,getNumberType,C:\Users\tyin363\Documents\repos\subchen__jetbrick-template-2x\jetbrick-template\src\main\java\jetbrick\template\parser\ast\ALU.java,385
CLIENT:client-code:N/A:N/A,ClassOrInterfaceType,jetbrick.template.JetAnnotations,JetAnnotations,C:\Users\tyin363\Documents\repos\subchen__jetbrick-template-2x\jetbrick-template\src\main\java\jetbrick\template\resolver\GlobalResolver.java,69
JDK:java.base:N/A:N/A,MethodCallExpr,java.util.Iterator,next,C:\Users\tyin363\Documents\repos\subchen__jetbrick-template-2x\jetbrick-template\src\main\java\jetbrick\template\runtime\JetForIterator.java,82
JDK:java.base:N/A:N/A,ClassOrInterfaceType,java.lang.Object,Object,C:\Users\tyin363\Documents\repos\subchen__jetbrick-template-2x\jetbrick-template\src\main\java\jetbrick\template\JetTemplateImpl.java,150
CLIENT:client-code:N/A:N/A,MethodCallExpr,jetbrick.template.runtime.InterpretContext,getSecurityManager,C:\Users\tyin363\Documents\repos\subchen__jetbrick-template-2x\jetbrick-template\src\main\java\jetbrick\template\parser\ast\AstInvokeMethod.java,88
JDK:java.base:N/A:N/A,ClassOrInterfaceType,java.lang.String,String,C:\Users\tyin363\Documents\repos\subchen__jetbrick-template-2x\jetbrick-template\src\main\java\jetbrick\template\resolver\method\MethodInvokerResolver.java,99
CLIENT:client-code:N/A:N/A,ClassOrInterfaceType,jetbrick.template.parser.ast.Position,Position,C:\Users\tyin363\Documents\repos\subchen__jetbrick-template-2x\jetbrick-template\src\main\java\jetbrick\template\parser\ast\AstExpression.java,25
CLIENT:client-code:N/A:N/A,NameExpr,jetbrick.template.runtime.writer.JetWriterPrinter,os,C:\Users\tyin363\Documents\repos\subchen__jetbrick-template-2x\jetbrick-template\src\main\java\jetbrick\template\runtime\writer\JetWriterPrinter.java,64
CLIENT:client-code:N/A:N/A,ClassOrInterfaceType,jetbrick.template.parser.ParserContext,ParserContext,C:\Users\tyin363\Documents\repos\subchen__jetbrick-template-2x\jetbrick-template\src\main\java\jetbrick\template\parser\ast\AstStatementList.java,120
CLIENT:client-code:N/A:N/A,NameExpr,jetbrick.template.runtime.writer.JetWriterPrinterEx,charset,C:\Users\tyin363\Documents\repos\subchen__jetbrick-template-2x\jetbrick-template\src\main\java\jetbrick\template\runtime\writer\JetWriterPrinterEx.java,71
JDK:java.base:N/A:N/A,ClassOrInterfaceType,java.util.Map,Map,C:\Users\tyin363\Documents\repos\subchen__jetbrick-template-2x\jetbrick-template\src\main\java\jetbrick\template\JetGlobalContext.java,30
CLIENT:client-code:N/A:N/A,NameExpr,jetbrick.template.JetTemplateImpl,option,C:\Users\tyin363\Documents\repos\subchen__jetbrick-template-2x\jetbrick-template\src\main\java\jetbrick\template\JetTemplateImpl.java,116
CLIENT:client-code:N/A:N/A,NameExpr,jetbrick.template.JetConfig,trimDirectiveCommentsPrefix,C:\Users\tyin363\Documents\repos\subchen__jetbrick-template-2x\jetbrick-template\src\main\java\jetbrick\template\JetConfig.java,200
JDK:java.base:N/A:N/A,MethodCallExpr,java.lang.Class,isArray,C:\Users\tyin363\Documents\repos\subchen__jetbrick-template-2x\jetbrick-template\src\main\java\jetbrick\template\parser\ast\AstInvokeIndexGet.java,63
CLIENT:client-code:N/A:N/A,ClassOrInterfaceType,jetbrick.template.parser.ast.AstDirectiveCall,AstDirectiveCall,C:\Users\tyin363\Documents\repos\subchen__jetbrick-template-2x\jetbrick-template\src\main\java\jetbrick\template\parser\AstCodeVisitor.java,415
CLIENT:client-code:N/A:N/A,MethodCallExpr,jetbrick.template.runtime.InterpretException,set,C:\Users\tyin363\Documents\repos\subchen__jetbrick-template-2x\jetbrick-template\src\main\java\jetbrick\template\parser\ast\AstInvokeMethod.java,93
CLIENT:client-code:N/A:N/A,ClassOrInterfaceType,jetbrick.template.parser.ast.AstExpression,AstExpression,C:\Users\tyin363\Documents\repos\subchen__jetbrick-template-2x\jetbrick-template\src\main\java\jetbrick\template\parser\AstCodeVisitor.java,139
CLIENT:client-code:N/A:N/A,ClassOrInterfaceType,jetbrick.template.resolver.property.Getter,Getter,C:\Users\tyin363\Documents\repos\subchen__jetbrick-template-2x\jetbrick-template\src\main\java\jetbrick\template\resolver\property\DefaultGetterResolver.java,49
JDK:java.base:N/A:N/A,FieldAccessExpr,java.lang.Boolean,TRUE,C:\Users\tyin363\Documents\repos\subchen__jetbrick-template-2x\jetbrick-template\src\main\java\jetbrick\template\parser\ast\ALU.java,393
JDK:java.base:N/A:N/A,ClassOrInterfaceType,java.io.IOException,IOException,C:\Users\tyin363\Documents\repos\subchen__jetbrick-template-2x\jetbrick-template\src\main\java\jetbrick\template\runtime\writer\JetWriterPrinterEx.java,83
JDK:java.base:N/A:N/A,MethodCallExpr,java.util.Map,put,C:\Users\tyin363\Documents\repos\subchen__jetbrick-template-2x\jetbrick-template\src\main\java\jetbrick\template\resolver\clazz\ClassResolver.java,83
CLIENT:client-code:N/A:N/A,MethodCallExpr,jetbrick.template.JetTemplateOption,isTrimLeadingWhitespaces,C:\Users\tyin363\Documents\repos\subchen__jetbrick-template-2x\jetbrick-template\src\main\java\jetbrick\template\runtime\InterpretContextImpl.java,130
CLIENT:client-code:N/A:N/A,ObjectCreationExpr,jetbrick.template.parser.SyntaxException,SyntaxException,C:\Users\tyin363\Documents\repos\subchen__jetbrick-template-2x\jetbrick-template\src\main\java\jetbrick\template\parser\AstCodeVisitor.java,841
JDK:java.base:N/A:N/A,ClassOrInterfaceType,java.lang.String,String,C:\Users\tyin363\Documents\repos\subchen__jetbrick-template-2x\jetbrick-template\src\main\java\jetbrick\template\parser\ParserContext.java,42
JDK:java.base:N/A:N/A,ObjectCreationExpr,java.util.HashMap,HashMap,C:\Users\tyin363\Documents\repos\subchen__jetbrick-template-2x\jetbrick-template\src\main\java\jetbrick\template\resolver\macro\MacroResolver.java,44
JDK:java.base:N/A:N/A,ObjectCreationExpr,java.lang.IndexOutOfBoundsException,IndexOutOfBoundsException,C:\Users\tyin363\Documents\repos\subchen__jetbrick-template-2x\jetbrick-template\src\main\java\jetbrick\template\runtime\writer\TrimLeadingWhitespacesWriter.java,55
JDK:java.base:N/A:N/A,MethodCallExpr,java.util.Map,get,C:\Users\tyin363\Documents\repos\subchen__jetbrick-template-2x\jetbrick-template\src\main\java\jetbrick\template\parser\ParserContext.java,182
JDK:java.base:N/A:N/A,MethodCallExpr,java.io.OutputStream,write,C:\Users\tyin363\Documents\repos\subchen__jetbrick-template-2x\jetbrick-template\src\main\java\jetbrick\template\runtime\writer\JetOutputStreamPrinterEx.java,85
CLIENT:client-code:N/A:N/A,ClassOrInterfaceType,jetbrick.template.resolver.method.MethodInvoker,MethodInvoker,C:\Users\tyin363\Documents\repos\subchen__jetbrick-template-2x\jetbrick-template\src\main\java\jetbrick\template\parser\ast\AstInvokeMethod.java,36
CLIENT:client-code:N/A:N/A,ClassOrInterfaceType,jetbrick.template.parser.ast.AstStatement,AstStatement,C:\Users\tyin363\Documents\repos\subchen__jetbrick-template-2x\jetbrick-template\src\main\java\jetbrick\template\parser\ast\AstStatementList.java,211
JDK:java.base:N/A:N/A,MethodCallExpr,java.lang.Long,valueOf,C:\Users\tyin363\Documents\repos\subchen__jetbrick-template-2x\jetbrick-template\src\main\java\jetbrick\template\parser\ast\ALU.java,201
CLIENT:client-code:N/A:N/A,ObjectCreationExpr,jetbrick.template.parser.SyntaxException,SyntaxException,C:\Users\tyin363\Documents\repos\subchen__jetbrick-template-2x\jetbrick-template\src\main\java\jetbrick\template\parser\AstCodeVisitor.java,311
JDK:java.base:N/A:N/A,MethodCallExpr,java.lang.Class,isArray,C:\Users\tyin363\Documents\repos\subchen__jetbrick-template-2x\jetbrick-template\src\main\java\jetbrick\template\runtime\JetForIterator.java,64
CLIENT:client-code:N/A:N/A,NameExpr,jetbrick.template.runtime.writer.JetWriterPrinter,error,C:\Users\tyin363\Documents\repos\subchen__jetbrick-template-2x\jetbrick-template\src\main\java\jetbrick\template\runtime\writer\JetWriterPrinter.java,93
CLIENT:client-code:N/A:N/A,FieldAccessExpr,jetbrick.template.parser.ast.AstTernarySimplifyOperator,objectExpression,C:\Users\tyin363\Documents\repos\subchen__jetbrick-template-2x\jetbrick-template\src\main\java\jetbrick\template\parser\ast\AstTernarySimplifyOperator.java,30
CLIENT:client-code:N/A:N/A,NameExpr,jetbrick.template.runtime.writer.TrimLeadingWhitespacesOutputStream,first,C:\Users\tyin363\Documents\repos\subchen__jetbrick-template-2x\jetbrick-template\src\main\java\jetbrick\template\runtime\writer\TrimLeadingWhitespacesOutputStream.java,46
JDK:java.base:N/A:N/A,ClassOrInterfaceType,java.io.IOException,IOException,C:\Users\tyin363\Documents\repos\subchen__jetbrick-template-2x\jetbrick-template\src\main\java\jetbrick\template\runtime\writer\TrimLeadingWhitespacesOutputStream.java,52
JDK:java.base:N/A:N/A,ClassOrInterfaceType,java.lang.Number,Number,C:\Users\tyin363\Documents\repos\subchen__jetbrick-template-2x\jetbrick-template\src\main\java\jetbrick\template\runtime\buildin\JetMethods.java,140
JDK:java.base:N/A:N/A,MethodCallExpr,java.lang.Math,min,C:\Users\tyin363\Documents\repos\subchen__jetbrick-template-2x\jetbrick-template\src\main\java\jetbrick\template\Errors.java,162
JDK:java.base:N/A:N/A,ObjectCreationExpr,java.lang.StringBuilder,StringBuilder,C:\Users\tyin363\Documents\repos\subchen__jetbrick-template-2x\jetbrick-template\src\main\java\jetbrick\template\resolver\SignatureUtils.java,28
CLIENT:client-code:N/A:N/A,FieldAccessExpr,jetbrick.template.Errors,OPERATION_BINARY_UNDEFINED,C:\Users\tyin363\Documents\repos\subchen__jetbrick-template-2x\jetbrick-template\src\main\java\jetbrick\template\parser\ast\ALU.java,516
CLIENT:client-code:N/A:N/A,NameExpr,jetbrick.template.runtime.ValueStack,index,C:\Users\tyin363\Documents\repos\subchen__jetbrick-template-2x\jetbrick-template\src\main\java\jetbrick\template\runtime\ValueStack.java,173
CLIENT:client-code:N/A:N/A,NameExpr,jetbrick.template.runtime.writer.JetOutputStreamPrinter,error,C:\Users\tyin363\Documents\repos\subchen__jetbrick-template-2x\jetbrick-template\src\main\java\jetbrick\template\runtime\writer\JetOutputStreamPrinter.java,148
com.github.subchen:jetbrick-commons:jar:2.1.9,ClassOrInterfaceType,jetbrick.bean.MethodInfo,MethodInfo,C:\Users\tyin363\Documents\repos\subchen__jetbrick-template-2x\jetbrick-template\src\main\java\jetbrick\template\resolver\function\ExtensionFunctionInvoker.java,34
CLIENT:client-code:N/A:N/A,NameExpr,jetbrick.template.parser.ast.Position,column,C:\Users\tyin363\Documents\repos\subchen__jetbrick-template-2x\jetbrick-template\src\main\java\jetbrick\template\parser\ast\Position.java,39
CLIENT:client-code:N/A:N/A,MethodCallExpr,jetbrick.template.runtime.InterpretException,set,C:\Users\tyin363\Documents\repos\subchen__jetbrick-template-2x\jetbrick-template\src\main\java\jetbrick\template\parser\ast\AstInvokeFunction.java,66
JDK:java.base:N/A:N/A,ClassOrInterfaceType,java.lang.String,String,C:\Users\tyin363\Documents\repos\subchen__jetbrick-template-2x\jetbrick-template\src\main\java\jetbrick\template\runtime\buildin\JetFunctions.java,66
JDK:java.base:N/A:N/A,ClassOrInterfaceType,java.lang.Object,Object,C:\Users\tyin363\Documents\repos\subchen__jetbrick-template-2x\jetbrick-template\src\main\java\jetbrick\template\parser\ast\AstConstantMapEntry.java,38
CLIENT:client-code:N/A:N/A,FieldAccessExpr,jetbrick.template.resolver.method.ExtensionMethodInvoker,method,C:\Users\tyin363\Documents\repos\subchen__jetbrick-template-2x\jetbrick-template\src\main\java\jetbrick\template\resolver\method\ExtensionMethodInvoker.java,35
CLIENT:client-code:N/A:N/A,NameExpr,jetbrick.template.runtime.writer.JetOutputStreamPrinter,os,C:\Users\tyin363\Documents\repos\subchen__jetbrick-template-2x\jetbrick-template\src\main\java\jetbrick\template\runtime\writer\JetOutputStreamPrinter.java,133
CLIENT:client-code:N/A:N/A,NameExpr,jetbrick.template.parser.ast.AstExpression,position,C:\Users\tyin363\Documents\repos\subchen__jetbrick-template-2x\jetbrick-template\src\main\java\jetbrick\template\parser\ast\AstInvokeMethod.java,93
JDK:java.base:N/A:N/A,ObjectCreationExpr,java.lang.String,String,C:\Users\tyin363\Documents\repos\subchen__jetbrick-template-2x\jetbrick-template\src\main\java\jetbrick\template\runtime\writer\JetOutputStreamPrinterEx.java,78
CLIENT:client-code:N/A:N/A,ClassOrInterfaceType,jetbrick.template.resolver.property.Getter,Getter,C:\Users\tyin363\Documents\repos\subchen__jetbrick-template-2x\jetbrick-template\src\main\java\jetbrick\template\resolver\property\DefaultGetterResolver.java,51
JDK:java.base:N/A:N/A,ClassOrInterfaceType,java.lang.Number,Number,C:\Users\tyin363\Documents\repos\subchen__jetbrick-template-2x\jetbrick-template\src\main\java\jetbrick\template\parser\ast\ALU.java,276
JDK:java.base:N/A:N/A,ClassOrInterfaceType,java.lang.Object,Object,C:\Users\tyin363\Documents\repos\subchen__jetbrick-template-2x\jetbrick-template\src\main\java\jetbrick\template\resolver\property\PropertyGetter.java,43
CLIENT:client-code:N/A:N/A,ClassOrInterfaceType,jetbrick.template.runtime.InterpretException,InterpretException,C:\Users\tyin363\Documents\repos\subchen__jetbrick-template-2x\jetbrick-template\src\main\java\jetbrick\template\parser\ast\AstInvokeField.java,60
CLIENT:client-code:N/A:N/A,ClassOrInterfaceType,jetbrick.template.runtime.InterpretContext,InterpretContext,C:\Users\tyin363\Documents\repos\subchen__jetbrick-template-2x\jetbrick-template\src\main\java\jetbrick\template\runtime\InterpretContext.java,31
CLIENT:client-code:N/A:N/A,NameExpr,jetbrick.template.parser.ast.AstConstantMap,entries,C:\Users\tyin363\Documents\repos\subchen__jetbrick-template-2x\jetbrick-template\src\main\java\jetbrick\template\parser\ast\AstConstantMap.java,39
com.github.subchen:jetbrick-commons:jar:2.1.9,MethodCallExpr,jetbrick.bean.Executable,isPublic,C:\Users\tyin363\Documents\repos\subchen__jetbrick-template-2x\jetbrick-template\src\main\java\jetbrick\template\resolver\method\MethodInvokerResolver.java,124
JDK:java.base:N/A:N/A,MethodCallExpr,java.util.List,size,C:\Users\tyin363\Documents\repos\subchen__jetbrick-template-2x\jetbrick-template\src\main\java\jetbrick\template\parser\ast\AstStatementList.java,263
JDK:java.base:N/A:N/A,MethodCallExpr,java.lang.Object,getClass,C:\Users\tyin363\Documents\repos\subchen__jetbrick-template-2x\jetbrick-template\src\main\java\jetbrick\template\parser\ast\ALU.java,94
CLIENT:client-code:N/A:N/A,MethodCallExpr,jetbrick.template.runtime.ValueStack,getValue,C:\Users\tyin363\Documents\repos\subchen__jetbrick-template-2x\jetbrick-template\src\main\java\jetbrick\template\runtime\buildin\JetTags.java,48
JDK:java.base:N/A:N/A,FieldAccessExpr,java.lang.Boolean,TRUE,C:\Users\tyin363\Documents\repos\subchen__jetbrick-template-2x\jetbrick-template\src\main\java\jetbrick\template\parser\ast\ALU.java,391
CLIENT:client-code:N/A:N/A,ObjectCreationExpr,jetbrick.template.parser.SyntaxException,SyntaxException,C:\Users\tyin363\Documents\repos\subchen__jetbrick-template-2x\jetbrick-template\src\main\java\jetbrick\template\parser\AstCodeVisitor.java,839
CLIENT:client-code:N/A:N/A,ClassOrInterfaceType,jetbrick.template.JetConfig,JetConfig,C:\Users\tyin363\Documents\repos\subchen__jetbrick-template-2x\jetbrick-template\src\main\java\jetbrick\template\JetEngine.java,54
JDK:java.base:N/A:N/A,ClassOrInterfaceType,java.util.Map,Map,C:\Users\tyin363\Documents\repos\subchen__jetbrick-template-2x\jetbrick-template\src\main\java\jetbrick\template\JetTemplate.java,36
CLIENT:client-code:N/A:N/A,FieldAccessExpr,jetbrick.template.Errors,OPERATION_BINARY_UNDEFINED,C:\Users\tyin363\Documents\repos\subchen__jetbrick-template-2x\jetbrick-template\src\main\java\jetbrick\template\parser\ast\ALU.java,251
JDK:java.base:N/A:N/A,ClassOrInterfaceType,java.lang.Class,Class,C:\Users\tyin363\Documents\repos\subchen__jetbrick-template-2x\jetbrick-template\src\main\java\jetbrick\template\parser\ast\AstInvokeNewArray.java,75
JDK:java.base:N/A:N/A,ClassOrInterfaceType,java.lang.RuntimeException,RuntimeException,C:\Users\tyin363\Documents\repos\subchen__jetbrick-template-2x\jetbrick-template\src\main\java\jetbrick\template\parser\ast\AstInvokeFunction.java,88
JDK:java.base:N/A:N/A,MethodCallExpr,java.lang.Number,doubleValue,C:\Users\tyin363\Documents\repos\subchen__jetbrick-template-2x\jetbrick-template\src\main\java\jetbrick\template\parser\ast\ALU.java,85
JDK:java.base:N/A:N/A,ClassOrInterfaceType,java.lang.Object,Object,C:\Users\tyin363\Documents\repos\subchen__jetbrick-template-2x\jetbrick-template\src\main\java\jetbrick\template\parser\ast\AstConstantMapEntry.java,37
CLIENT:client-code:N/A:N/A,FieldAccessExpr,jetbrick.template.Errors,EXPRESSION_LHS_IS_NULL,C:\Users\tyin363\Documents\repos\subchen__jetbrick-template-2x\jetbrick-template\src\main\java\jetbrick\template\parser\ast\AstOperatorBinary.java,63
CLIENT:client-code:N/A:N/A,NameExpr,jetbrick.template.parser.ast.AstTernaryOperator,conditionExpression,C:\Users\tyin363\Documents\repos\subchen__jetbrick-template-2x\jetbrick-template\src\main\java\jetbrick\template\parser\ast\AstTernaryOperator.java,39
CLIENT:client-code:N/A:N/A,ClassOrInterfaceType,jetbrick.template.parser.ast.AstStatementList,AstStatementList,C:\Users\tyin363\Documents\repos\subchen__jetbrick-template-2x\jetbrick-template\src\main\java\jetbrick\template\parser\ast\AstStatementList.java,54
JDK:java.base:N/A:N/A,ClassOrInterfaceType,java.lang.String,String,C:\Users\tyin363\Documents\repos\subchen__jetbrick-template-2x\jetbrick-template\src\main\java\jetbrick\template\parser\ast\AstType.java,26
JDK:java.base:N/A:N/A,ClassOrInterfaceType,java.lang.String,String,C:\Users\tyin363\Documents\repos\subchen__jetbrick-template-2x\jetbrick-template\src\main\java\jetbrick\template\parser\Symbols.java,32
JDK:java.base:N/A:N/A,ClassOrInterfaceType,java.util.concurrent.ConcurrentHashMap,ConcurrentHashMap,C:\Users\tyin363\Documents\repos\subchen__jetbrick-template-2x\jetbrick-template\src\main\java\jetbrick\template\resolver\method\MethodInvokerResolver.java,42
JDK:java.base:N/A:N/A,MethodCallExpr,java.lang.String,getBytes,C:\Users\tyin363\Documents\repos\subchen__jetbrick-template-2x\jetbrick-template\src\main\java\jetbrick\template\runtime\writer\JetOutputStreamPrinterEx.java,92
JDK:java.base:N/A:N/A,ClassOrInterfaceType,java.util.Map,Map,C:\Users\tyin363\Documents\repos\subchen__jetbrick-template-2x\jetbrick-template\src\main\java\jetbrick\template\JetGlobalContext.java,29
JDK:java.base:N/A:N/A,ClassOrInterfaceType,java.security.AccessControlException,AccessControlException,C:\Users\tyin363\Documents\repos\subchen__jetbrick-template-2x\jetbrick-template\src\main\java\jetbrick\template\JetSecurityManagerImpl.java,105
JDK:java.base:N/A:N/A,ClassOrInterfaceType,java.lang.IllegalStateException,IllegalStateException,C:\Users\tyin363\Documents\repos\subchen__jetbrick-template-2x\jetbrick-template\src\main\java\jetbrick\template\parser\ast\ALU.java,115
CLIENT:client-code:N/A:N/A,ClassOrInterfaceType,jetbrick.template.runtime.InterpretException,InterpretException,C:\Users\tyin363\Documents\repos\subchen__jetbrick-template-2x\jetbrick-template\src\main\java\jetbrick\template\parser\ast\AstInvokeIndexGet.java,83
CLIENT:client-code:N/A:N/A,NameExpr,jetbrick.template.parser.ast.AstConstantMap,entries,C:\Users\tyin363\Documents\repos\subchen__jetbrick-template-2x\jetbrick-template\src\main\java\jetbrick\template\parser\ast\AstConstantMap.java,38
CLIENT:client-code:N/A:N/A,ClassOrInterfaceType,jetbrick.template.resolver.method.MethodInvoker,MethodInvoker,C:\Users\tyin363\Documents\repos\subchen__jetbrick-template-2x\jetbrick-template\src\main\java\jetbrick\template\parser\ast\AstInvokeMethodStatic.java,59
CLIENT:client-code:N/A:N/A,FieldAccessExpr,jetbrick.template.Errors,EXPRESSION_OBJECT_IS_NULL,C:\Users\tyin363\Documents\repos\subchen__jetbrick-template-2x\jetbrick-template\src\main\java\jetbrick\template\parser\ast\AstInvokeIndexGet.java,48
JDK:java.base:N/A:N/A,ClassOrInterfaceType,java.util.Map,Map,C:\Users\tyin363\Documents\repos\subchen__jetbrick-template-2x\jetbrick-template\src\main\java\jetbrick\template\JetTemplate.java,38
JDK:java.base:N/A:N/A,ClassOrInterfaceType,java.lang.String,String,C:\Users\tyin363\Documents\repos\subchen__jetbrick-template-2x\jetbrick-template\src\main\java\jetbrick\template\resolver\function\FunctionInvokerResolver.java,115
CLIENT:client-code:N/A:N/A,ObjectCreationExpr,jetbrick.template.parser.ast.AstText.ByteArrayEncoder,ByteArrayEncoder,C:\Users\tyin363\Documents\repos\subchen__jetbrick-template-2x\jetbrick-template\src\main\java\jetbrick\template\parser\ast\AstText.java,212
JDK:java.base:N/A:N/A,MethodCallExpr,java.lang.Object,getClass,C:\Users\tyin363\Documents\repos\subchen__jetbrick-template-2x\jetbrick-template\src\main\java\jetbrick\template\parser\ast\ALU.java,93
CLIENT:client-code:N/A:N/A,NameExpr,jetbrick.template.parser.ast.AstInvokeNewArray,unsafe,C:\Users\tyin363\Documents\repos\subchen__jetbrick-template-2x\jetbrick-template\src\main\java\jetbrick\template\parser\ast\AstInvokeNewArray.java,43
JDK:java.base:N/A:N/A,ObjectCreationExpr,java.lang.String,String,C:\Users\tyin363\Documents\repos\subchen__jetbrick-template-2x\jetbrick-template\src\main\java\jetbrick\template\runtime\writer\JetWriterPrinterEx.java,71
com.github.subchen:jetbrick-commons:jar:2.1.9,MethodCallExpr,jetbrick.bean.MethodInfo,isStatic,C:\Users\tyin363\Documents\repos\subchen__jetbrick-template-2x\jetbrick-template\src\main\java\jetbrick\template\resolver\method\MethodInvokerResolver.java,125
CLIENT:client-code:N/A:N/A,FieldAccessExpr,jetbrick.template.parser.ast.AstInvokeMethod,objectExpression,C:\Users\tyin363\Documents\repos\subchen__jetbrick-template-2x\jetbrick-template\src\main\java\jetbrick\template\parser\ast\AstInvokeMethod.java,41
JDK:java.base:N/A:N/A,MethodCallExpr,java.lang.Number,floatValue,C:\Users\tyin363\Documents\repos\subchen__jetbrick-template-2x\jetbrick-template\src\main\java\jetbrick\template\parser\ast\ALU.java,106
JDK:java.base:N/A:N/A,ClassOrInterfaceType,java.lang.Class,Class,C:\Users\tyin363\Documents\repos\subchen__jetbrick-template-2x\jetbrick-template\src\main\java\jetbrick\template\runtime\ValueStack.java,127
CLIENT:client-code:N/A:N/A,ClassOrInterfaceType,jetbrick.template.runtime.JetWriter,JetWriter,C:\Users\tyin363\Documents\repos\subchen__jetbrick-template-2x\jetbrick-template\src\main\java\jetbrick\template\JetTemplateImpl.java,146
com.github.subchen:jetbrick-commons:jar:2.1.9,MethodCallExpr,jetbrick.util.DateUtils,format,C:\Users\tyin363\Documents\repos\subchen__jetbrick-template-2x\jetbrick-template\src\main\java\jetbrick\template\runtime\buildin\JetMethods.java,153
JDK:java.base:N/A:N/A,ClassOrInterfaceType,java.lang.Object,Object,C:\Users\tyin363\Documents\repos\subchen__jetbrick-template-2x\jetbrick-template\src\main\java\jetbrick\template\parser\ast\AstInvokeNewArray.java,63
JDK:java.base:N/A:N/A,MethodCallExpr,java.util.Map,get,C:\Users\tyin363\Documents\repos\subchen__jetbrick-template-2x\jetbrick-template\src\main\java\jetbrick\template\resolver\property\MapGetter.java,41
JDK:java.base:N/A:N/A,ClassOrInterfaceType,java.lang.Object,Object,C:\Users\tyin363\Documents\repos\subchen__jetbrick-template-2x\jetbrick-template\src\main\java\jetbrick\template\parser\ast\AstConstantMapEntry.java,36
CLIENT:client-code:N/A:N/A,NameExpr,jetbrick.template.parser.ast.AstText,text,C:\Users\tyin363\Documents\repos\subchen__jetbrick-template-2x\jetbrick-template\src\main\java\jetbrick\template\parser\ast\AstText.java,187
JDK:java.base:N/A:N/A,MethodCallExpr,java.util.Iterator,next,C:\Users\tyin363\Documents\repos\subchen__jetbrick-template-2x\jetbrick-template\src\main\java\jetbrick\template\runtime\JetForIterator.java,94
JDK:java.base:N/A:N/A,ClassOrInterfaceType,java.lang.String,String,C:\Users\tyin363\Documents\repos\subchen__jetbrick-template-2x\jetbrick-template\src\main\java\jetbrick\template\JetConfig.java,147
CLIENT:client-code:N/A:N/A,ClassOrInterfaceType,jetbrick.template.parser.SyntaxException,SyntaxException,C:\Users\tyin363\Documents\repos\subchen__jetbrick-template-2x\jetbrick-template\src\main\java\jetbrick\template\parser\AstCodeVisitor.java,873
CLIENT:client-code:N/A:N/A,NameExpr,jetbrick.template.parser.ast.AstInvokeNewArray,cls,C:\Users\tyin363\Documents\repos\subchen__jetbrick-template-2x\jetbrick-template\src\main\java\jetbrick\template\parser\ast\AstInvokeNewArray.java,67
CLIENT:client-code:N/A:N/A,ClassOrInterfaceType,jetbrick.template.runtime.InterpretException,InterpretException,C:\Users\tyin363\Documents\repos\subchen__jetbrick-template-2x\jetbrick-template\src\main\java\jetbrick\template\parser\ast\AstInvokeField.java,54
CLIENT:client-code:N/A:N/A,MethodCallExpr,jetbrick.template.runtime.InterpretContext,getGlobalResolver,C:\Users\tyin363\Documents\repos\subchen__jetbrick-template-2x\jetbrick-template\src\main\java\jetbrick\template\parser\ast\AstInvokeMethodStatic.java,64
CLIENT:client-code:N/A:N/A,MethodCallExpr,jetbrick.template.parser.ast.AstExpression,getPosition,C:\Users\tyin363\Documents\repos\subchen__jetbrick-template-2x\jetbrick-template\src\main\java\jetbrick\template\parser\ast\AstInvokeIndexGet.java,57
JDK:java.base:N/A:N/A,ClassOrInterfaceType,java.lang.String,String,C:\Users\tyin363\Documents\repos\subchen__jetbrick-template-2x\jetbrick-template\src\main\java\jetbrick\template\parser\Symbols.java,26
com.github.subchen:jetbrick-commons:jar:2.1.9,MethodCallExpr,jetbrick.bean.KlassInfo,getDeclaredField,C:\Users\tyin363\Documents\repos\subchen__jetbrick-template-2x\jetbrick-template\src\main\java\jetbrick\template\parser\ast\AstInvokeFieldStatic.java,51
JDK:java.base:N/A:N/A,ClassOrInterfaceType,java.nio.charset.Charset,Charset,C:\Users\tyin363\Documents\repos\subchen__jetbrick-template-2x\jetbrick-template\src\main\java\jetbrick\template\runtime\writer\JetWriterPrinter.java,49
com.github.subchen:jetbrick-commons:jar:2.1.9,MethodCallExpr,jetbrick.bean.FieldInfo,get,C:\Users\tyin363\Documents\repos\subchen__jetbrick-template-2x\jetbrick-template\src\main\java\jetbrick\template\resolver\property\FieldGetter.java,42
CLIENT:client-code:N/A:N/A,MethodCallExpr,jetbrick.template.parser.ast.ALU,bitOr,C:\Users\tyin363\Documents\repos\subchen__jetbrick-template-2x\jetbrick-template\src\main\java\jetbrick\template\parser\ast\AstOperatorBinary.java,94
JDK:java.base:N/A:N/A,ClassOrInterfaceType,java.lang.Class,Class,C:\Users\tyin363\Documents\repos\subchen__jetbrick-template-2x\jetbrick-template\src\main\java\jetbrick\template\runtime\ValueContext.java,27
CLIENT:client-code:N/A:N/A,ObjectCreationExpr,jetbrick.template.resolver.property.PropertyGetter,PropertyGetter,C:\Users\tyin363\Documents\repos\subchen__jetbrick-template-2x\jetbrick-template\src\main\java\jetbrick\template\resolver\property\DefaultGetterResolver.java,80
JDK:java.base:N/A:N/A,FieldAccessExpr,java.lang.Boolean,TRUE,C:\Users\tyin363\Documents\repos\subchen__jetbrick-template-2x\jetbrick-template\src\main\java\jetbrick\template\parser\ast\ALU.java,389
CLIENT:client-code:N/A:N/A,ClassOrInterfaceType,jetbrick.template.parser.ParserContext,ParserContext,C:\Users\tyin363\Documents\repos\subchen__jetbrick-template-2x\jetbrick-template\src\main\java\jetbrick\template\parser\AstCodeVisitor.java,83
CLIENT:client-code:N/A:N/A,MethodCallExpr,jetbrick.template.runtime.ValueContext,setLocal,C:\Users\tyin363\Documents\repos\subchen__jetbrick-template-2x\jetbrick-template\src\main\java\jetbrick\template\runtime\ValueStack.java,95
JDK:java.base:N/A:N/A,MethodCallExpr,java.lang.String,lastIndexOf,C:\Users\tyin363\Documents\repos\subchen__jetbrick-template-2x\jetbrick-template\src\main\java\jetbrick\template\JetSecurityManagerImpl.java,115
CLIENT:client-code:N/A:N/A,FieldAccessExpr,jetbrick.template.parser.ast.Tokens,MINUS,C:\Users\tyin363\Documents\repos\subchen__jetbrick-template-2x\jetbrick-template\src\main\java\jetbrick\template\parser\ast\AstOperatorBinary.java,78
CLIENT:client-code:N/A:N/A,NameExpr,jetbrick.template.parser.ast.ALU,LONG,C:\Users\tyin363\Documents\repos\subchen__jetbrick-template-2x\jetbrick-template\src\main\java\jetbrick\template\parser\ast\ALU.java,103
CLIENT:client-code:N/A:N/A,NameExpr,jetbrick.template.parser.ast.AstText,text,C:\Users\tyin363\Documents\repos\subchen__jetbrick-template-2x\jetbrick-template\src\main\java\jetbrick\template\parser\ast\AstText.java,182
CLIENT:client-code:N/A:N/A,NameExpr,jetbrick.template.parser.ast.AstTemplate,statements,C:\Users\tyin363\Documents\repos\subchen__jetbrick-template-2x\jetbrick-template\src\main\java\jetbrick\template\parser\ast\AstTemplate.java,37
CLIENT:client-code:N/A:N/A,NameExpr,jetbrick.template.JetConfig,importClasses,C:\Users\tyin363\Documents\repos\subchen__jetbrick-template-2x\jetbrick-template\src\main\java\jetbrick\template\JetConfig.java,128
JDK:java.base:N/A:N/A,ObjectCreationExpr,java.lang.IllegalStateException,IllegalStateException,C:\Users\tyin363\Documents\repos\subchen__jetbrick-template-2x\jetbrick-template\src\main\java\jetbrick\template\parser\ast\ALU.java,341
CLIENT:client-code:N/A:N/A,ClassOrInterfaceType,jetbrick.template.parser.ast.AstText,AstText,C:\Users\tyin363\Documents\repos\subchen__jetbrick-template-2x\jetbrick-template\src\main\java\jetbrick\template\parser\AstCodeVisitor.java,134
CLIENT:client-code:N/A:N/A,ObjectCreationExpr,jetbrick.template.runtime.InterpretException,InterpretException,C:\Users\tyin363\Documents\repos\subchen__jetbrick-template-2x\jetbrick-template\src\main\java\jetbrick\template\parser\ast\AstExpressionList.java,43
CLIENT:client-code:N/A:N/A,NameExpr,jetbrick.template.resolver.GlobalResolver,macroResolver,C:\Users\tyin363\Documents\repos\subchen__jetbrick-template-2x\jetbrick-template\src\main\java\jetbrick\template\resolver\GlobalResolver.java,58
CLIENT:client-code:N/A:N/A,ClassOrInterfaceType,jetbrick.template.resolver.GlobalResolver,GlobalResolver,C:\Users\tyin363\Documents\repos\subchen__jetbrick-template-2x\jetbrick-template\src\main\java\jetbrick\template\JetEngineImpl.java,164
JDK:java.base:N/A:N/A,ClassOrInterfaceType,java.lang.Number,Number,C:\Users\tyin363\Documents\repos\subchen__jetbrick-template-2x\jetbrick-template\src\main\java\jetbrick\template\parser\ast\ALU.java,277
CLIENT:client-code:N/A:N/A,FieldAccessExpr,jetbrick.template.Errors,EXPRESSION_OBJECT_IS_VOID,C:\Users\tyin363\Documents\repos\subchen__jetbrick-template-2x\jetbrick-template\src\main\java\jetbrick\template\parser\ast\AstInvokeMethod.java,58
org.antlr:antlr4-runtime:jar:4.10.1,ClassOrInterfaceType,org.antlr.v4.runtime.tree.TerminalNode,TerminalNode,C:\Users\tyin363\Documents\repos\subchen__jetbrick-template-2x\jetbrick-template\src\main\java\jetbrick\template\parser\AstCodeVisitor.java,141
JDK:java.base:N/A:N/A,ClassOrInterfaceType,java.util.Map,Map,C:\Users\tyin363\Documents\repos\subchen__jetbrick-template-2x\jetbrick-template\src\main\java\jetbrick\template\runtime\InterpretContext.java,68
CLIENT:client-code:N/A:N/A,MethodCallExpr,jetbrick.template.JetTemplate,getName,C:\Users\tyin363\Documents\repos\subchen__jetbrick-template-2x\jetbrick-template\src\main\java\jetbrick\template\parser\ast\AstDirectiveInclude.java,66
com.github.subchen:jetbrick-commons:jar:2.1.9,MethodCallExpr,jetbrick.bean.FieldInfo,getField,C:\Users\tyin363\Documents\repos\subchen__jetbrick-template-2x\jetbrick-template\src\main\java\jetbrick\template\parser\ast\AstInvokeFieldStatic.java,62
CLIENT:client-code:N/A:N/A,NameExpr,jetbrick.template.JetEngineImpl,globalContext,C:\Users\tyin363\Documents\repos\subchen__jetbrick-template-2x\jetbrick-template\src\main\java\jetbrick\template\JetEngineImpl.java,76
CLIENT:client-code:N/A:N/A,MethodCallExpr,jetbrick.template.Errors,format,C:\Users\tyin363\Documents\repos\subchen__jetbrick-template-2x\jetbrick-template\src\main\java\jetbrick\template\parser\ast\ALU.java,270
CLIENT:client-code:N/A:N/A,NameExpr,jetbrick.template.parser.ast.Position,column,C:\Users\tyin363\Documents\repos\subchen__jetbrick-template-2x\jetbrick-template\src\main\java\jetbrick\template\parser\ast\Position.java,44
CLIENT:client-code:N/A:N/A,NameExpr,jetbrick.template.resolver.tag.TagInvokerResolver,tagMap,C:\Users\tyin363\Documents\repos\subchen__jetbrick-template-2x\jetbrick-template\src\main\java\jetbrick\template\resolver\tag\TagInvokerResolver.java,120
JDK:java.base:N/A:N/A,ClassOrInterfaceType,java.lang.Number,Number,C:\Users\tyin363\Documents\repos\subchen__jetbrick-template-2x\jetbrick-template\src\main\java\jetbrick\template\runtime\buildin\JetMethods.java,144
JDK:java.base:N/A:N/A,MethodCallExpr,java.lang.StringBuilder,toString,C:\Users\tyin363\Documents\repos\subchen__jetbrick-template-2x\jetbrick-template\src\main\java\jetbrick\template\Errors.java,156
CLIENT:client-code:N/A:N/A,MethodCallExpr,jetbrick.template.resolver.GlobalResolver,resolveClass,C:\Users\tyin363\Documents\repos\subchen__jetbrick-template-2x\jetbrick-template\src\main\java\jetbrick\template\resolver\GlobalResolver.java,137
JDK:java.base:N/A:N/A,MethodCallExpr,java.lang.reflect.Method,getAnnotation,C:\Users\tyin363\Documents\repos\subchen__jetbrick-template-2x\jetbrick-template\src\main\java\jetbrick\template\resolver\tag\TagInvokerResolver.java,69
CLIENT:client-code:N/A:N/A,ClassOrInterfaceType,jetbrick.template.parser.ast.AstStatementList,AstStatementList,C:\Users\tyin363\Documents\repos\subchen__jetbrick-template-2x\jetbrick-template\src\main\java\jetbrick\template\parser\AstCodeVisitor.java,282
JDK:java.base:N/A:N/A,MethodCallExpr,java.io.Writer,write,C:\Users\tyin363\Documents\repos\subchen__jetbrick-template-2x\jetbrick-template\src\main\java\jetbrick\template\runtime\writer\JetWriterPrinterEx.java,85
JDK:java.base:N/A:N/A,ClassOrInterfaceType,java.lang.String,String,C:\Users\tyin363\Documents\repos\subchen__jetbrick-template-2x\jetbrick-template\src\main\java\jetbrick\template\parser\ast\AstType.java,31
CLIENT:client-code:N/A:N/A,ClassOrInterfaceType,jetbrick.template.parser.ParserContext,ParserContext,C:\Users\tyin363\Documents\repos\subchen__jetbrick-template-2x\jetbrick-template\src\main\java\jetbrick\template\parser\AstCodeVisitor.java,85
CLIENT:client-code:N/A:N/A,ObjectCreationExpr,jetbrick.template.parser.SyntaxException,SyntaxException,C:\Users\tyin363\Documents\repos\subchen__jetbrick-template-2x\jetbrick-template\src\main\java\jetbrick\template\parser\AstCodeVisitor.java,836
CLIENT:client-code:N/A:N/A,ClassOrInterfaceType,jetbrick.template.resolver.method.ClassBuildinMethodInvoker,ClassBuildinMethodInvoker,C:\Users\tyin363\Documents\repos\subchen__jetbrick-template-2x\jetbrick-template\src\main\java\jetbrick\template\resolver\method\MethodInvokerResolver.java,126
CLIENT:client-code:N/A:N/A,ClassOrInterfaceType,jetbrick.template.parser.ast.Position,Position,C:\Users\tyin363\Documents\repos\subchen__jetbrick-template-2x\jetbrick-template\src\main\java\jetbrick\template\Errors.java,133
CLIENT:client-code:N/A:N/A,NameExpr,jetbrick.template.runtime.writer.JetOutputStreamPrinterEx,os,C:\Users\tyin363\Documents\repos\subchen__jetbrick-template-2x\jetbrick-template\src\main\java\jetbrick\template\runtime\writer\JetOutputStreamPrinterEx.java,78
JDK:java.base:N/A:N/A,ClassOrInterfaceType,java.lang.String,String,C:\Users\tyin363\Documents\repos\subchen__jetbrick-template-2x\jetbrick-template\src\main\java\jetbrick\template\parser\ast\AstText.java,281
CLIENT:client-code:N/A:N/A,FieldAccessExpr,jetbrick.template.Errors,UNREACHABLE_CODE,C:\Users\tyin363\Documents\repos\subchen__jetbrick-template-2x\jetbrick-template\src\main\java\jetbrick\template\parser\AstCodeVisitor.java,601
CLIENT:client-code:N/A:N/A,ClassOrInterfaceType,jetbrick.template.parser.ast.AstExpressionList,AstExpressionList,C:\Users\tyin363\Documents\repos\subchen__jetbrick-template-2x\jetbrick-template\src\main\java\jetbrick\template\parser\AstCodeVisitor.java,498
CLIENT:client-code:N/A:N/A,NameExpr,jetbrick.template.parser.ast.ALU,FLOAT,C:\Users\tyin363\Documents\repos\subchen__jetbrick-template-2x\jetbrick-template\src\main\java\jetbrick\template\parser\ast\ALU.java,82
CLIENT:client-code:N/A:N/A,MethodCallExpr,jetbrick.template.parser.ast.AstExpression,getPosition,C:\Users\tyin363\Documents\repos\subchen__jetbrick-template-2x\jetbrick-template\src\main\java\jetbrick\template\parser\ast\AstInvokeIndexGet.java,55
JDK:java.base:N/A:N/A,ClassOrInterfaceType,java.lang.Class,Class,C:\Users\tyin363\Documents\repos\subchen__jetbrick-template-2x\jetbrick-template\src\main\java\jetbrick\template\resolver\GlobalResolver.java,216
CLIENT:client-code:N/A:N/A,FieldAccessExpr,jetbrick.template.parser.ParserContext,safecall,C:\Users\tyin363\Documents\repos\subchen__jetbrick-template-2x\jetbrick-template\src\main\java\jetbrick\template\parser\ParserContext.java,84
JDK:java.base:N/A:N/A,ClassOrInterfaceType,java.lang.String,String,C:\Users\tyin363\Documents\repos\subchen__jetbrick-template-2x\jetbrick-template\src\main\java\jetbrick\template\JetConfig.java,143
CLIENT:client-code:N/A:N/A,NameExpr,jetbrick.template.parser.ast.AstExpression,position,C:\Users\tyin363\Documents\repos\subchen__jetbrick-template-2x\jetbrick-template\src\main\java\jetbrick\template\parser\ast\AstInvokeFunction.java,66
CLIENT:client-code:N/A:N/A,NameExpr,jetbrick.template.parser.ast.AstStatementList.ListIterator,size,C:\Users\tyin363\Documents\repos\subchen__jetbrick-template-2x\jetbrick-template\src\main\java\jetbrick\template\parser\ast\AstStatementList.java,249
CLIENT:client-code:N/A:N/A,ClassOrInterfaceType,jetbrick.template.JetAnnotations,JetAnnotations,C:\Users\tyin363\Documents\repos\subchen__jetbrick-template-2x\jetbrick-template\src\main\java\jetbrick\template\resolver\tag\TagInvokerResolver.java,69
CLIENT:client-code:N/A:N/A,ObjectCreationExpr,jetbrick.template.runtime.ValueContext,ValueContext,C:\Users\tyin363\Documents\repos\subchen__jetbrick-template-2x\jetbrick-template\src\main\java\jetbrick\template\runtime\ValueStack.java,64
CLIENT:client-code:N/A:N/A,ClassOrInterfaceType,jetbrick.template.parser.ast.AstExpression,AstExpression,C:\Users\tyin363\Documents\repos\subchen__jetbrick-template-2x\jetbrick-template\src\main\java\jetbrick\template\parser\ast\AstInvokeFunction.java,31
JDK:java.base:N/A:N/A,MethodCallExpr,java.util.List,get,C:\Users\tyin363\Documents\repos\subchen__jetbrick-template-2x\jetbrick-template\src\main\java\jetbrick\template\parser\AstCodeVisitor.java,387
JDK:java.base:N/A:N/A,MethodCallExpr,java.lang.reflect.Field,getModifiers,C:\Users\tyin363\Documents\repos\subchen__jetbrick-template-2x\jetbrick-template\src\main\java\jetbrick\template\JetSecurityManagerImpl.java,147
CLIENT:client-code:N/A:N/A,MethodCallExpr,jetbrick.template.resolver.macro.MacroResolver,checkImportedMacrosReload,C:\Users\tyin363\Documents\repos\subchen__jetbrick-template-2x\jetbrick-template\src\main\java\jetbrick\template\resolver\macro\MacroResolver.java,64
JDK:java.base:N/A:N/A,ClassOrInterfaceType,java.security.MessageDigest,MessageDigest,C:\Users\tyin363\Documents\repos\subchen__jetbrick-template-2x\jetbrick-template\src\main\java\jetbrick\template\runtime\buildin\JetMethods.java,224
CLIENT:client-code:N/A:N/A,FieldAccessExpr,jetbrick.template.parser.ast.ALU,VOID,C:\Users\tyin363\Documents\repos\subchen__jetbrick-template-2x\jetbrick-template\src\main\java\jetbrick\template\parser\ast\AstInvokeMethodStatic.java,91
JDK:java.base:N/A:N/A,ClassOrInterfaceType,java.lang.String,String,C:\Users\tyin363\Documents\repos\subchen__jetbrick-template-2x\jetbrick-template\src\main\java\jetbrick\template\JetEngine.java,123
CLIENT:client-code:N/A:N/A,FieldAccessExpr,jetbrick.template.JetTemplateMacro,template,C:\Users\tyin363\Documents\repos\subchen__jetbrick-template-2x\jetbrick-template\src\main\java\jetbrick\template\JetTemplateMacro.java,36
JDK:java.base:N/A:N/A,ClassOrInterfaceType,java.lang.String,String,C:\Users\tyin363\Documents\repos\subchen__jetbrick-template-2x\jetbrick-template\src\main\java\jetbrick\template\runtime\InterpretContextImpl.java,120
JDK:java.base:N/A:N/A,MethodCallExpr,java.lang.Float,valueOf,C:\Users\tyin363\Documents\repos\subchen__jetbrick-template-2x\jetbrick-template\src\main\java\jetbrick\template\parser\ast\ALU.java,205
JDK:java.base:N/A:N/A,ClassOrInterfaceType,java.lang.String,String,C:\Users\tyin363\Documents\repos\subchen__jetbrick-template-2x\jetbrick-template\src\main\java\jetbrick\template\resolver\GlobalResolver.java,97
JDK:java.base:N/A:N/A,ClassOrInterfaceType,java.lang.String,String,C:\Users\tyin363\Documents\repos\subchen__jetbrick-template-2x\jetbrick-template\src\main\java\jetbrick\template\parser\Symbols.java,28
CLIENT:client-code:N/A:N/A,MethodCallExpr,jetbrick.template.JetConfig,getImportTags,C:\Users\tyin363\Documents\repos\subchen__jetbrick-template-2x\jetbrick-template\src\main\java\jetbrick\template\JetEngineImpl.java,183
JDK:java.base:N/A:N/A,ClassOrInterfaceType,java.lang.String,String,C:\Users\tyin363\Documents\repos\subchen__jetbrick-template-2x\jetbrick-template\src\main\java\jetbrick\template\resolver\clazz\ClassResolver.java,126
CLIENT:client-code:N/A:N/A,MethodCallExpr,jetbrick.template.JetTemplate,getOption,C:\Users\tyin363\Documents\repos\subchen__jetbrick-template-2x\jetbrick-template\src\main\java\jetbrick\template\parser\ast\AstInvokeField.java,49
JDK:java.base:N/A:N/A,ClassOrInterfaceType,java.util.List,List,C:\Users\tyin363\Documents\repos\subchen__jetbrick-template-2x\jetbrick-template\src\main\java\jetbrick\template\runtime\JetForIterator.java,53
CLIENT:client-code:N/A:N/A,MethodCallExpr,jetbrick.template.resolver.ParameterUtils,getActualArguments,C:\Users\tyin363\Documents\repos\subchen__jetbrick-template-2x\jetbrick-template\src\main\java\jetbrick\template\resolver\method\ClassBuildinMethodInvoker.java,53
CLIENT:client-code:N/A:N/A,NameExpr,jetbrick.template.parser.ast.AstDirective,position,C:\Users\tyin363\Documents\repos\subchen__jetbrick-template-2x\jetbrick-template\src\main\java\jetbrick\template\parser\ast\AstDirectiveTag.java,78
JDK:java.base:N/A:N/A,ClassOrInterfaceType,java.lang.IllegalStateException,IllegalStateException,C:\Users\tyin363\Documents\repos\subchen__jetbrick-template-2x\jetbrick-template\src\main\java\jetbrick\template\parser\ast\ALU.java,111
CLIENT:client-code:N/A:N/A,ClassOrInterfaceType,jetbrick.template.parser.ast.AstNode,AstNode,C:\Users\tyin363\Documents\repos\subchen__jetbrick-template-2x\jetbrick-template\src\main\java\jetbrick\template\parser\AstCodeVisitor.java,806
com.github.subchen:jetbrick-commons:jar:2.1.9,ObjectCreationExpr,jetbrick.io.stream.UnsafeCharArrayWriter,UnsafeCharArrayWriter,C:\Users\tyin363\Documents\repos\subchen__jetbrick-template-2x\jetbrick-template\src\main\java\jetbrick\template\runtime\JetTagContext.java,44
JDK:java.base:N/A:N/A,MethodCallExpr,java.lang.Double,valueOf,C:\Users\tyin363\Documents\repos\subchen__jetbrick-template-2x\jetbrick-template\src\main\java\jetbrick\template\parser\ast\ALU.java,179
CLIENT:client-code:N/A:N/A,ClassOrInterfaceType,jetbrick.template.resolver.GlobalResolver,GlobalResolver,C:\Users\tyin363\Documents\repos\subchen__jetbrick-template-2x\jetbrick-template\src\main\java\jetbrick\template\JetEngineImpl.java,162
CLIENT:client-code:N/A:N/A,MethodCallExpr,jetbrick.template.JetTemplate,reload,C:\Users\tyin363\Documents\repos\subchen__jetbrick-template-2x\jetbrick-template\src\main\java\jetbrick\template\JetEngineImpl.java,113
CLIENT:client-code:N/A:N/A,NameExpr,jetbrick.template.runtime.writer.JetWriterPrinter,error,C:\Users\tyin363\Documents\repos\subchen__jetbrick-template-2x\jetbrick-template\src\main\java\jetbrick\template\runtime\writer\JetWriterPrinter.java,87
JDK:java.base:N/A:N/A,ClassOrInterfaceType,java.lang.String,String,C:\Users\tyin363\Documents\repos\subchen__jetbrick-template-2x\jetbrick-template\src\main\java\jetbrick\template\runtime\ValueContext.java,38
CLIENT:client-code:N/A:N/A,ClassOrInterfaceType,jetbrick.template.parser.ast.AstDirective,AstDirective,C:\Users\tyin363\Documents\repos\subchen__jetbrick-template-2x\jetbrick-template\src\main\java\jetbrick\template\parser\ast\AstDirectiveFor.java,26
CLIENT:client-code:N/A:N/A,ClassOrInterfaceType,jetbrick.template.runtime.InterpretContext,InterpretContext,C:\Users\tyin363\Documents\repos\subchen__jetbrick-template-2x\jetbrick-template\src\main\java\jetbrick\template\parser\ast\AstDirectiveCall.java,42
CLIENT:client-code:N/A:N/A,ClassOrInterfaceType,jetbrick.template.runtime.JetWriter,JetWriter,C:\Users\tyin363\Documents\repos\subchen__jetbrick-template-2x\jetbrick-template\src\main\java\jetbrick\template\JetTemplateImpl.java,150
JDK:java.base:N/A:N/A,MethodCallExpr,java.util.Arrays,asList,C:\Users\tyin363\Documents\repos\subchen__jetbrick-template-2x\jetbrick-template\src\main\java\jetbrick\template\resolver\GlobalResolver.java,67
CLIENT:client-code:N/A:N/A,NameExpr,jetbrick.template.parser.ast.AstStatementList.ListIterator,index,C:\Users\tyin363\Documents\repos\subchen__jetbrick-template-2x\jetbrick-template\src\main\java\jetbrick\template\parser\ast\AstStatementList.java,258
com.github.subchen:jetbrick-commons:jar:2.1.9,MethodCallExpr,jetbrick.bean.Executable,getSignature,C:\Users\tyin363\Documents\repos\subchen__jetbrick-template-2x\jetbrick-template\src\main\java\jetbrick\template\resolver\method\ExtensionMethodInvoker.java,66
JDK:java.base:N/A:N/A,ClassOrInterfaceType,java.lang.String,String,C:\Users\tyin363\Documents\repos\subchen__jetbrick-template-2x\jetbrick-template\src\main\java\jetbrick\template\parser\ParserContext.java,41
CLIENT:client-code:N/A:N/A,NameExpr,jetbrick.template.runtime.writer.JetOutputStreamPrinter,error,C:\Users\tyin363\Documents\repos\subchen__jetbrick-template-2x\jetbrick-template\src\main\java\jetbrick\template\runtime\writer\JetOutputStreamPrinter.java,154
CLIENT:client-code:N/A:N/A,FieldAccessExpr,jetbrick.template.Errors,DIRECTIVE_MACRO_NAME_DUPLICATED,C:\Users\tyin363\Documents\repos\subchen__jetbrick-template-2x\jetbrick-template\src\main\java\jetbrick\template\parser\ParserContext.java,239
JDK:java.base:N/A:N/A,MethodCallExpr,java.util.List,contains,C:\Users\tyin363\Documents\repos\subchen__jetbrick-template-2x\jetbrick-template\src\main\java\jetbrick\template\resolver\clazz\ClassResolver.java,71
JDK:java.base:N/A:N/A,ClassOrInterfaceType,java.lang.Object,Object,C:\Users\tyin363\Documents\repos\subchen__jetbrick-template-2x\jetbrick-template\src\main\java\jetbrick\template\resolver\property\FieldGetter.java,41
JDK:java.base:N/A:N/A,ClassOrInterfaceType,java.lang.Class,Class,C:\Users\tyin363\Documents\repos\subchen__jetbrick-template-2x\jetbrick-template\src\main\java\jetbrick\template\runtime\ValueStack.java,123
JDK:java.base:N/A:N/A,MethodCallExpr,java.lang.Object,getClass,C:\Users\tyin363\Documents\repos\subchen__jetbrick-template-2x\jetbrick-template\src\main\java\jetbrick\template\parser\ast\ALU.java,385
JDK:java.base:N/A:N/A,FieldAccessExpr,java.lang.Boolean,TRUE,C:\Users\tyin363\Documents\repos\subchen__jetbrick-template-2x\jetbrick-template\src\main\java\jetbrick\template\parser\ast\ALU.java,418
CLIENT:client-code:N/A:N/A,NameExpr,jetbrick.template.runtime.writer.JetWriterPrinter,os,C:\Users\tyin363\Documents\repos\subchen__jetbrick-template-2x\jetbrick-template\src\main\java\jetbrick\template\runtime\writer\JetWriterPrinter.java,40
CLIENT:client-code:N/A:N/A,MethodCallExpr,jetbrick.template.parser.SyntaxException,set,C:\Users\tyin363\Documents\repos\subchen__jetbrick-template-2x\jetbrick-template\src\main\java\jetbrick\template\parser\AstCodeVisitor.java,439
JDK:java.base:N/A:N/A,ClassOrInterfaceType,java.lang.Object,Object,C:\Users\tyin363\Documents\repos\subchen__jetbrick-template-2x\jetbrick-template\src\main\java\jetbrick\template\parser\ast\AstDirectiveStop.java,36
CLIENT:client-code:N/A:N/A,MethodCallExpr,jetbrick.template.parser.ast.AstType,getPosition,C:\Users\tyin363\Documents\repos\subchen__jetbrick-template-2x\jetbrick-template\src\main\java\jetbrick\template\parser\AstCodeVisitor.java,903
CLIENT:client-code:N/A:N/A,ClassOrInterfaceType,jetbrick.template.parser.ast.AstExpression,AstExpression,C:\Users\tyin363\Documents\repos\subchen__jetbrick-template-2x\jetbrick-template\src\main\java\jetbrick\template\parser\ast\AstConstantList.java,25
com.github.subchen:jetbrick-commons:jar:2.1.9,MethodCallExpr,jetbrick.util.ExceptionUtils,unchecked,C:\Users\tyin363\Documents\repos\subchen__jetbrick-template-2x\jetbrick-template\src\main\java\jetbrick\template\resolver\clazz\ClassResolver.java,92
CLIENT:client-code:N/A:N/A,ClassOrInterfaceType,jetbrick.template.parser.ast.Position,Position,C:\Users\tyin363\Documents\repos\subchen__jetbrick-template-2x\jetbrick-template\src\main\java\jetbrick\template\parser\ast\AstDirectiveTag.java,35
CLIENT:client-code:N/A:N/A,ClassOrInterfaceType,jetbrick.template.parser.ast.AstStatement,AstStatement,C:\Users\tyin363\Documents\repos\subchen__jetbrick-template-2x\jetbrick-template\src\main\java\jetbrick\template\parser\ast\AstDirectiveIf.java,27
JDK:java.base:N/A:N/A,MethodCallExpr,java.lang.Number,floatValue,C:\Users\tyin363\Documents\repos\subchen__jetbrick-template-2x\jetbrick-template\src\main\java\jetbrick\template\parser\ast\ALU.java,83
CLIENT:client-code:N/A:N/A,NameExpr,jetbrick.template.parser.ast.AstStatementList.ListIterator,index,C:\Users\tyin363\Documents\repos\subchen__jetbrick-template-2x\jetbrick-template\src\main\java\jetbrick\template\parser\ast\AstStatementList.java,236
CLIENT:client-code:N/A:N/A,ClassOrInterfaceType,jetbrick.template.parser.ast.AstType,AstType,C:\Users\tyin363\Documents\repos\subchen__jetbrick-template-2x\jetbrick-template\src\main\java\jetbrick\template\parser\AstCodeVisitor.java,633
CLIENT:client-code:N/A:N/A,ClassOrInterfaceType,jetbrick.template.parser.ast.AstExpression,AstExpression,C:\Users\tyin363\Documents\repos\subchen__jetbrick-template-2x\jetbrick-template\src\main\java\jetbrick\template\parser\AstCodeVisitor.java,659
CLIENT:client-code:N/A:N/A,NameExpr,jetbrick.template.parser.AstCodeVisitor,parseCtx,C:\Users\tyin363\Documents\repos\subchen__jetbrick-template-2x\jetbrick-template\src\main\java\jetbrick\template\parser\AstCodeVisitor.java,678
CLIENT:client-code:N/A:N/A,MethodCallExpr,jetbrick.template.runtime.ValueStack,push,C:\Users\tyin363\Documents\repos\subchen__jetbrick-template-2x\jetbrick-template\src\main\java\jetbrick\template\runtime\InterpretContextImpl.java,167
CLIENT:client-code:N/A:N/A,NameExpr,jetbrick.template.parser.ast.AstText,encoder,C:\Users\tyin363\Documents\repos\subchen__jetbrick-template-2x\jetbrick-template\src\main\java\jetbrick\template\parser\ast\AstText.java,207
CLIENT:client-code:N/A:N/A,MethodCallExpr,jetbrick.template.JetTemplate,getName,C:\Users\tyin363\Documents\repos\subchen__jetbrick-template-2x\jetbrick-template\src\main\java\jetbrick\template\runtime\buildin\JetFunctions.java,98
JDK:java.base:N/A:N/A,MethodCallExpr,java.lang.StringBuilder,toString,C:\Users\tyin363\Documents\repos\subchen__jetbrick-template-2x\jetbrick-template\src\main\java\jetbrick\template\resolver\SignatureUtils.java,64
JDK:java.base:N/A:N/A,ClassOrInterfaceType,java.lang.IllegalStateException,IllegalStateException,C:\Users\tyin363\Documents\repos\subchen__jetbrick-template-2x\jetbrick-template\src\main\java\jetbrick\template\parser\ast\AstDirectiveSet.java,40
CLIENT:client-code:N/A:N/A,NameExpr,jetbrick.template.parser.ast.AstInvokeField,unsafe,C:\Users\tyin363\Documents\repos\subchen__jetbrick-template-2x\jetbrick-template\src\main\java\jetbrick\template\parser\ast\AstInvokeField.java,84
JDK:java.base:N/A:N/A,ClassOrInterfaceType,java.security.MessageDigest,MessageDigest,C:\Users\tyin363\Documents\repos\subchen__jetbrick-template-2x\jetbrick-template\src\main\java\jetbrick\template\runtime\buildin\JetMethods.java,243
CLIENT:client-code:N/A:N/A,NameExpr,jetbrick.template.runtime.InterpretContextImpl,globalResolver,C:\Users\tyin363\Documents\repos\subchen__jetbrick-template-2x\jetbrick-template\src\main\java\jetbrick\template\runtime\InterpretContextImpl.java,66
CLIENT:client-code:N/A:N/A,MethodCallExpr,jetbrick.template.runtime.buildin.JetFunctions,includeGet,C:\Users\tyin363\Documents\repos\subchen__jetbrick-template-2x\jetbrick-template\src\main\java\jetbrick\template\runtime\buildin\JetFunctions.java,67
CLIENT:client-code:N/A:N/A,NameExpr,jetbrick.template.parser.ast.AstDirectiveTag,name,C:\Users\tyin363\Documents\repos\subchen__jetbrick-template-2x\jetbrick-template\src\main\java\jetbrick\template\parser\ast\AstDirectiveTag.java,62
CLIENT:client-code:N/A:N/A,FieldAccessExpr,jetbrick.template.runtime.ValueStack,globalContext,C:\Users\tyin363\Documents\repos\subchen__jetbrick-template-2x\jetbrick-template\src\main\java\jetbrick\template\runtime\ValueStack.java,44
CLIENT:client-code:N/A:N/A,ClassOrInterfaceType,jetbrick.template.parser.ast.AstExpression,AstExpression,C:\Users\tyin363\Documents\repos\subchen__jetbrick-template-2x\jetbrick-template\src\main\java\jetbrick\template\parser\ast\AstInvokeIndexGet.java,34
JDK:java.base:N/A:N/A,ClassOrInterfaceType,java.util.Map,Map,C:\Users\tyin363\Documents\repos\subchen__jetbrick-template-2x\jetbrick-template\src\main\java\jetbrick\template\resolver\property\MapGetter.java,41
CLIENT:client-code:N/A:N/A,ObjectCreationExpr,jetbrick.template.parser.SyntaxException,SyntaxException,C:\Users\tyin363\Documents\repos\subchen__jetbrick-template-2x\jetbrick-template\src\main\java\jetbrick\template\parser\AstCodeVisitor.java,848
JDK:java.base:N/A:N/A,ClassOrInterfaceType,java.lang.String,String,C:\Users\tyin363\Documents\repos\subchen__jetbrick-template-2x\jetbrick-template\src\main\java\jetbrick\template\resolver\tag\TagInvokerResolver.java,100
JDK:java.base:N/A:N/A,MethodCallExpr,java.io.OutputStream,write,C:\Users\tyin363\Documents\repos\subchen__jetbrick-template-2x\jetbrick-template\src\main\java\jetbrick\template\runtime\writer\JetOutputStreamPrinter.java,133
JDK:java.base:N/A:N/A,MethodCallExpr,java.io.OutputStream,write,C:\Users\tyin363\Documents\repos\subchen__jetbrick-template-2x\jetbrick-template\src\main\java\jetbrick\template\runtime\writer\JetOutputStreamPrinterEx.java,78
JDK:java.base:N/A:N/A,ClassOrInterfaceType,java.lang.String,String,C:\Users\tyin363\Documents\repos\subchen__jetbrick-template-2x\jetbrick-template\src\main\java\jetbrick\template\parser\ast\AstText.java,268
CLIENT:client-code:N/A:N/A,NameExpr,jetbrick.template.resolver.tag.TagInvokerResolver,tagMap,C:\Users\tyin363\Documents\repos\subchen__jetbrick-template-2x\jetbrick-template\src\main\java\jetbrick\template\resolver\tag\TagInvokerResolver.java,91
CLIENT:client-code:N/A:N/A,MethodCallExpr,jetbrick.template.parser.SyntaxException,set,C:\Users\tyin363\Documents\repos\subchen__jetbrick-template-2x\jetbrick-template\src\main\java\jetbrick\template\parser\AstBuilder.java,52
JDK:java.base:N/A:N/A,MethodCallExpr,java.util.List,add,C:\Users\tyin363\Documents\repos\subchen__jetbrick-template-2x\jetbrick-template\src\main\java\jetbrick\template\runtime\JetForIterator.java,82
JDK:java.base:N/A:N/A,ClassOrInterfaceType,java.lang.IllegalStateException,IllegalStateException,C:\Users\tyin363\Documents\repos\subchen__jetbrick-template-2x\jetbrick-template\src\main\java\jetbrick\template\JetConfig.java,91
CLIENT:client-code:N/A:N/A,NameExpr,jetbrick.template.parser.ast.AstDirective,position,C:\Users\tyin363\Documents\repos\subchen__jetbrick-template-2x\jetbrick-template\src\main\java\jetbrick\template\parser\ast\AstDirectiveTag.java,63
CLIENT:client-code:N/A:N/A,ClassOrInterfaceType,jetbrick.template.parser.SyntaxException,SyntaxException,C:\Users\tyin363\Documents\repos\subchen__jetbrick-template-2x\jetbrick-template\src\main\java\jetbrick\template\parser\AstCodeVisitor.java,367
JDK:java.base:N/A:N/A,ClassOrInterfaceType,java.lang.String,String,C:\Users\tyin363\Documents\repos\subchen__jetbrick-template-2x\jetbrick-template\src\main\java\jetbrick\template\runtime\InterpretContextImpl.java,115
CLIENT:client-code:N/A:N/A,MethodCallExpr,jetbrick.template.resolver.method.MethodInvokerResolver,resolve,C:\Users\tyin363\Documents\repos\subchen__jetbrick-template-2x\jetbrick-template\src\main\java\jetbrick\template\resolver\GlobalResolver.java,203
CLIENT:client-code:N/A:N/A,FieldAccessExpr,jetbrick.template.parser.ast.AstConstant,value,C:\Users\tyin363\Documents\repos\subchen__jetbrick-template-2x\jetbrick-template\src\main\java\jetbrick\template\parser\ast\AstConstant.java,29
CLIENT:client-code:N/A:N/A,ClassOrInterfaceType,jetbrick.template.parser.ast.Position,Position,C:\Users\tyin363\Documents\repos\subchen__jetbrick-template-2x\jetbrick-template\src\main\java\jetbrick\template\parser\ast\AstTernaryOperator.java,30
CLIENT:client-code:N/A:N/A,ClassOrInterfaceType,jetbrick.template.runtime.JetTagContext,JetTagContext,C:\Users\tyin363\Documents\repos\subchen__jetbrick-template-2x\jetbrick-template\src\main\java\jetbrick\template\parser\ast\AstDirectiveTag.java,32
CLIENT:client-code:N/A:N/A,MethodCallExpr,jetbrick.template.JetTemplate,reload,C:\Users\tyin363\Documents\repos\subchen__jetbrick-template-2x\jetbrick-template\src\main\java\jetbrick\template\JetEngineImpl.java,94
JDK:java.base:N/A:N/A,ClassOrInterfaceType,java.lang.String,String,C:\Users\tyin363\Documents\repos\subchen__jetbrick-template-2x\jetbrick-template\src\main\java\jetbrick\template\runtime\ValueContext.java,53
CLIENT:client-code:N/A:N/A,FieldAccessExpr,jetbrick.template.parser.ast.Tokens,NOT,C:\Users\tyin363\Documents\repos\subchen__jetbrick-template-2x\jetbrick-template\src\main\java\jetbrick\template\parser\ast\AstOperatorEquals.java,61
JDK:java.base:N/A:N/A,ClassOrInterfaceType,java.lang.String,String,C:\Users\tyin363\Documents\repos\subchen__jetbrick-template-2x\jetbrick-template\src\main\java\jetbrick\template\resolver\clazz\ClassResolver.java,127
CLIENT:client-code:N/A:N/A,NameExpr,jetbrick.template.runtime.writer.TrimLeadingWhitespacesOutputStream,first,C:\Users\tyin363\Documents\repos\subchen__jetbrick-template-2x\jetbrick-template\src\main\java\jetbrick\template\runtime\writer\TrimLeadingWhitespacesOutputStream.java,53
JDK:java.base:N/A:N/A,ClassOrInterfaceType,java.io.Writer,Writer,C:\Users\tyin363\Documents\repos\subchen__jetbrick-template-2x\jetbrick-template\src\main\java\jetbrick\template\runtime\writer\TrimLeadingWhitespacesWriter.java,26
CLIENT:client-code:N/A:N/A,ClassOrInterfaceType,jetbrick.template.parser.ast.AstTemplate,AstTemplate,C:\Users\tyin363\Documents\repos\subchen__jetbrick-template-2x\jetbrick-template\src\main\java\jetbrick\template\JetTemplateImpl.java,212
JDK:java.base:N/A:N/A,FieldAccessExpr,java.lang.Boolean,TRUE,C:\Users\tyin363\Documents\repos\subchen__jetbrick-template-2x\jetbrick-template\src\main\java\jetbrick\template\parser\ast\ALU.java,416
CLIENT:client-code:N/A:N/A,NameExpr,jetbrick.template.parser.ast.AstText,text,C:\Users\tyin363\Documents\repos\subchen__jetbrick-template-2x\jetbrick-template\src\main\java\jetbrick\template\parser\ast\AstText.java,164
CLIENT:client-code:N/A:N/A,NameExpr,jetbrick.template.resolver.property.PropertyGetter,getter,C:\Users\tyin363\Documents\repos\subchen__jetbrick-template-2x\jetbrick-template\src\main\java\jetbrick\template\resolver\property\PropertyGetter.java,39
JDK:java.base:N/A:N/A,ClassOrInterfaceType,java.lang.String,String,C:\Users\tyin363\Documents\repos\subchen__jetbrick-template-2x\jetbrick-template\src\main\java\jetbrick\template\parser\ast\AstConstant.java,42
JDK:java.base:N/A:N/A,ClassOrInterfaceType,java.util.Map,Map,C:\Users\tyin363\Documents\repos\subchen__jetbrick-template-2x\jetbrick-template\src\main\java\jetbrick\template\parser\ast\AstDirectiveMacro.java,29
JDK:java.base:N/A:N/A,ClassOrInterfaceType,java.lang.String,String,C:\Users\tyin363\Documents\repos\subchen__jetbrick-template-2x\jetbrick-template\src\main\java\jetbrick\template\resolver\tag\TagInvokerResolver.java,99
JDK:java.base:N/A:N/A,MethodCallExpr,java.lang.Object,getClass,C:\Users\tyin363\Documents\repos\subchen__jetbrick-template-2x\jetbrick-template\src\main\java\jetbrick\template\parser\ast\ALU.java,119
CLIENT:client-code:N/A:N/A,ClassOrInterfaceType,jetbrick.template.parser.ast.AstExpression,AstExpression,C:\Users\tyin363\Documents\repos\subchen__jetbrick-template-2x\jetbrick-template\src\main\java\jetbrick\template\parser\ast\AstInvokeIndexGet.java,31
JDK:java.base:N/A:N/A,ClassOrInterfaceType,java.lang.String,String,C:\Users\tyin363\Documents\repos\subchen__jetbrick-template-2x\jetbrick-template\src\main\java\jetbrick\template\parser\ast\AstDirectiveInclude.java,49
CLIENT:client-code:N/A:N/A,NameExpr,jetbrick.template.JetConfig,IO_SKIPERRORS,C:\Users\tyin363\Documents\repos\subchen__jetbrick-template-2x\jetbrick-template\src\main\java\jetbrick\template\JetConfig.java,124
CLIENT:client-code:N/A:N/A,ClassOrInterfaceType,jetbrick.template.runtime.InterpretException,InterpretException,C:\Users\tyin363\Documents\repos\subchen__jetbrick-template-2x\jetbrick-template\src\main\java\jetbrick\template\parser\ast\AstInvokeField.java,52
JDK:java.base:N/A:N/A,ClassOrInterfaceType,java.security.AccessControlException,AccessControlException,C:\Users\tyin363\Documents\repos\subchen__jetbrick-template-2x\jetbrick-template\src\main\java\jetbrick\template\JetSecurityManagerImpl.java,112
JDK:java.base:N/A:N/A,MethodCallExpr,java.util.Collections,list,C:\Users\tyin363\Documents\repos\subchen__jetbrick-template-2x\jetbrick-template\src\main\java\jetbrick\template\runtime\JetForIterator.java,61
CLIENT:client-code:N/A:N/A,MethodCallExpr,jetbrick.template.runtime.InterpretContextImpl,getSource,C:\Users\tyin363\Documents\repos\subchen__jetbrick-template-2x\jetbrick-template\src\main\java\jetbrick\template\JetTemplateImpl.java,165
JDK:java.base:N/A:N/A,ObjectCreationExpr,java.lang.String,String,C:\Users\tyin363\Documents\repos\subchen__jetbrick-template-2x\jetbrick-template\src\main\java\jetbrick\template\runtime\writer\JetOutputStreamPrinterEx.java,85
JDK:java.base:N/A:N/A,ClassOrInterfaceType,java.io.IOException,IOException,C:\Users\tyin363\Documents\repos\subchen__jetbrick-template-2x\jetbrick-template\src\main\java\jetbrick\template\runtime\writer\JetWriterPrinterEx.java,90
JDK:java.base:N/A:N/A,MethodCallExpr,java.lang.Object,getClass,C:\Users\tyin363\Documents\repos\subchen__jetbrick-template-2x\jetbrick-template\src\main\java\jetbrick\template\parser\ast\ALU.java,118
JDK:java.base:N/A:N/A,ObjectCreationExpr,java.lang.IllegalStateException,IllegalStateException,C:\Users\tyin363\Documents\repos\subchen__jetbrick-template-2x\jetbrick-template\src\main\java\jetbrick\template\runtime\ValueStack.java,177
CLIENT:client-code:N/A:N/A,NameExpr,jetbrick.template.resolver.tag.TagInvoker,method,C:\Users\tyin363\Documents\repos\subchen__jetbrick-template-2x\jetbrick-template\src\main\java\jetbrick\template\resolver\tag\TagInvoker.java,47
CLIENT:client-code:N/A:N/A,MethodCallExpr,jetbrick.template.runtime.InterpretContext,getWriter,C:\Users\tyin363\Documents\repos\subchen__jetbrick-template-2x\jetbrick-template\src\main\java\jetbrick\template\parser\ast\AstText.java,205
CLIENT:client-code:N/A:N/A,FieldAccessExpr,jetbrick.template.parser.ast.Tokens,PLUS,C:\Users\tyin363\Documents\repos\subchen__jetbrick-template-2x\jetbrick-template\src\main\java\jetbrick\template\parser\ast\AstOperatorUnary.java,59
CLIENT:client-code:N/A:N/A,NameExpr,jetbrick.template.runtime.writer.JetWriterPrinter,error,C:\Users\tyin363\Documents\repos\subchen__jetbrick-template-2x\jetbrick-template\src\main\java\jetbrick\template\runtime\writer\JetWriterPrinter.java,66
JDK:java.base:N/A:N/A,ClassOrInterfaceType,java.lang.String,String,C:\Users\tyin363\Documents\repos\subchen__jetbrick-template-2x\jetbrick-template\src\main\java\jetbrick\template\parser\ParserContext.java,54
JDK:java.base:N/A:N/A,ClassOrInterfaceType,java.util.List,List,C:\Users\tyin363\Documents\repos\subchen__jetbrick-template-2x\jetbrick-template\src\main\java\jetbrick\template\resolver\tag\TagInvokerResolver.java,120
CLIENT:client-code:N/A:N/A,MethodCallExpr,jetbrick.template.parser.ParserContext,isNullSafe,C:\Users\tyin363\Documents\repos\subchen__jetbrick-template-2x\jetbrick-template\src\main\java\jetbrick\template\parser\AstCodeVisitor.java,678
JDK:java.base:N/A:N/A,MethodCallExpr,java.io.Writer,flush,C:\Users\tyin363\Documents\repos\subchen__jetbrick-template-2x\jetbrick-template\src\main\java\jetbrick\template\runtime\writer\JetWriterPrinterEx.java,98
JDK:java.base:N/A:N/A,ObjectCreationExpr,java.lang.UnsupportedOperationException,UnsupportedOperationException,C:\Users\tyin363\Documents\repos\subchen__jetbrick-template-2x\jetbrick-template\src\main\java\jetbrick\template\parser\ParserContext.java,221
CLIENT:client-code:N/A:N/A,NameExpr,jetbrick.template.resolver.property.DefaultGetterResolver,cache,C:\Users\tyin363\Documents\repos\subchen__jetbrick-template-2x\jetbrick-template\src\main\java\jetbrick\template\resolver\property\DefaultGetterResolver.java,59
org.antlr:antlr4-runtime:jar:4.10.1,ClassOrInterfaceType,org.antlr.v4.runtime.tree.TerminalNode,TerminalNode,C:\Users\tyin363\Documents\repos\subchen__jetbrick-template-2x\jetbrick-template\src\main\java\jetbrick\template\parser\AstCodeVisitor.java,408
JDK:java.base:N/A:N/A,MethodCallExpr,java.lang.Number,intValue,C:\Users\tyin363\Documents\repos\subchen__jetbrick-template-2x\jetbrick-template\src\main\java\jetbrick\template\parser\ast\ALU.java,356
CLIENT:client-code:N/A:N/A,MethodCallExpr,jetbrick.template.JetConfig,getImportMacros,C:\Users\tyin363\Documents\repos\subchen__jetbrick-template-2x\jetbrick-template\src\main\java\jetbrick\template\JetEngineImpl.java,214
CLIENT:client-code:N/A:N/A,MethodCallExpr,jetbrick.template.parser.ast.ALU,isTrue,C:\Users\tyin363\Documents\repos\subchen__jetbrick-template-2x\jetbrick-template\src\main\java\jetbrick\template\parser\ast\AstTernarySimplifyOperator.java,37
CLIENT:client-code:N/A:N/A,MethodCallExpr,jetbrick.template.runtime.InterpretException,set,C:\Users\tyin363\Documents\repos\subchen__jetbrick-template-2x\jetbrick-template\src\main\java\jetbrick\template\parser\ast\AstInvokeFieldStatic.java,64
JDK:java.base:N/A:N/A,ClassOrInterfaceType,java.lang.RuntimeException,RuntimeException,C:\Users\tyin363\Documents\repos\subchen__jetbrick-template-2x\jetbrick-template\src\main\java\jetbrick\template\parser\ast\AstInvokeMethod.java,108
JDK:java.base:N/A:N/A,ClassOrInterfaceType,java.lang.String,String,C:\Users\tyin363\Documents\repos\subchen__jetbrick-template-2x\jetbrick-template\src\main\java\jetbrick\template\runtime\buildin\JetMethods.java,290
JDK:java.base:N/A:N/A,ClassOrInterfaceType,java.lang.String,String,C:\Users\tyin363\Documents\repos\subchen__jetbrick-template-2x\jetbrick-template\src\main\java\jetbrick\template\parser\ParserContext.java,53
CLIENT:client-code:N/A:N/A,MethodCallExpr,jetbrick.template.parser.ast.ALU,negative,C:\Users\tyin363\Documents\repos\subchen__jetbrick-template-2x\jetbrick-template\src\main\java\jetbrick\template\parser\ast\AstOperatorUnary.java,63
org.antlr:antlr4-runtime:jar:4.10.1,ClassOrInterfaceType,org.antlr.v4.runtime.RecognitionException,RecognitionException,C:\Users\tyin363\Documents\repos\subchen__jetbrick-template-2x\jetbrick-template\src\main\java\jetbrick\template\parser\AstBuilder.java,99
CLIENT:client-code:N/A:N/A,ClassOrInterfaceType,jetbrick.template.runtime.writer.JetOutputStreamPrinterEx,JetOutputStreamPrinterEx,C:\Users\tyin363\Documents\repos\subchen__jetbrick-template-2x\jetbrick-template\src\main\java\jetbrick\template\runtime\JetWriter.java,55
JDK:java.base:N/A:N/A,ClassOrInterfaceType,java.io.Writer,Writer,C:\Users\tyin363\Documents\repos\subchen__jetbrick-template-2x\jetbrick-template\src\main\java\jetbrick\template\runtime\writer\TrimLeadingWhitespacesWriter.java,27
CLIENT:client-code:N/A:N/A,NameExpr,jetbrick.template.resolver.function.FunctionInvokerResolver,log,C:\Users\tyin363\Documents\repos\subchen__jetbrick-template-2x\jetbrick-template\src\main\java\jetbrick\template\resolver\function\FunctionInvokerResolver.java,70
CLIENT:client-code:N/A:N/A,ClassOrInterfaceType,jetbrick.template.runtime.InterpretException,InterpretException,C:\Users\tyin363\Documents\repos\subchen__jetbrick-template-2x\jetbrick-template\src\main\java\jetbrick\template\parser\ast\AstOperatorUnary.java,53
JDK:java.base:N/A:N/A,FieldAccessExpr,java.lang.Boolean,TRUE,C:\Users\tyin363\Documents\repos\subchen__jetbrick-template-2x\jetbrick-template\src\main\java\jetbrick\template\parser\ast\ALU.java,414
CLIENT:client-code:N/A:N/A,FieldAccessExpr,jetbrick.template.Errors,EXPRESSION_RHS_IS_NULL,C:\Users\tyin363\Documents\repos\subchen__jetbrick-template-2x\jetbrick-template\src\main\java\jetbrick\template\parser\ast\AstOperatorBinary.java,69
JDK:java.base:N/A:N/A,ClassOrInterfaceType,java.lang.String,String,C:\Users\tyin363\Documents\repos\subchen__jetbrick-template-2x\jetbrick-template\src\main\java\jetbrick\template\runtime\buildin\JetMethods.java,294
JDK:java.base:N/A:N/A,MethodCallExpr,java.lang.String,substring,C:\Users\tyin363\Documents\repos\subchen__jetbrick-template-2x\jetbrick-template\src\main\java\jetbrick\template\JetEngineImpl.java,204
CLIENT:client-code:N/A:N/A,NameExpr,jetbrick.template.parser.ast.ALU,LONG,C:\Users\tyin363\Documents\repos\subchen__jetbrick-template-2x\jetbrick-template\src\main\java\jetbrick\template\parser\ast\ALU.java,128
CLIENT:client-code:N/A:N/A,ClassOrInterfaceType,jetbrick.template.runtime.InterpretException,InterpretException,C:\Users\tyin363\Documents\repos\subchen__jetbrick-template-2x\jetbrick-template\src\main\java\jetbrick\template\parser\ast\AstInvokeField.java,46
CLIENT:client-code:N/A:N/A,NameExpr,jetbrick.template.runtime.writer.JetOutputStreamPrinter,error,C:\Users\tyin363\Documents\repos\subchen__jetbrick-template-2x\jetbrick-template\src\main\java\jetbrick\template\runtime\writer\JetOutputStreamPrinter.java,142
JDK:java.base:N/A:N/A,ClassOrInterfaceType,java.lang.UnsupportedOperationException,UnsupportedOperationException,C:\Users\tyin363\Documents\repos\subchen__jetbrick-template-2x\jetbrick-template\src\main\java\jetbrick\template\runtime\JetForIterator.java,101
CLIENT:client-code:N/A:N/A,MethodCallExpr,jetbrick.template.JetConfig,isTrimDirectiveComments,C:\Users\tyin363\Documents\repos\subchen__jetbrick-template-2x\jetbrick-template\src\main\java\jetbrick\template\JetTemplateImpl.java,108
CLIENT:client-code:N/A:N/A,NameExpr,jetbrick.template.parser.ast.AstDirectiveTag,name,C:\Users\tyin363\Documents\repos\subchen__jetbrick-template-2x\jetbrick-template\src\main\java\jetbrick\template\parser\ast\AstDirectiveTag.java,59
CLIENT:client-code:N/A:N/A,NameExpr,jetbrick.template.parser.ast.AstExpression,position,C:\Users\tyin363\Documents\repos\subchen__jetbrick-template-2x\jetbrick-template\src\main\java\jetbrick\template\parser\ast\AstInvokeFieldStatic.java,73
JDK:java.base:N/A:N/A,ObjectCreationExpr,java.util.concurrent.ConcurrentHashMap,ConcurrentHashMap,C:\Users\tyin363\Documents\repos\subchen__jetbrick-template-2x\jetbrick-template\src\main\java\jetbrick\template\resolver\tag\TagInvokerResolver.java,43
CLIENT:client-code:N/A:N/A,ClassOrInterfaceType,jetbrick.template.runtime.InterpretException,InterpretException,C:\Users\tyin363\Documents\repos\subchen__jetbrick-template-2x\jetbrick-template\src\main\java\jetbrick\template\parser\ast\AstOperatorBinary.java,56
CLIENT:client-code:N/A:N/A,FieldAccessExpr,jetbrick.template.parser.ast.Tokens,NOT,C:\Users\tyin363\Documents\repos\subchen__jetbrick-template-2x\jetbrick-template\src\main\java\jetbrick\template\parser\AstCodeVisitor.java,543
CLIENT:client-code:N/A:N/A,NameExpr,jetbrick.template.runtime.writer.JetOutputStreamPrinterEx,os,C:\Users\tyin363\Documents\repos\subchen__jetbrick-template-2x\jetbrick-template\src\main\java\jetbrick\template\runtime\writer\JetOutputStreamPrinterEx.java,71
CLIENT:client-code:N/A:N/A,FieldAccessExpr,jetbrick.template.parser.ast.AstStatementList,statements,C:\Users\tyin363\Documents\repos\subchen__jetbrick-template-2x\jetbrick-template\src\main\java\jetbrick\template\parser\ast\AstStatementList.java,54
CLIENT:client-code:N/A:N/A,NameExpr,jetbrick.template.parser.ast.Position,line,C:\Users\tyin363\Documents\repos\subchen__jetbrick-template-2x\jetbrick-template\src\main\java\jetbrick\template\parser\ast\Position.java,44
org.antlr:antlr4-runtime:jar:4.10.1,ClassOrInterfaceType,org.antlr.v4.runtime.tree.ParseTree,ParseTree,C:\Users\tyin363\Documents\repos\subchen__jetbrick-template-2x\jetbrick-template\src\main\java\jetbrick\template\parser\AstCodeVisitor.java,833
CLIENT:client-code:N/A:N/A,ClassOrInterfaceType,jetbrick.template.parser.ParserContext,ParserContext,C:\Users\tyin363\Documents\repos\subchen__jetbrick-template-2x\jetbrick-template\src\main\java\jetbrick\template\JetTemplateImpl.java,103
CLIENT:client-code:N/A:N/A,FieldAccessExpr,jetbrick.template.parser.ast.Tokens,AST_BLOCK_ELSE,C:\Users\tyin363\Documents\repos\subchen__jetbrick-template-2x\jetbrick-template\src\main\java\jetbrick\template\parser\AstCodeVisitor.java,110
com.github.subchen:jetbrick-commons:jar:2.1.9,ObjectCreationExpr,jetbrick.io.resource.FileSystemResource,FileSystemResource,C:\Users\tyin363\Documents\repos\subchen__jetbrick-template-2x\jetbrick-template\src\main\java\jetbrick\template\loader\FileSystemResourceLoader.java,43
JDK:java.base:N/A:N/A,ClassOrInterfaceType,java.lang.IllegalArgumentException,IllegalArgumentException,C:\Users\tyin363\Documents\repos\subchen__jetbrick-template-2x\jetbrick-template\src\main\java\jetbrick\template\runtime\buildin\JetMethods.java,210
CLIENT:client-code:N/A:N/A,NameExpr,jetbrick.template.JetEngineImpl,config,C:\Users\tyin363\Documents\repos\subchen__jetbrick-template-2x\jetbrick-template\src\main\java\jetbrick\template\JetEngineImpl.java,201
JDK:java.base:N/A:N/A,MethodCallExpr,java.util.Iterator,hasNext,C:\Users\tyin363\Documents\repos\subchen__jetbrick-template-2x\jetbrick-template\src\main\java\jetbrick\template\parser\ast\ALU.java,532
CLIENT:client-code:N/A:N/A,ClassOrInterfaceType,jetbrick.template.parser.ast.AstExpressionList,AstExpressionList,C:\Users\tyin363\Documents\repos\subchen__jetbrick-template-2x\jetbrick-template\src\main\java\jetbrick\template\parser\AstCodeVisitor.java,788
CLIENT:client-code:N/A:N/A,NameExpr,jetbrick.template.parser.ast.AstText,text,C:\Users\tyin363\Documents\repos\subchen__jetbrick-template-2x\jetbrick-template\src\main\java\jetbrick\template\parser\ast\AstText.java,157
CLIENT:client-code:N/A:N/A,ClassOrInterfaceType,jetbrick.template.parser.ast.AstDirectiveNoop,AstDirectiveNoop,C:\Users\tyin363\Documents\repos\subchen__jetbrick-template-2x\jetbrick-template\src\main\java\jetbrick\template\parser\ast\AstStatementList.java,64
org.antlr:antlr4-runtime:jar:4.10.1,ClassOrInterfaceType,org.antlr.v4.runtime.ParserRuleContext,ParserRuleContext,C:\Users\tyin363\Documents\repos\subchen__jetbrick-template-2x\jetbrick-template\src\main\java\jetbrick\template\parser\AstCodeVisitor.java,894
JDK:java.base:N/A:N/A,ClassOrInterfaceType,java.lang.Object,Object,C:\Users\tyin363\Documents\repos\subchen__jetbrick-template-2x\jetbrick-template\src\main\java\jetbrick\template\parser\ast\AstInvokeNewArray.java,57
CLIENT:client-code:N/A:N/A,NameExpr,jetbrick.template.loader.AbstractResourceLoader,securityManager,C:\Users\tyin363\Documents\repos\subchen__jetbrick-template-2x\jetbrick-template\src\main\java\jetbrick\template\loader\AbstractResourceLoader.java,42
CLIENT:client-code:N/A:N/A,ClassOrInterfaceType,jetbrick.template.JetEngine,JetEngine,C:\Users\tyin363\Documents\repos\subchen__jetbrick-template-2x\jetbrick-template\src\main\java\jetbrick\template\JetTemplateImpl.java,217
CLIENT:client-code:N/A:N/A,MethodCallExpr,jetbrick.template.runtime.InterpretContext,setSignal,C:\Users\tyin363\Documents\repos\subchen__jetbrick-template-2x\jetbrick-template\src\main\java\jetbrick\template\parser\ast\AstDirectiveFor.java,72
CLIENT:client-code:N/A:N/A,ClassOrInterfaceType,jetbrick.template.runtime.InterpretContext,InterpretContext,C:\Users\tyin363\Documents\repos\subchen__jetbrick-template-2x\jetbrick-template\src\main\java\jetbrick\template\parser\ast\AstStatement.java,27
CLIENT:client-code:N/A:N/A,ObjectCreationExpr,jetbrick.template.resolver.clazz.ClassResolver,ClassResolver,C:\Users\tyin363\Documents\repos\subchen__jetbrick-template-2x\jetbrick-template\src\main\java\jetbrick\template\parser\ParserContext.java,143
JDK:java.base:N/A:N/A,MethodCallExpr,java.lang.Class,getComponentType,C:\Users\tyin363\Documents\repos\subchen__jetbrick-template-2x\jetbrick-template\src\main\java\jetbrick\template\resolver\tag\TagInvoker.java,37
CLIENT:client-code:N/A:N/A,FieldAccessExpr,jetbrick.template.resolver.method.ClassBuildinMethodInvoker,varArgsClass,C:\Users\tyin363\Documents\repos\subchen__jetbrick-template-2x\jetbrick-template\src\main\java\jetbrick\template\resolver\method\ClassBuildinMethodInvoker.java,42
CLIENT:client-code:N/A:N/A,MethodCallExpr,jetbrick.template.runtime.ValueContext,getPrivate,C:\Users\tyin363\Documents\repos\subchen__jetbrick-template-2x\jetbrick-template\src\main\java\jetbrick\template\runtime\ValueContext.java,77
JDK:java.base:N/A:N/A,ClassOrInterfaceType,java.lang.Object,Object,C:\Users\tyin363\Documents\repos\subchen__jetbrick-template-2x\jetbrick-template\src\main\java\jetbrick\template\runtime\JetForIterator.java,29
JDK:java.base:N/A:N/A,ClassOrInterfaceType,java.lang.Class,Class,C:\Users\tyin363\Documents\repos\subchen__jetbrick-template-2x\jetbrick-template\src\main\java\jetbrick\template\parser\AstCodeVisitor.java,669
JDK:java.base:N/A:N/A,MethodCallExpr,java.lang.Integer,valueOf,C:\Users\tyin363\Documents\repos\subchen__jetbrick-template-2x\jetbrick-template\src\main\java\jetbrick\template\parser\ast\ALU.java,199
CLIENT:client-code:N/A:N/A,NameExpr,jetbrick.template.parser.ast.AstConstantMap,EMPTY_ARRAY,C:\Users\tyin363\Documents\repos\subchen__jetbrick-template-2x\jetbrick-template\src\main\java\jetbrick\template\parser\ast\AstConstantMap.java,33
JDK:java.base:N/A:N/A,ClassOrInterfaceType,java.util.Map,Map,C:\Users\tyin363\Documents\repos\subchen__jetbrick-template-2x\jetbrick-template\src\main\java\jetbrick\template\parser\ast\AstInvokeIndexGet.java,79
com.github.subchen:jetbrick-commons:jar:2.1.9,ClassOrInterfaceType,jetbrick.io.resource.ClasspathResource,ClasspathResource,C:\Users\tyin363\Documents\repos\subchen__jetbrick-template-2x\jetbrick-template\src\main\java\jetbrick\template\loader\ClasspathResourceLoader.java,40
org.antlr:antlr4-runtime:jar:4.10.1,ClassOrInterfaceType,org.antlr.v4.runtime.ParserRuleContext,ParserRuleContext,C:\Users\tyin363\Documents\repos\subchen__jetbrick-template-2x\jetbrick-template\src\main\java\jetbrick\template\parser\AstCodeVisitor.java,895
CLIENT:client-code:N/A:N/A,MethodCallExpr,jetbrick.template.resolver.GlobalResolver,resolveClass,C:\Users\tyin363\Documents\repos\subchen__jetbrick-template-2x\jetbrick-template\src\main\java\jetbrick\template\resolver\GlobalResolver.java,162
CLIENT:client-code:N/A:N/A,MethodCallExpr,jetbrick.template.resolver.GlobalResolver,resolveClass,C:\Users\tyin363\Documents\repos\subchen__jetbrick-template-2x\jetbrick-template\src\main\java\jetbrick\template\JetEngineImpl.java,206
com.github.subchen:jetbrick-commons:jar:2.1.9,ClassOrInterfaceType,jetbrick.bean.MethodInfo,MethodInfo,C:\Users\tyin363\Documents\repos\subchen__jetbrick-template-2x\jetbrick-template\src\main\java\jetbrick\template\resolver\function\ExtensionFunctionInvoker.java,30
CLIENT:client-code:N/A:N/A,ClassOrInterfaceType,jetbrick.template.runtime.JetWriter,JetWriter,C:\Users\tyin363\Documents\repos\subchen__jetbrick-template-2x\jetbrick-template\src\main\java\jetbrick\template\JetTemplateImpl.java,140
com.github.subchen:jetbrick-commons:jar:2.1.9,MethodCallExpr,jetbrick.io.IoUtils,toString,C:\Users\tyin363\Documents\repos\subchen__jetbrick-template-2x\jetbrick-template\src\main\java\jetbrick\template\JetSecurityManagerImpl.java,50
CLIENT:client-code:N/A:N/A,ClassOrInterfaceType,jetbrick.template.runtime.JetTagContext,JetTagContext,C:\Users\tyin363\Documents\repos\subchen__jetbrick-template-2x\jetbrick-template\src\main\java\jetbrick\template\parser\ast\AstDirectiveTag.java,39
JDK:java.base:N/A:N/A,ClassOrInterfaceType,java.lang.String,String,C:\Users\tyin363\Documents\repos\subchen__jetbrick-template-2x\jetbrick-template\src\main\java\jetbrick\template\Errors.java,84
CLIENT:client-code:N/A:N/A,NameExpr,jetbrick.template.JetTemplateImpl,macroResolver,C:\Users\tyin363\Documents\repos\subchen__jetbrick-template-2x\jetbrick-template\src\main\java\jetbrick\template\JetTemplateImpl.java,179
JDK:java.base:N/A:N/A,MethodCallExpr,java.io.OutputStream,write,C:\Users\tyin363\Documents\repos\subchen__jetbrick-template-2x\jetbrick-template\src\main\java\jetbrick\template\runtime\writer\JetOutputStreamPrinterEx.java,71
JDK:java.base:N/A:N/A,ClassOrInterfaceType,java.util.Map,Map,C:\Users\tyin363\Documents\repos\subchen__jetbrick-template-2x\jetbrick-template\src\main\java\jetbrick\template\parser\ast\AstInvokeIndexGet.java,77
JDK:java.base:N/A:N/A,ClassOrInterfaceType,java.lang.String,String,C:\Users\tyin363\Documents\repos\subchen__jetbrick-template-2x\jetbrick-template\src\main\java\jetbrick\template\parser\AstCodeVisitor.java,520
com.github.subchen:jetbrick-commons:jar:2.1.9,MethodCallExpr,jetbrick.bean.KlassInfo,getDeclaredField,C:\Users\tyin363\Documents\repos\subchen__jetbrick-template-2x\jetbrick-template\src\main\java\jetbrick\template\parser\ast\AstText.java,263
JDK:java.base:N/A:N/A,ObjectCreationExpr,java.lang.UnsupportedOperationException,UnsupportedOperationException,C:\Users\tyin363\Documents\repos\subchen__jetbrick-template-2x\jetbrick-template\src\main\java\jetbrick\template\loader\resource\SourceResource.java,49
CLIENT:client-code:N/A:N/A,FieldAccessExpr,jetbrick.template.parser.SyntaxException,position,C:\Users\tyin363\Documents\repos\subchen__jetbrick-template-2x\jetbrick-template\src\main\java\jetbrick\template\parser\SyntaxException.java,58
JDK:java.base:N/A:N/A,ClassOrInterfaceType,java.util.List,List,C:\Users\tyin363\Documents\repos\subchen__jetbrick-template-2x\jetbrick-template\src\main\java\jetbrick\template\parser\ast\AstDirectiveMacro.java,32
JDK:java.base:N/A:N/A,ObjectCreationExpr,java.lang.IllegalArgumentException,IllegalArgumentException,C:\Users\tyin363\Documents\repos\subchen__jetbrick-template-2x\jetbrick-template\src\main\java\jetbrick\template\runtime\buildin\JetMethods.java,194
JDK:java.base:N/A:N/A,MethodCallExpr,java.util.Set,iterator,C:\Users\tyin363\Documents\repos\subchen__jetbrick-template-2x\jetbrick-template\src\main\java\jetbrick\template\runtime\JetForIterator.java,72
JDK:java.base:N/A:N/A,ClassOrInterfaceType,java.lang.Object,Object,C:\Users\tyin363\Documents\repos\subchen__jetbrick-template-2x\jetbrick-template\src\main\java\jetbrick\template\JetTemplate.java,36
JDK:java.base:N/A:N/A,ClassOrInterfaceType,java.lang.Class,Class,C:\Users\tyin363\Documents\repos\subchen__jetbrick-template-2x\jetbrick-template\src\main\java\jetbrick\template\resolver\GlobalResolver.java,223
com.github.subchen:jetbrick-commons:jar:2.1.9,MethodCallExpr,jetbrick.bean.KlassInfo,getDeclaredMethods,C:\Users\tyin363\Documents\repos\subchen__jetbrick-template-2x\jetbrick-template\src\main\java\jetbrick\template\resolver\function\FunctionInvokerResolver.java,51
CLIENT:client-code:N/A:N/A,ClassOrInterfaceType,jetbrick.template.JetConfig,JetConfig,C:\Users\tyin363\Documents\repos\subchen__jetbrick-template-2x\jetbrick-template\src\main\java\jetbrick\template\JetEngine.java,83
CLIENT:client-code:N/A:N/A,ClassOrInterfaceType,jetbrick.template.parser.ast.AstDirectiveFor,AstDirectiveFor,C:\Users\tyin363\Documents\repos\subchen__jetbrick-template-2x\jetbrick-template\src\main\java\jetbrick\template\parser\AstCodeVisitor.java,297
JDK:java.base:N/A:N/A,MethodCallExpr,java.lang.Class,getName,C:\Users\tyin363\Documents\repos\subchen__jetbrick-template-2x\jetbrick-template\src\main\java\jetbrick\template\parser\ast\AstInvokeNewArray.java,80
CLIENT:client-code:N/A:N/A,ClassOrInterfaceType,jetbrick.template.parser.ast.AstExpressionList,AstExpressionList,C:\Users\tyin363\Documents\repos\subchen__jetbrick-template-2x\jetbrick-template\src\main\java\jetbrick\template\parser\AstCodeVisitor.java,786
CLIENT:client-code:N/A:N/A,ClassOrInterfaceType,jetbrick.template.runtime.InterpretException,InterpretException,C:\Users\tyin363\Documents\repos\subchen__jetbrick-template-2x\jetbrick-template\src\main\java\jetbrick\template\parser\ast\AstOperatorUnary.java,50
CLIENT:client-code:N/A:N/A,NameExpr,jetbrick.template.resolver.property.PropertyGetter,getter,C:\Users\tyin363\Documents\repos\subchen__jetbrick-template-2x\jetbrick-template\src\main\java\jetbrick\template\resolver\property\PropertyGetter.java,44
JDK:java.base:N/A:N/A,MethodCallExpr,java.lang.Throwable,getMessage,C:\Users\tyin363\Documents\repos\subchen__jetbrick-template-2x\jetbrick-template\src\main\java\jetbrick\template\runtime\InterpretException.java,67
CLIENT:client-code:N/A:N/A,FieldAccessExpr,jetbrick.template.JetGlobalContext,symbols,C:\Users\tyin363\Documents\repos\subchen__jetbrick-template-2x\jetbrick-template\src\main\java\jetbrick\template\JetGlobalContext.java,33
JDK:java.base:N/A:N/A,ClassOrInterfaceType,java.lang.IllegalStateException,IllegalStateException,C:\Users\tyin363\Documents\repos\subchen__jetbrick-template-2x\jetbrick-template\src\main\java\jetbrick\template\parser\ast\ALU.java,367
JDK:java.base:N/A:N/A,ClassOrInterfaceType,java.nio.charset.Charset,Charset,C:\Users\tyin363\Documents\repos\subchen__jetbrick-template-2x\jetbrick-template\src\main\java\jetbrick\template\runtime\JetWriter.java,89
com.github.subchen:jetbrick-commons:jar:2.1.9,MethodCallExpr,jetbrick.bean.KlassInfo,getDeclaredField,C:\Users\tyin363\Documents\repos\subchen__jetbrick-template-2x\jetbrick-template\src\main\java\jetbrick\template\parser\ast\AstText.java,262
org.antlr:antlr4-runtime:jar:4.10.1,MethodCallExpr,org.antlr.v4.runtime.Token,getText,C:\Users\tyin363\Documents\repos\subchen__jetbrick-template-2x\jetbrick-template\src\main\java\jetbrick\template\parser\AstCodeVisitor.java,125
CLIENT:client-code:N/A:N/A,NameExpr,jetbrick.template.parser.ast.AstDirectiveTag,last,C:\Users\tyin363\Documents\repos\subchen__jetbrick-template-2x\jetbrick-template\src\main\java\jetbrick\template\parser\ast\AstDirectiveTag.java,51
CLIENT:client-code:N/A:N/A,MethodCallExpr,jetbrick.template.runtime.InterpretContext,setSignal,C:\Users\tyin363\Documents\repos\subchen__jetbrick-template-2x\jetbrick-template\src\main\java\jetbrick\template\parser\ast\AstDirectiveFor.java,69
JDK:java.base:N/A:N/A,ClassOrInterfaceType,java.util.List,List,C:\Users\tyin363\Documents\repos\subchen__jetbrick-template-2x\jetbrick-template\src\main\java\jetbrick\template\JetEngineImpl.java,47
JDK:java.base:N/A:N/A,MethodCallExpr,java.lang.Number,intValue,C:\Users\tyin363\Documents\repos\subchen__jetbrick-template-2x\jetbrick-template\src\main\java\jetbrick\template\parser\ast\ALU.java,360
CLIENT:client-code:N/A:N/A,FieldAccessExpr,jetbrick.template.resolver.method.ClassBuildinMethodInvoker,varArgsClass,C:\Users\tyin363\Documents\repos\subchen__jetbrick-template-2x\jetbrick-template\src\main\java\jetbrick\template\resolver\method\ClassBuildinMethodInvoker.java,40
com.github.subchen:jetbrick-commons:jar:2.1.9,MethodCallExpr,jetbrick.bean.MethodInfo,getParameterTypes,C:\Users\tyin363\Documents\repos\subchen__jetbrick-template-2x\jetbrick-template\src\main\java\jetbrick\template\resolver\method\MethodInvokerResolver.java,71
JDK:java.base:N/A:N/A,ClassOrInterfaceType,java.lang.String,String,C:\Users\tyin363\Documents\repos\subchen__jetbrick-template-2x\jetbrick-template\src\main\java\jetbrick\template\resolver\method\ExtensionMethodInvoker.java,65
CLIENT:client-code:N/A:N/A,ObjectCreationExpr,jetbrick.template.runtime.InterpretException,InterpretException,C:\Users\tyin363\Documents\repos\subchen__jetbrick-template-2x\jetbrick-template\src\main\java\jetbrick\template\parser\ast\AstInvokeNewArray.java,73
CLIENT:client-code:N/A:N/A,ClassOrInterfaceType,jetbrick.template.parser.ast.AstStatement,AstStatement,C:\Users\tyin363\Documents\repos\subchen__jetbrick-template-2x\jetbrick-template\src\main\java\jetbrick\template\parser\ast\AstDirectiveIf.java,29
CLIENT:client-code:N/A:N/A,NameExpr,jetbrick.template.JetConfig,SYNTAX_SAFECALL,C:\Users\tyin363\Documents\repos\subchen__jetbrick-template-2x\jetbrick-template\src\main\java\jetbrick\template\JetConfig.java,118
com.github.subchen:jetbrick-commons:jar:2.1.9,ClassOrInterfaceType,jetbrick.bean.KlassInfo,KlassInfo,C:\Users\tyin363\Documents\repos\subchen__jetbrick-template-2x\jetbrick-template\src\main\java\jetbrick\template\parser\ast\AstText.java,260
JDK:java.base:N/A:N/A,ClassOrInterfaceType,java.lang.String,String,C:\Users\tyin363\Documents\repos\subchen__jetbrick-template-2x\jetbrick-template\src\main\java\jetbrick\template\JetConfig.java,151
JDK:java.base:N/A:N/A,MethodCallExpr,java.lang.String,valueOf,C:\Users\tyin363\Documents\repos\subchen__jetbrick-template-2x\jetbrick-template\src\main\java\jetbrick\template\parser\ast\AstConstant.java,43
CLIENT:client-code:N/A:N/A,NameExpr,jetbrick.template.JetConfig,syntaxStrict,C:\Users\tyin363\Documents\repos\subchen__jetbrick-template-2x\jetbrick-template\src\main\java\jetbrick\template\JetConfig.java,180
CLIENT:client-code:N/A:N/A,NameExpr,jetbrick.template.JetTemplateImpl,engine,C:\Users\tyin363\Documents\repos\subchen__jetbrick-template-2x\jetbrick-template\src\main\java\jetbrick\template\JetTemplateImpl.java,155
CLIENT:client-code:N/A:N/A,NameExpr,jetbrick.template.parser.ast.AstStatementList.ListIterator,index,C:\Users\tyin363\Documents\repos\subchen__jetbrick-template-2x\jetbrick-template\src\main\java\jetbrick\template\parser\ast\AstStatementList.java,244
CLIENT:client-code:N/A:N/A,MethodCallExpr,jetbrick.template.parser.AstCodeVisitor,resolveClass,C:\Users\tyin363\Documents\repos\subchen__jetbrick-template-2x\jetbrick-template\src\main\java\jetbrick\template\parser\AstCodeVisitor.java,247
JDK:java.base:N/A:N/A,MethodCallExpr,java.lang.reflect.Constructor,getDeclaringClass,C:\Users\tyin363\Documents\repos\subchen__jetbrick-template-2x\jetbrick-template\src\main\java\jetbrick\template\JetSecurityManagerImpl.java,128
JDK:java.base:N/A:N/A,ClassOrInterfaceType,java.lang.Object,Object,C:\Users\tyin363\Documents\repos\subchen__jetbrick-template-2x\jetbrick-template\src\main\java\jetbrick\template\parser\ast\ALU.java,163
JDK:java.base:N/A:N/A,ClassOrInterfaceType,java.lang.Object,Object,C:\Users\tyin363\Documents\repos\subchen__jetbrick-template-2x\jetbrick-template\src\main\java\jetbrick\template\parser\ast\AstTernarySimplifyOperator.java,35
CLIENT:client-code:N/A:N/A,ClassOrInterfaceType,jetbrick.template.parser.ast.AstExpression,AstExpression,C:\Users\tyin363\Documents\repos\subchen__jetbrick-template-2x\jetbrick-template\src\main\java\jetbrick\template\parser\AstCodeVisitor.java,651
CLIENT:client-code:N/A:N/A,NameExpr,jetbrick.template.resolver.property.DefaultGetterResolver,cache,C:\Users\tyin363\Documents\repos\subchen__jetbrick-template-2x\jetbrick-template\src\main\java\jetbrick\template\resolver\property\DefaultGetterResolver.java,51
CLIENT:client-code:N/A:N/A,ClassOrInterfaceType,jetbrick.template.loader.ResourceLoader,ResourceLoader,C:\Users\tyin363\Documents\repos\subchen__jetbrick-template-2x\jetbrick-template\src\main\java\jetbrick\template\JetEngineImpl.java,153
JDK:java.base:N/A:N/A,ClassOrInterfaceType,java.util.Map,Map,C:\Users\tyin363\Documents\repos\subchen__jetbrick-template-2x\jetbrick-template\src\main\java\jetbrick\template\parser\ast\AstConstantMap.java,38
JDK:java.base:N/A:N/A,ClassOrInterfaceType,java.lang.Object,Object,C:\Users\tyin363\Documents\repos\subchen__jetbrick-template-2x\jetbrick-template\src\main\java\jetbrick\template\parser\AstCodeVisitor.java,378
CLIENT:client-code:N/A:N/A,NameExpr,jetbrick.template.parser.ast.AstText,FIELD_STRING_OFFSET,C:\Users\tyin363\Documents\repos\subchen__jetbrick-template-2x\jetbrick-template\src\main\java\jetbrick\template\parser\ast\AstText.java,298
JDK:java.base:N/A:N/A,ClassOrInterfaceType,java.lang.Class,Class,C:\Users\tyin363\Documents\repos\subchen__jetbrick-template-2x\jetbrick-template\src\main\java\jetbrick\template\resolver\GlobalResolver.java,230
CLIENT:client-code:N/A:N/A,FieldAccessExpr,jetbrick.template.Errors,EXPRESSION_OBJECT_IS_NULL,C:\Users\tyin363\Documents\repos\subchen__jetbrick-template-2x\jetbrick-template\src\main\java\jetbrick\template\parser\ast\AstInvokeField.java,52
CLIENT:client-code:N/A:N/A,NameExpr,jetbrick.template.JetEngineImpl,config,C:\Users\tyin363\Documents\repos\subchen__jetbrick-template-2x\jetbrick-template\src\main\java\jetbrick\template\JetEngineImpl.java,189
JDK:java.base:N/A:N/A,ClassOrInterfaceType,java.lang.String,String,C:\Users\tyin363\Documents\repos\subchen__jetbrick-template-2x\jetbrick-template\src\main\java\jetbrick\template\runtime\ValueStack.java,149
JDK:java.base:N/A:N/A,ClassOrInterfaceType,java.lang.Number,Number,C:\Users\tyin363\Documents\repos\subchen__jetbrick-template-2x\jetbrick-template\src\main\java\jetbrick\template\parser\ast\ALU.java,258
JDK:java.base:N/A:N/A,MethodCallExpr,java.io.OutputStream,flush,C:\Users\tyin363\Documents\repos\subchen__jetbrick-template-2x\jetbrick-template\src\main\java\jetbrick\template\runtime\writer\JetOutputStreamPrinter.java,146
CLIENT:client-code:N/A:N/A,NameExpr,jetbrick.template.parser.ast.AstInvokeNewArray,cls,C:\Users\tyin363\Documents\repos\subchen__jetbrick-template-2x\jetbrick-template\src\main\java\jetbrick\template\parser\ast\AstInvokeNewArray.java,47
CLIENT:client-code:N/A:N/A,ClassOrInterfaceType,jetbrick.template.resolver.property.Getter,Getter,C:\Users\tyin363\Documents\repos\subchen__jetbrick-template-2x\jetbrick-template\src\main\java\jetbrick\template\resolver\property\DefaultGetterResolver.java,32
JDK:java.base:N/A:N/A,ClassOrInterfaceType,java.lang.String,String,C:\Users\tyin363\Documents\repos\subchen__jetbrick-template-2x\jetbrick-template\src\main\java\jetbrick\template\Errors.java,99
CLIENT:client-code:N/A:N/A,ClassOrInterfaceType,jetbrick.template.parser.ast.Position,Position,C:\Users\tyin363\Documents\repos\subchen__jetbrick-template-2x\jetbrick-template\src\main\java\jetbrick\template\parser\ast\AstOperatorNullAsDefault.java,28
CLIENT:client-code:N/A:N/A,NameExpr,jetbrick.template.parser.ast.AstDirective,position,C:\Users\tyin363\Documents\repos\subchen__jetbrick-template-2x\jetbrick-template\src\main\java\jetbrick\template\parser\ast\AstDirective.java,30
CLIENT:client-code:N/A:N/A,MethodCallExpr,jetbrick.template.parser.ast.AstStatementList.ListIterator,remove,C:\Users\tyin363\Documents\repos\subchen__jetbrick-template-2x\jetbrick-template\src\main\java\jetbrick\template\parser\ast\AstStatementList.java,53
CLIENT:client-code:N/A:N/A,MethodCallExpr,jetbrick.template.Errors,isReflectIllegalArgumentException,C:\Users\tyin363\Documents\repos\subchen__jetbrick-template-2x\jetbrick-template\src\main\java\jetbrick\template\parser\ast\AstInvokeField.java,92
CLIENT:client-code:N/A:N/A,ClassOrInterfaceType,jetbrick.template.runtime.InterpretException,InterpretException,C:\Users\tyin363\Documents\repos\subchen__jetbrick-template-2x\jetbrick-template\src\main\java\jetbrick\template\parser\ast\AstValueEscaped.java,36
JDK:java.base:N/A:N/A,ClassOrInterfaceType,java.lang.String,String,C:\Users\tyin363\Documents\repos\subchen__jetbrick-template-2x\jetbrick-template\src\main\java\jetbrick\template\parser\ast\AstText.java,260
CLIENT:client-code:N/A:N/A,NameExpr,jetbrick.template.runtime.writer.JetOutputStreamPrinterEx,os,C:\Users\tyin363\Documents\repos\subchen__jetbrick-template-2x\jetbrick-template\src\main\java\jetbrick\template\runtime\writer\JetOutputStreamPrinterEx.java,58
CLIENT:client-code:N/A:N/A,FieldAccessExpr,jetbrick.template.runtime.InterpretContext,SIGNAL_NONE,C:\Users\tyin363\Documents\repos\subchen__jetbrick-template-2x\jetbrick-template\src\main\java\jetbrick\template\parser\ast\AstDirectiveFor.java,67
CLIENT:client-code:N/A:N/A,ClassOrInterfaceType,jetbrick.template.parser.ast.AstInvokeFieldStatic,AstInvokeFieldStatic,C:\Users\tyin363\Documents\repos\subchen__jetbrick-template-2x\jetbrick-template\src\main\java\jetbrick\template\parser\AstCodeVisitor.java,670
JDK:java.base:N/A:N/A,MethodCallExpr,java.lang.Comparable,compareTo,C:\Users\tyin363\Documents\repos\subchen__jetbrick-template-2x\jetbrick-template\src\main\java\jetbrick\template\parser\ast\ALU.java,514
JDK:java.base:N/A:N/A,ClassOrInterfaceType,java.lang.String,String,C:\Users\tyin363\Documents\repos\subchen__jetbrick-template-2x\jetbrick-template\src\main\java\jetbrick\template\parser\ast\AstInvokeMethodStatic.java,67
CLIENT:client-code:N/A:N/A,NameExpr,jetbrick.template.runtime.InterpretContextImpl,valueStack,C:\Users\tyin363\Documents\repos\subchen__jetbrick-template-2x\jetbrick-template\src\main\java\jetbrick\template\runtime\InterpretContextImpl.java,136
CLIENT:client-code:N/A:N/A,MethodCallExpr,jetbrick.template.runtime.InterpretContextImpl,getValueStack,C:\Users\tyin363\Documents\repos\subchen__jetbrick-template-2x\jetbrick-template\src\main\java\jetbrick\template\JetTemplateImpl.java,158
CLIENT:client-code:N/A:N/A,ClassOrInterfaceType,jetbrick.template.resolver.method.MethodInvoker,MethodInvoker,C:\Users\tyin363\Documents\repos\subchen__jetbrick-template-2x\jetbrick-template\src\main\java\jetbrick\template\resolver\method\MethodInvokerResolver.java,42
JDK:java.base:N/A:N/A,MethodCallExpr,java.util.Map,get,C:\Users\tyin363\Documents\repos\subchen__jetbrick-template-2x\jetbrick-template\src\main\java\jetbrick\template\resolver\tag\TagInvokerResolver.java,101
CLIENT:client-code:N/A:N/A,ClassOrInterfaceType,jetbrick.template.parser.ast.AstStatementList,AstStatementList,C:\Users\tyin363\Documents\repos\subchen__jetbrick-template-2x\jetbrick-template\src\main\java\jetbrick\template\parser\ast\AstDirectiveIf.java,29
JDK:java.base:N/A:N/A,ClassOrInterfaceType,java.lang.Class,Class,C:\Users\tyin363\Documents\repos\subchen__jetbrick-template-2x\jetbrick-template\src\main\java\jetbrick\template\parser\ast\AstInvokeNewObject.java,53
JDK:java.base:N/A:N/A,MethodCallExpr,java.util.Map,remove,C:\Users\tyin363\Documents\repos\subchen__jetbrick-template-2x\jetbrick-template\src\main\java\jetbrick\template\JetEngineImpl.java,97
JDK:java.base:N/A:N/A,ClassOrInterfaceType,java.util.List,List,C:\Users\tyin363\Documents\repos\subchen__jetbrick-template-2x\jetbrick-template\src\main\java\jetbrick\template\parser\ast\AstInvokeIndexGet.java,75
JDK:java.base:N/A:N/A,ObjectCreationExpr,java.util.HashSet,HashSet,C:\Users\tyin363\Documents\repos\subchen__jetbrick-template-2x\jetbrick-template\src\main\java\jetbrick\template\JetSecurityManagerImpl.java,42
JDK:java.base:N/A:N/A,ClassOrInterfaceType,java.lang.String,String,C:\Users\tyin363\Documents\repos\subchen__jetbrick-template-2x\jetbrick-template\src\main\java\jetbrick\template\runtime\ValueContext.java,60
JDK:java.base:N/A:N/A,MethodCallExpr,java.lang.StringBuffer,toString,C:\Users\tyin363\Documents\repos\subchen__jetbrick-template-2x\jetbrick-template\src\main\java\jetbrick\template\resolver\function\FunctionInvokerResolver.java,81
CLIENT:client-code:N/A:N/A,MethodCallExpr,jetbrick.template.runtime.InterpretException,set,C:\Users\tyin363\Documents\repos\subchen__jetbrick-template-2x\jetbrick-template\src\main\java\jetbrick\template\parser\ast\AstInvokeFieldStatic.java,73
CLIENT:client-code:N/A:N/A,NameExpr,jetbrick.template.loader.AbstractResourceLoader,root,C:\Users\tyin363\Documents\repos\subchen__jetbrick-template-2x\jetbrick-template\src\main\java\jetbrick\template\loader\ClasspathResourceLoader.java,29
CLIENT:client-code:N/A:N/A,NameExpr,jetbrick.template.runtime.ValueStack,NULL,C:\Users\tyin363\Documents\repos\subchen__jetbrick-template-2x\jetbrick-template\src\main\java\jetbrick\template\runtime\ValueStack.java,155
JDK:java.base:N/A:N/A,MethodCallExpr,java.util.Collections,emptyList,C:\Users\tyin363\Documents\repos\subchen__jetbrick-template-2x\jetbrick-template\src\main\java\jetbrick\template\parser\AstCodeVisitor.java,500
com.github.subchen:jetbrick-commons:jar:2.1.9,ClassOrInterfaceType,jetbrick.bean.MethodInfo,MethodInfo,C:\Users\tyin363\Documents\repos\subchen__jetbrick-template-2x\jetbrick-template\src\main\java\jetbrick\template\resolver\tag\TagInvokerResolver.java,126
JDK:java.base:N/A:N/A,ClassOrInterfaceType,java.util.List,List,C:\Users\tyin363\Documents\repos\subchen__jetbrick-template-2x\jetbrick-template\src\main\java\jetbrick\template\parser\ast\AstDirectiveMacro.java,28
CLIENT:client-code:N/A:N/A,FieldAccessExpr,jetbrick.template.resolver.method.ClassBuildinMethodInvoker,length,C:\Users\tyin363\Documents\repos\subchen__jetbrick-template-2x\jetbrick-template\src\main\java\jetbrick\template\resolver\method\ClassBuildinMethodInvoker.java,36
CLIENT:client-code:N/A:N/A,ObjectCreationExpr,jetbrick.template.JetConfig,JetConfig,C:\Users\tyin363\Documents\repos\subchen__jetbrick-template-2x\jetbrick-template\src\main\java\jetbrick\template\JetEngine.java,44
CLIENT:client-code:N/A:N/A,NameExpr,jetbrick.template.parser.ast.AstDirectiveTag,argumentList,C:\Users\tyin363\Documents\repos\subchen__jetbrick-template-2x\jetbrick-template\src\main\java\jetbrick\template\parser\ast\AstDirectiveTag.java,48
CLIENT:client-code:N/A:N/A,ClassOrInterfaceType,jetbrick.template.parser.ast.AstExpression,AstExpression,C:\Users\tyin363\Documents\repos\subchen__jetbrick-template-2x\jetbrick-template\src\main\java\jetbrick\template\parser\ast\AstExpressionList.java,28
JDK:java.base:N/A:N/A,MethodCallExpr,java.lang.String,charAt,C:\Users\tyin363\Documents\repos\subchen__jetbrick-template-2x\jetbrick-template\src\main\java\jetbrick\template\parser\ast\AstText.java,63
JDK:java.base:N/A:N/A,ClassOrInterfaceType,java.lang.Number,Number,C:\Users\tyin363\Documents\repos\subchen__jetbrick-template-2x\jetbrick-template\src\main\java\jetbrick\template\parser\ast\ALU.java,260
CLIENT:client-code:N/A:N/A,MethodCallExpr,jetbrick.template.parser.ast.ALU,bitAnd,C:\Users\tyin363\Documents\repos\subchen__jetbrick-template-2x\jetbrick-template\src\main\java\jetbrick\template\parser\ast\AstOperatorBinary.java,91
CLIENT:client-code:N/A:N/A,NameExpr,jetbrick.template.resolver.tag.TagInvoker,varArgsClass,C:\Users\tyin363\Documents\repos\subchen__jetbrick-template-2x\jetbrick-template\src\main\java\jetbrick\template\resolver\tag\TagInvoker.java,44
JDK:java.base:N/A:N/A,ClassOrInterfaceType,java.lang.Class,Class,C:\Users\tyin363\Documents\repos\subchen__jetbrick-template-2x\jetbrick-template\src\main\java\jetbrick\template\parser\ast\ALU.java,195
CLIENT:client-code:N/A:N/A,NameExpr,jetbrick.template.parser.ast.ALU,LONG,C:\Users\tyin363\Documents\repos\subchen__jetbrick-template-2x\jetbrick-template\src\main\java\jetbrick\template\parser\ast\ALU.java,390
CLIENT:client-code:N/A:N/A,ClassOrInterfaceType,jetbrick.template.TemplateException,TemplateException,C:\Users\tyin363\Documents\repos\subchen__jetbrick-template-2x\jetbrick-template\src\main\java\jetbrick\template\runtime\InterpretException.java,30
JDK:java.base:N/A:N/A,MethodCallExpr,java.lang.String,length,C:\Users\tyin363\Documents\repos\subchen__jetbrick-template-2x\jetbrick-template\src\main\java\jetbrick\template\Errors.java,174
JDK:java.base:N/A:N/A,ClassOrInterfaceType,java.lang.Object,Object,C:\Users\tyin363\Documents\repos\subchen__jetbrick-template-2x\jetbrick-template\src\main\java\jetbrick\template\parser\ast\ALU.java,425
JDK:java.base:N/A:N/A,MethodCallExpr,java.lang.String,equals,C:\Users\tyin363\Documents\repos\subchen__jetbrick-template-2x\jetbrick-template\src\main\java\jetbrick\template\parser\ast\AstInvokeFieldStatic.java,47
JDK:java.base:N/A:N/A,ObjectCreationExpr,java.util.HashSet,HashSet,C:\Users\tyin363\Documents\repos\subchen__jetbrick-template-2x\jetbrick-template\src\main\java\jetbrick\template\JetSecurityManagerImpl.java,43
JDK:java.base:N/A:N/A,MethodCallExpr,java.lang.Number,intValue,C:\Users\tyin363\Documents\repos\subchen__jetbrick-template-2x\jetbrick-template\src\main\java\jetbrick\template\parser\ast\ALU.java,363
JDK:java.base:N/A:N/A,ClassOrInterfaceType,java.util.List,List,C:\Users\tyin363\Documents\repos\subchen__jetbrick-template-2x\jetbrick-template\src\main\java\jetbrick\template\parser\ast\AstInvokeIndexGet.java,72
JDK:java.base:N/A:N/A,ClassOrInterfaceType,java.lang.Object,Object,C:\Users\tyin363\Documents\repos\subchen__jetbrick-template-2x\jetbrick-template\src\main\java\jetbrick\template\parser\ast\AstTernarySimplifyOperator.java,36
JDK:java.base:N/A:N/A,MethodCallExpr,java.io.Writer,write,C:\Users\tyin363\Documents\repos\subchen__jetbrick-template-2x\jetbrick-template\src\main\java\jetbrick\template\runtime\writer\TrimLeadingWhitespacesWriter.java,74
CLIENT:client-code:N/A:N/A,ObjectCreationExpr,jetbrick.template.resolver.property.FieldGetter,FieldGetter,C:\Users\tyin363\Documents\repos\subchen__jetbrick-template-2x\jetbrick-template\src\main\java\jetbrick\template\resolver\property\DefaultGetterResolver.java,86
CLIENT:client-code:N/A:N/A,ClassOrInterfaceType,jetbrick.template.parser.ast.AstInvokeFunction,AstInvokeFunction,C:\Users\tyin363\Documents\repos\subchen__jetbrick-template-2x\jetbrick-template\src\main\java\jetbrick\template\parser\AstCodeVisitor.java,702
JDK:java.base:N/A:N/A,ClassOrInterfaceType,java.lang.String,String,C:\Users\tyin363\Documents\repos\subchen__jetbrick-template-2x\jetbrick-template\src\main\java\jetbrick\template\JetConfig.java,163
CLIENT:client-code:N/A:N/A,ClassOrInterfaceType,jetbrick.template.parser.ast.AstStatementList,AstStatementList,C:\Users\tyin363\Documents\repos\subchen__jetbrick-template-2x\jetbrick-template\src\main\java\jetbrick\template\parser\ast\AstDirectiveIf.java,26
CLIENT:client-code:N/A:N/A,ClassOrInterfaceType,jetbrick.template.parser.ast.AstConstant,AstConstant,C:\Users\tyin363\Documents\repos\subchen__jetbrick-template-2x\jetbrick-template\src\main\java\jetbrick\template\parser\AstCodeVisitor.java,721
JDK:java.base:N/A:N/A,ClassOrInterfaceType,java.lang.Number,Number,C:\Users\tyin363\Documents\repos\subchen__jetbrick-template-2x\jetbrick-template\src\main\java\jetbrick\template\parser\ast\ALU.java,259
CLIENT:client-code:N/A:N/A,ClassOrInterfaceType,jetbrick.template.parser.ast.AstExpression,AstExpression,C:\Users\tyin363\Documents\repos\subchen__jetbrick-template-2x\jetbrick-template\src\main\java\jetbrick\template\parser\ast\AstExpressionList.java,27
CLIENT:client-code:N/A:N/A,FieldAccessExpr,jetbrick.template.Errors,VARIABLE_TYPE_INCONSISTENT,C:\Users\tyin363\Documents\repos\subchen__jetbrick-template-2x\jetbrick-template\src\main\java\jetbrick\template\runtime\ValueStack.java,189
CLIENT:client-code:N/A:N/A,MethodCallExpr,jetbrick.template.JetTemplate,getSecurityManager,C:\Users\tyin363\Documents\repos\subchen__jetbrick-template-2x\jetbrick-template\src\main\java\jetbrick\template\runtime\InterpretContextImpl.java,175
CLIENT:client-code:N/A:N/A,NameExpr,jetbrick.template.runtime.writer.JetOutputStreamPrinter,os,C:\Users\tyin363\Documents\repos\subchen__jetbrick-template-2x\jetbrick-template\src\main\java\jetbrick\template\runtime\writer\JetOutputStreamPrinter.java,119
JDK:java.base:N/A:N/A,ObjectCreationExpr,java.util.HashMap,HashMap,C:\Users\tyin363\Documents\repos\subchen__jetbrick-template-2x\jetbrick-template\src\main\java\jetbrick\template\resolver\tag\TagInvokerResolver.java,44
CLIENT:client-code:N/A:N/A,MethodCallExpr,jetbrick.template.runtime.JetWriter,print,C:\Users\tyin363\Documents\repos\subchen__jetbrick-template-2x\jetbrick-template\src\main\java\jetbrick\template\parser\ast\AstText.java,287
CLIENT:client-code:N/A:N/A,NameExpr,jetbrick.template.parser.ast.AstExpression,position,C:\Users\tyin363\Documents\repos\subchen__jetbrick-template-2x\jetbrick-template\src\main\java\jetbrick\template\parser\ast\AstExpression.java,32
JDK:java.base:N/A:N/A,ClassOrInterfaceType,java.io.IOException,IOException,C:\Users\tyin363\Documents\repos\subchen__jetbrick-template-2x\jetbrick-template\src\main\java\jetbrick\template\parser\ast\AstText.java,253
JDK:java.base:N/A:N/A,ClassOrInterfaceType,java.lang.Object,Object,C:\Users\tyin363\Documents\repos\subchen__jetbrick-template-2x\jetbrick-template\src\main\java\jetbrick\template\runtime\JetForIterator.java,35
CLIENT:client-code:N/A:N/A,ClassOrInterfaceType,jetbrick.template.parser.ast.AstDirective,AstDirective,C:\Users\tyin363\Documents\repos\subchen__jetbrick-template-2x\jetbrick-template\src\main\java\jetbrick\template\parser\ast\AstStatementList.java,150
CLIENT:client-code:N/A:N/A,MethodCallExpr,jetbrick.template.runtime.InterpretException,cause,C:\Users\tyin363\Documents\repos\subchen__jetbrick-template-2x\jetbrick-template\src\main\java\jetbrick\template\parser\ast\AstInvokeField.java,97
JDK:java.base:N/A:N/A,MethodCallExpr,java.util.List,add,C:\Users\tyin363\Documents\repos\subchen__jetbrick-template-2x\jetbrick-template\src\main\java\jetbrick\template\parser\ParserContext.java,230
CLIENT:client-code:N/A:N/A,NameExpr,jetbrick.template.loader.resource.SourceResource,DEFAULT_NAME,C:\Users\tyin363\Documents\repos\subchen__jetbrick-template-2x\jetbrick-template\src\main\java\jetbrick\template\loader\resource\SourceResource.java,38
JDK:java.base:N/A:N/A,ClassOrInterfaceType,java.lang.IllegalStateException,IllegalStateException,C:\Users\tyin363\Documents\repos\subchen__jetbrick-template-2x\jetbrick-template\src\main\java\jetbrick\template\parser\ast\AstOperatorUnary.java,74
JDK:java.base:N/A:N/A,ClassOrInterfaceType,java.io.IOException,IOException,C:\Users\tyin363\Documents\repos\subchen__jetbrick-template-2x\jetbrick-template\src\main\java\jetbrick\template\runtime\writer\JetWriterPrinterEx.java,97
JDK:java.base:N/A:N/A,ClassOrInterfaceType,java.io.IOException,IOException,C:\Users\tyin363\Documents\repos\subchen__jetbrick-template-2x\jetbrick-template\src\main\java\jetbrick\template\runtime\writer\TrimLeadingWhitespacesOutputStream.java,41
CLIENT:client-code:N/A:N/A,FieldAccessExpr,jetbrick.template.Errors,OPERATION_BINARY_UNDEFINED,C:\Users\tyin363\Documents\repos\subchen__jetbrick-template-2x\jetbrick-template\src\main\java\jetbrick\template\parser\ast\ALU.java,232
JDK:java.base:N/A:N/A,MethodCallExpr,java.lang.Class,isAssignableFrom,C:\Users\tyin363\Documents\repos\subchen__jetbrick-template-2x\jetbrick-template\src\main\java\jetbrick\template\parser\ast\ALU.java,120
CLIENT:client-code:N/A:N/A,MethodCallExpr,jetbrick.template.Errors,format,C:\Users\tyin363\Documents\repos\subchen__jetbrick-template-2x\jetbrick-template\src\main\java\jetbrick\template\parser\ast\ALU.java,288
CLIENT:client-code:N/A:N/A,NameExpr,jetbrick.template.parser.ast.AstStatementList.ListIterator,index,C:\Users\tyin363\Documents\repos\subchen__jetbrick-template-2x\jetbrick-template\src\main\java\jetbrick\template\parser\ast\AstStatementList.java,240
CLIENT:client-code:N/A:N/A,ClassOrInterfaceType,jetbrick.template.parser.ast.AstExpression,AstExpression,C:\Users\tyin363\Documents\repos\subchen__jetbrick-template-2x\jetbrick-template\src\main\java\jetbrick\template\parser\ast\AstInvokeIndexGet.java,29
CLIENT:client-code:N/A:N/A,NameExpr,jetbrick.template.runtime.ValueStack,globalContext,C:\Users\tyin363\Documents\repos\subchen__jetbrick-template-2x\jetbrick-template\src\main\java\jetbrick\template\runtime\ValueStack.java,109
JDK:java.base:N/A:N/A,ClassOrInterfaceType,java.lang.String,String,C:\Users\tyin363\Documents\repos\subchen__jetbrick-template-2x\jetbrick-template\src\main\java\jetbrick\template\parser\ast\AstInvokeFieldStatic.java,32
CLIENT:client-code:N/A:N/A,MethodCallExpr,jetbrick.template.runtime.InterpretException,set,C:\Users\tyin363\Documents\repos\subchen__jetbrick-template-2x\jetbrick-template\src\main\java\jetbrick\template\parser\ast\AstInvokeMethod.java,114
CLIENT:client-code:N/A:N/A,MethodCallExpr,jetbrick.template.parser.ParserContext,setStrict,C:\Users\tyin363\Documents\repos\subchen__jetbrick-template-2x\jetbrick-template\src\main\java\jetbrick\template\parser\AstCodeVisitor.java,181
CLIENT:client-code:N/A:N/A,ClassOrInterfaceType,jetbrick.template.JetSecurityManager,JetSecurityManager,C:\Users\tyin363\Documents\repos\subchen__jetbrick-template-2x\jetbrick-template\src\main\java\jetbrick\template\resolver\method\MethodInvoker.java,29
JDK:java.base:N/A:N/A,ClassOrInterfaceType,java.util.Map.Entry,Entry,C:\Users\tyin363\Documents\repos\subchen__jetbrick-template-2x\jetbrick-template\src\main\java\jetbrick\template\parser\ast\AstConstantMap.java,40
CLIENT:client-code:N/A:N/A,MethodCallExpr,jetbrick.template.runtime.InterpretContext,setSignal,C:\Users\tyin363\Documents\repos\subchen__jetbrick-template-2x\jetbrick-template\src\main\java\jetbrick\template\parser\ast\AstDirectiveContinue.java,37
CLIENT:client-code:N/A:N/A,NameExpr,jetbrick.template.runtime.InterpretContextImpl,returnName,C:\Users\tyin363\Documents\repos\subchen__jetbrick-template-2x\jetbrick-template\src\main\java\jetbrick\template\runtime\InterpretContextImpl.java,116
JDK:java.base:N/A:N/A,MethodCallExpr,java.lang.Integer,valueOf,C:\Users\tyin363\Documents\repos\subchen__jetbrick-template-2x\jetbrick-template\src\main\java\jetbrick\template\parser\ast\ALU.java,207
CLIENT:client-code:N/A:N/A,MethodCallExpr,jetbrick.template.parser.ast.ALU,getNumberType,C:\Users\tyin363\Documents\repos\subchen__jetbrick-template-2x\jetbrick-template\src\main\java\jetbrick\template\parser\ast\ALU.java,98
CLIENT:client-code:N/A:N/A,MethodCallExpr,jetbrick.template.runtime.InterpretContext,getSignal,C:\Users\tyin363\Documents\repos\subchen__jetbrick-template-2x\jetbrick-template\src\main\java\jetbrick\template\parser\ast\AstTemplate.java,39
JDK:java.base:N/A:N/A,MethodCallExpr,java.lang.Class,isInstance,C:\Users\tyin363\Documents\repos\subchen__jetbrick-template-2x\jetbrick-template\src\main\java\jetbrick\template\JetGlobalContext.java,52
CLIENT:client-code:N/A:N/A,ClassOrInterfaceType,jetbrick.template.resolver.property.GetterResolver,GetterResolver,C:\Users\tyin363\Documents\repos\subchen__jetbrick-template-2x\jetbrick-template\src\main\java\jetbrick\template\resolver\GlobalResolver.java,104
CLIENT:client-code:N/A:N/A,NameExpr,jetbrick.template.parser.ast.AstExpression,position,C:\Users\tyin363\Documents\repos\subchen__jetbrick-template-2x\jetbrick-template\src\main\java\jetbrick\template\parser\ast\AstInvokeFieldStatic.java,64
CLIENT:client-code:N/A:N/A,MethodCallExpr,jetbrick.template.parser.ast.ALU,shr,C:\Users\tyin363\Documents\repos\subchen__jetbrick-template-2x\jetbrick-template\src\main\java\jetbrick\template\parser\ast\AstOperatorBinary.java,103
CLIENT:client-code:N/A:N/A,FieldAccessExpr,jetbrick.template.parser.ast.Tokens,BIT_NOT,C:\Users\tyin363\Documents\repos\subchen__jetbrick-template-2x\jetbrick-template\src\main\java\jetbrick\template\parser\AstCodeVisitor.java,545
CLIENT:client-code:N/A:N/A,FieldAccessExpr,jetbrick.template.JetConfig,DEFAULT_CONFIG_FILE,C:\Users\tyin363\Documents\repos\subchen__jetbrick-template-2x\jetbrick-template\src\main\java\jetbrick\template\JetEngine.java,44
JDK:java.base:N/A:N/A,MethodCallExpr,java.util.Map,put,C:\Users\tyin363\Documents\repos\subchen__jetbrick-template-2x\jetbrick-template\src\main\java\jetbrick\template\resolver\clazz\ClassResolver.java,104
CLIENT:client-code:N/A:N/A,NameExpr,jetbrick.template.runtime.writer.JetWriterPrinter,error,C:\Users\tyin363\Documents\repos\subchen__jetbrick-template-2x\jetbrick-template\src\main\java\jetbrick\template\runtime\writer\JetWriterPrinter.java,73
CLIENT:client-code:N/A:N/A,MethodCallExpr,jetbrick.template.Errors,typeName,C:\Users\tyin363\Documents\repos\subchen__jetbrick-template-2x\jetbrick-template\src\main\java\jetbrick\template\parser\ast\ALU.java,367
JDK:java.base:N/A:N/A,MethodCallExpr,java.io.OutputStream,write,C:\Users\tyin363\Documents\repos\subchen__jetbrick-template-2x\jetbrick-template\src\main\java\jetbrick\template\runtime\writer\JetOutputStreamPrinterEx.java,64
CLIENT:client-code:N/A:N/A,MethodCallExpr,jetbrick.template.resolver.clazz.ClassResolver,importClass,C:\Users\tyin363\Documents\repos\subchen__jetbrick-template-2x\jetbrick-template\src\main\java\jetbrick\template\resolver\GlobalResolver.java,98
JDK:java.base:N/A:N/A,MethodCallExpr,java.lang.reflect.Method,getAnnotation,C:\Users\tyin363\Documents\repos\subchen__jetbrick-template-2x\jetbrick-template\src\main\java\jetbrick\template\resolver\function\FunctionInvokerResolver.java,65
CLIENT:client-code:N/A:N/A,NameExpr,jetbrick.template.parser.ast.ALU,INTEGER,C:\Users\tyin363\Documents\repos\subchen__jetbrick-template-2x\jetbrick-template\src\main\java\jetbrick\template\parser\ast\ALU.java,46
CLIENT:client-code:N/A:N/A,NameExpr,jetbrick.template.parser.ast.AstOperatorBinary,rhs,C:\Users\tyin363\Documents\repos\subchen__jetbrick-template-2x\jetbrick-template\src\main\java\jetbrick\template\parser\ast\AstOperatorBinary.java,58
CLIENT:client-code:N/A:N/A,NameExpr,jetbrick.template.runtime.writer.JetOutputStreamPrinter,error,C:\Users\tyin363\Documents\repos\subchen__jetbrick-template-2x\jetbrick-template\src\main\java\jetbrick\template\runtime\writer\JetOutputStreamPrinter.java,135
JDK:java.base:N/A:N/A,ClassOrInterfaceType,java.lang.RuntimeException,RuntimeException,C:\Users\tyin363\Documents\repos\subchen__jetbrick-template-2x\jetbrick-template\src\main\java\jetbrick\template\parser\ast\AstDirectiveTag.java,73
CLIENT:client-code:N/A:N/A,ClassOrInterfaceType,jetbrick.template.parser.ast.AstExpression,AstExpression,C:\Users\tyin363\Documents\repos\subchen__jetbrick-template-2x\jetbrick-template\src\main\java\jetbrick\template\parser\ast\AstInvokeIndexGet.java,30
CLIENT:client-code:N/A:N/A,NameExpr,jetbrick.template.parser.ast.AstExpression,position,C:\Users\tyin363\Documents\repos\subchen__jetbrick-template-2x\jetbrick-template\src\main\java\jetbrick\template\parser\ast\AstInvokeMethod.java,114
CLIENT:client-code:N/A:N/A,FieldAccessExpr,jetbrick.template.Errors,EXPRESSION_ARRAY_LENGTH_NULL,C:\Users\tyin363\Documents\repos\subchen__jetbrick-template-2x\jetbrick-template\src\main\java\jetbrick\template\parser\ast\AstInvokeNewArray.java,73
CLIENT:client-code:N/A:N/A,NameExpr,jetbrick.template.runtime.writer.TrimLeadingWhitespacesOutputStream,out,C:\Users\tyin363\Documents\repos\subchen__jetbrick-template-2x\jetbrick-template\src\main\java\jetbrick\template\runtime\writer\TrimLeadingWhitespacesOutputStream.java,37
CLIENT:client-code:N/A:N/A,NameExpr,jetbrick.template.parser.ast.AstDirectiveTag,argumentList,C:\Users\tyin363\Documents\repos\subchen__jetbrick-template-2x\jetbrick-template\src\main\java\jetbrick\template\parser\ast\AstDirectiveTag.java,45
CLIENT:client-code:N/A:N/A,ClassOrInterfaceType,jetbrick.template.runtime.InterpretContext,InterpretContext,C:\Users\tyin363\Documents\repos\subchen__jetbrick-template-2x\jetbrick-template\src\main\java\jetbrick\template\runtime\InterpretContext.java,40
org.antlr:antlr4-runtime:jar:4.10.1,MethodCallExpr,org.antlr.v4.runtime.Token,getType,C:\Users\tyin363\Documents\repos\subchen__jetbrick-template-2x\jetbrick-template\src\main\java\jetbrick\template\parser\AstCodeVisitor.java,126
JDK:java.base:N/A:N/A,ClassOrInterfaceType,java.lang.Object,Object,C:\Users\tyin363\Documents\repos\subchen__jetbrick-template-2x\jetbrick-template\src\main\java\jetbrick\template\parser\ast\AstDirectiveFor.java,42
com.github.subchen:jetbrick-commons:jar:2.1.9,ClassOrInterfaceType,jetbrick.bean.MethodInfo,MethodInfo,C:\Users\tyin363\Documents\repos\subchen__jetbrick-template-2x\jetbrick-template\src\main\java\jetbrick\template\resolver\method\MethodInvokerResolver.java,88
CLIENT:client-code:N/A:N/A,ClassOrInterfaceType,jetbrick.template.JetAnnotations.Name,Name,C:\Users\tyin363\Documents\repos\subchen__jetbrick-template-2x\jetbrick-template\src\main\java\jetbrick\template\resolver\function\FunctionInvokerResolver.java,65
JDK:java.base:N/A:N/A,MethodCallExpr,java.lang.Number,intValue,C:\Users\tyin363\Documents\repos\subchen__jetbrick-template-2x\jetbrick-template\src\main\java\jetbrick\template\parser\ast\ALU.java,102
CLIENT:client-code:N/A:N/A,ClassOrInterfaceType,jetbrick.template.runtime.JetWriter,JetWriter,C:\Users\tyin363\Documents\repos\subchen__jetbrick-template-2x\jetbrick-template\src\main\java\jetbrick\template\runtime\writer\JetOutputStreamPrinter.java,27
CLIENT:client-code:N/A:N/A,MethodCallExpr,jetbrick.template.runtime.InterpretContextImpl,getValueStack,C:\Users\tyin363\Documents\repos\subchen__jetbrick-template-2x\jetbrick-template\src\main\java\jetbrick\template\JetTemplateImpl.java,162
JDK:java.base:N/A:N/A,ClassOrInterfaceType,java.lang.Integer,Integer,C:\Users\tyin363\Documents\repos\subchen__jetbrick-template-2x\jetbrick-template\src\main\java\jetbrick\template\parser\ast\AstInvokeNewArray.java,76
JDK:java.base:N/A:N/A,ObjectCreationExpr,java.util.EmptyStackException,EmptyStackException,C:\Users\tyin363\Documents\repos\subchen__jetbrick-template-2x\jetbrick-template\src\main\java\jetbrick\template\runtime\ValueStack.java,72
JDK:java.base:N/A:N/A,ClassOrInterfaceType,java.lang.Class,Class,C:\Users\tyin363\Documents\repos\subchen__jetbrick-template-2x\jetbrick-template\src\main\java\jetbrick\template\parser\ast\AstDirectiveCall.java,53
CLIENT:client-code:N/A:N/A,NameExpr,jetbrick.template.JetConfig,trimLeadingWhitespaces,C:\Users\tyin363\Documents\repos\subchen__jetbrick-template-2x\jetbrick-template\src\main\java\jetbrick\template\JetConfig.java,188
CLIENT:client-code:N/A:N/A,NameExpr,jetbrick.template.runtime.writer.TrimLeadingWhitespacesOutputStream,first,C:\Users\tyin363\Documents\repos\subchen__jetbrick-template-2x\jetbrick-template\src\main\java\jetbrick\template\runtime\writer\TrimLeadingWhitespacesOutputStream.java,66
CLIENT:client-code:N/A:N/A,FieldAccessExpr,jetbrick.template.runtime.InterpretContext,SIGNAL_NONE,C:\Users\tyin363\Documents\repos\subchen__jetbrick-template-2x\jetbrick-template\src\main\java\jetbrick\template\parser\ast\AstDirectiveFor.java,72
JDK:java.base:N/A:N/A,MethodCallExpr,java.util.ArrayList,size,C:\Users\tyin363\Documents\repos\subchen__jetbrick-template-2x\jetbrick-template\src\main\java\jetbrick\template\runtime\JetForIterator.java,63
JDK:java.base:N/A:N/A,MethodCallExpr,java.lang.Integer,valueOf,C:\Users\tyin363\Documents\repos\subchen__jetbrick-template-2x\jetbrick-template\src\main\java\jetbrick\template\parser\ast\ALU.java,209
CLIENT:client-code:N/A:N/A,MethodCallExpr,jetbrick.template.parser.ast.AstExpression,getPosition,C:\Users\tyin363\Documents\repos\subchen__jetbrick-template-2x\jetbrick-template\src\main\java\jetbrick\template\parser\ast\AstDirectiveSet.java,41
JDK:java.base:N/A:N/A,ClassOrInterfaceType,java.lang.IllegalStateException,IllegalStateException,C:\Users\tyin363\Documents\repos\subchen__jetbrick-template-2x\jetbrick-template\src\main\java\jetbrick\template\parser\AstCodeVisitor.java,847
JDK:java.base:N/A:N/A,ClassOrInterfaceType,java.lang.String,String,C:\Users\tyin363\Documents\repos\subchen__jetbrick-template-2x\jetbrick-template\src\main\java\jetbrick\template\parser\ParserContext.java,57
com.github.subchen:jetbrick-commons:jar:2.1.9,MethodCallExpr,jetbrick.util.VersionUtils,getVersion,C:\Users\tyin363\Documents\repos\subchen__jetbrick-template-2x\jetbrick-template\src\main\java\jetbrick\template\JetEngine.java,36
JDK:java.base:N/A:N/A,MethodCallExpr,java.lang.String,substring,C:\Users\tyin363\Documents\repos\subchen__jetbrick-template-2x\jetbrick-template\src\main\java\jetbrick\template\parser\AstCodeVisitor.java,869
CLIENT:client-code:N/A:N/A,NameExpr,jetbrick.template.runtime.ValueStack,index,C:\Users\tyin363\Documents\repos\subchen__jetbrick-template-2x\jetbrick-template\src\main\java\jetbrick\template\runtime\ValueStack.java,150
JDK:java.base:N/A:N/A,ClassOrInterfaceType,java.util.Map,Map,C:\Users\tyin363\Documents\repos\subchen__jetbrick-template-2x\jetbrick-template\src\main\java\jetbrick\template\parser\ast\AstConstantMap.java,40
CLIENT:client-code:N/A:N/A,NameExpr,jetbrick.template.resolver.tag.TagInvoker,length,C:\Users\tyin363\Documents\repos\subchen__jetbrick-template-2x\jetbrick-template\src\main\java\jetbrick\template\resolver\tag\TagInvoker.java,44
CLIENT:client-code:N/A:N/A,NameExpr,jetbrick.template.resolver.function.FunctionInvokerResolver,log,C:\Users\tyin363\Documents\repos\subchen__jetbrick-template-2x\jetbrick-template\src\main\java\jetbrick\template\resolver\function\FunctionInvokerResolver.java,57
JDK:java.base:N/A:N/A,MethodCallExpr,java.lang.System,arraycopy,C:\Users\tyin363\Documents\repos\subchen__jetbrick-template-2x\jetbrick-template\src\main\java\jetbrick\template\resolver\ParameterUtils.java,56
JDK:java.base:N/A:N/A,ClassOrInterfaceType,java.lang.String,String,C:\Users\tyin363\Documents\repos\subchen__jetbrick-template-2x\jetbrick-template\src\main\java\jetbrick\template\parser\AstCodeVisitor.java,793
JDK:java.base:N/A:N/A,ObjectCreationExpr,java.lang.StringBuffer,StringBuffer,C:\Users\tyin363\Documents\repos\subchen__jetbrick-template-2x\jetbrick-template\src\main\java\jetbrick\template\resolver\method\MethodInvokerResolver.java,73
JDK:java.base:N/A:N/A,MethodCallExpr,java.lang.String,startsWith,C:\Users\tyin363\Documents\repos\subchen__jetbrick-template-2x\jetbrick-template\src\main\java\jetbrick\template\Errors.java,106
JDK:java.base:N/A:N/A,ClassOrInterfaceType,java.io.IOException,IOException,C:\Users\tyin363\Documents\repos\subchen__jetbrick-template-2x\jetbrick-template\src\main\java\jetbrick\template\runtime\writer\JetWriterPrinterEx.java,102
CLIENT:client-code:N/A:N/A,FieldAccessExpr,jetbrick.template.runtime.InterpretContext,SIGNAL_NONE,C:\Users\tyin363\Documents\repos\subchen__jetbrick-template-2x\jetbrick-template\src\main\java\jetbrick\template\parser\ast\AstDirectiveFor.java,69
JDK:java.base:N/A:N/A,MethodCallExpr,java.lang.String,getBytes,C:\Users\tyin363\Documents\repos\subchen__jetbrick-template-2x\jetbrick-template\src\main\java\jetbrick\template\runtime\writer\JetOutputStreamPrinterEx.java,78
CLIENT:client-code:N/A:N/A,ClassOrInterfaceType,jetbrick.template.parser.ast.AstDirective,AstDirective,C:\Users\tyin363\Documents\repos\subchen__jetbrick-template-2x\jetbrick-template\src\main\java\jetbrick\template\parser\ast\AstStatementList.java,155
CLIENT:client-code:N/A:N/A,ClassOrInterfaceType,jetbrick.template.JetConfig,JetConfig,C:\Users\tyin363\Documents\repos\subchen__jetbrick-template-2x\jetbrick-template\src\main\java\jetbrick\template\JetEngine.java,75
org.antlr:antlr4-runtime:jar:4.10.1,MethodCallExpr,org.antlr.v4.runtime.Token,getCharPositionInLine,C:\Users\tyin363\Documents\repos\subchen__jetbrick-template-2x\jetbrick-template\src\main\java\jetbrick\template\parser\AstCodeVisitor.java,906
JDK:java.base:N/A:N/A,ClassOrInterfaceType,java.io.Writer,Writer,C:\Users\tyin363\Documents\repos\subchen__jetbrick-template-2x\jetbrick-template\src\main\java\jetbrick\template\runtime\writer\TrimLeadingWhitespacesWriter.java,30
JDK:java.base:N/A:N/A,ClassOrInterfaceType,java.lang.String,String,C:\Users\tyin363\Documents\repos\subchen__jetbrick-template-2x\jetbrick-template\src\main\java\jetbrick\template\JetAnnotations.java,51
JDK:java.base:N/A:N/A,ClassOrInterfaceType,java.io.IOException,IOException,C:\Users\tyin363\Documents\repos\subchen__jetbrick-template-2x\jetbrick-template\src\main\java\jetbrick\template\runtime\writer\TrimLeadingWhitespacesWriter.java,78
JDK:java.base:N/A:N/A,ClassOrInterfaceType,java.lang.String,String,C:\Users\tyin363\Documents\repos\subchen__jetbrick-template-2x\jetbrick-template\src\main\java\jetbrick\template\runtime\JetWriter.java,103
JDK:java.base:N/A:N/A,ClassOrInterfaceType,java.lang.Number,Number,C:\Users\tyin363\Documents\repos\subchen__jetbrick-template-2x\jetbrick-template\src\main\java\jetbrick\template\parser\ast\ALU.java,527
org.antlr:antlr4-runtime:jar:4.10.1,ClassOrInterfaceType,org.antlr.v4.runtime.tree.TerminalNode,TerminalNode,C:\Users\tyin363\Documents\repos\subchen__jetbrick-template-2x\jetbrick-template\src\main\java\jetbrick\template\parser\AstCodeVisitor.java,420
JDK:java.base:N/A:N/A,ClassOrInterfaceType,java.lang.String,String,C:\Users\tyin363\Documents\repos\subchen__jetbrick-template-2x\jetbrick-template\src\main\java\jetbrick\template\parser\ast\AstText.java,266
CLIENT:client-code:N/A:N/A,NameExpr,jetbrick.template.runtime.ValueStack,globalContext,C:\Users\tyin363\Documents\repos\subchen__jetbrick-template-2x\jetbrick-template\src\main\java\jetbrick\template\runtime\ValueStack.java,110
CLIENT:client-code:N/A:N/A,NameExpr,jetbrick.template.runtime.writer.JetOutputStreamPrinterEx,os,C:\Users\tyin363\Documents\repos\subchen__jetbrick-template-2x\jetbrick-template\src\main\java\jetbrick\template\runtime\writer\JetOutputStreamPrinterEx.java,64
CLIENT:client-code:N/A:N/A,MethodCallExpr,jetbrick.template.runtime.InterpretException,set,C:\Users\tyin363\Documents\repos\subchen__jetbrick-template-2x\jetbrick-template\src\main\java\jetbrick\template\parser\ast\AstDirectiveReturn.java,48
CLIENT:client-code:N/A:N/A,ClassOrInterfaceType,jetbrick.template.parser.SyntaxException,SyntaxException,C:\Users\tyin363\Documents\repos\subchen__jetbrick-template-2x\jetbrick-template\src\main\java\jetbrick\template\parser\AstBuilder.java,77
JDK:java.base:N/A:N/A,ClassOrInterfaceType,java.lang.String,String,C:\Users\tyin363\Documents\repos\subchen__jetbrick-template-2x\jetbrick-template\src\main\java\jetbrick\template\JetEngine.java,105
JDK:java.base:N/A:N/A,ClassOrInterfaceType,java.lang.String,String,C:\Users\tyin363\Documents\repos\subchen__jetbrick-template-2x\jetbrick-template\src\main\java\jetbrick\template\parser\ast\AstInvokeMethod.java,80
com.github.subchen:jetbrick-commons:jar:2.1.9,ClassOrInterfaceType,jetbrick.bean.MethodInfo,MethodInfo,C:\Users\tyin363\Documents\repos\subchen__jetbrick-template-2x\jetbrick-template\src\main\java\jetbrick\template\resolver\method\MethodInvokerResolver.java,86
CLIENT:client-code:N/A:N/A,NameExpr,jetbrick.template.resolver.GlobalResolver,tagInvokerResolver,C:\Users\tyin363\Documents\repos\subchen__jetbrick-template-2x\jetbrick-template\src\main\java\jetbrick\template\resolver\GlobalResolver.java,57
CLIENT:client-code:N/A:N/A,MethodCallExpr,jetbrick.template.JetEngine,getTemplate,C:\Users\tyin363\Documents\repos\subchen__jetbrick-template-2x\jetbrick-template\src\main\java\jetbrick\template\runtime\InterpretContextImpl.java,121
com.github.subchen:jetbrick-commons:jar:2.1.9,ClassOrInterfaceType,jetbrick.io.resource.Resource,Resource,C:\Users\tyin363\Documents\repos\subchen__jetbrick-template-2x\jetbrick-template\src\main\java\jetbrick\template\JetEngineImpl.java,111
JDK:java.base:N/A:N/A,MethodCallExpr,java.lang.String,startsWith,C:\Users\tyin363\Documents\repos\subchen__jetbrick-template-2x\jetbrick-template\src\main\java\jetbrick\template\Errors.java,107
CLIENT:client-code:N/A:N/A,NameExpr,jetbrick.template.loader.AbstractResourceLoader,root,C:\Users\tyin363\Documents\repos\subchen__jetbrick-template-2x\jetbrick-template\src\main\java\jetbrick\template\loader\ClasspathResourceLoader.java,35
JDK:java.base:N/A:N/A,MethodCallExpr,java.util.Set,iterator,C:\Users\tyin363\Documents\repos\subchen__jetbrick-template-2x\jetbrick-template\src\main\java\jetbrick\template\runtime\JetForIterator.java,58
CLIENT:client-code:N/A:N/A,FieldAccessExpr,jetbrick.template.Errors,EXPRESSION_INDEX_IS_NULL,C:\Users\tyin363\Documents\repos\subchen__jetbrick-template-2x\jetbrick-template\src\main\java\jetbrick\template\parser\ast\AstInvokeIndexGet.java,55
CLIENT:client-code:N/A:N/A,NameExpr,jetbrick.template.JetEngineImpl,cache,C:\Users\tyin363\Documents\repos\subchen__jetbrick-template-2x\jetbrick-template\src\main\java\jetbrick\template\JetEngineImpl.java,134
CLIENT:client-code:N/A:N/A,FieldAccessExpr,jetbrick.template.parser.ast.AstOperatorInstanceof,expression,C:\Users\tyin363\Documents\repos\subchen__jetbrick-template-2x\jetbrick-template\src\main\java\jetbrick\template\parser\ast\AstOperatorInstanceof.java,31
CLIENT:client-code:N/A:N/A,ObjectCreationExpr,jetbrick.template.runtime.InterpretException,InterpretException,C:\Users\tyin363\Documents\repos\subchen__jetbrick-template-2x\jetbrick-template\src\main\java\jetbrick\template\parser\ast\AstDirectiveCall.java,56
JDK:java.base:N/A:N/A,MethodCallExpr,java.util.Map,get,C:\Users\tyin363\Documents\repos\subchen__jetbrick-template-2x\jetbrick-template\src\main\java\jetbrick\template\resolver\method\MethodInvokerResolver.java,134
CLIENT:client-code:N/A:N/A,NameExpr,jetbrick.template.runtime.InterpretContextImpl,valueStack,C:\Users\tyin363\Documents\repos\subchen__jetbrick-template-2x\jetbrick-template\src\main\java\jetbrick\template\runtime\InterpretContextImpl.java,127
JDK:java.base:N/A:N/A,MethodCallExpr,java.lang.String,getBytes,C:\Users\tyin363\Documents\repos\subchen__jetbrick-template-2x\jetbrick-template\src\main\java\jetbrick\template\runtime\writer\JetOutputStreamPrinter.java,105
CLIENT:client-code:N/A:N/A,NameExpr,jetbrick.template.parser.ast.AstOperatorEquals,lhs,C:\Users\tyin363\Documents\repos\subchen__jetbrick-template-2x\jetbrick-template\src\main\java\jetbrick\template\parser\ast\AstOperatorEquals.java,39
JDK:java.base:N/A:N/A,ClassOrInterfaceType,java.lang.Object,Object,C:\Users\tyin363\Documents\repos\subchen__jetbrick-template-2x\jetbrick-template\src\main\java\jetbrick\template\JetContext.java,24
JDK:java.base:N/A:N/A,MethodCallExpr,java.lang.reflect.Array,newInstance,C:\Users\tyin363\Documents\repos\subchen__jetbrick-template-2x\jetbrick-template\src\main\java\jetbrick\template\resolver\ParameterUtils.java,68
CLIENT:client-code:N/A:N/A,ClassOrInterfaceType,jetbrick.template.JetSecurityManager,JetSecurityManager,C:\Users\tyin363\Documents\repos\subchen__jetbrick-template-2x\jetbrick-template\src\main\java\jetbrick\template\loader\AbstractResourceLoader.java,53
CLIENT:client-code:N/A:N/A,FieldAccessExpr,jetbrick.template.runtime.InterpretContextImpl,engine,C:\Users\tyin363\Documents\repos\subchen__jetbrick-template-2x\jetbrick-template\src\main\java\jetbrick\template\runtime\InterpretContextImpl.java,41
JDK:java.base:N/A:N/A,ClassOrInterfaceType,java.lang.StringBuffer,StringBuffer,C:\Users\tyin363\Documents\repos\subchen__jetbrick-template-2x\jetbrick-template\src\main\java\jetbrick\template\resolver\function\FunctionInvokerResolver.java,71
JDK:java.base:N/A:N/A,ClassOrInterfaceType,java.io.IOException,IOException,C:\Users\tyin363\Documents\repos\subchen__jetbrick-template-2x\jetbrick-template\src\main\java\jetbrick\template\parser\ast\AstValue.java,40
CLIENT:client-code:N/A:N/A,NameExpr,jetbrick.template.runtime.ValueStack,NULL,C:\Users\tyin363\Documents\repos\subchen__jetbrick-template-2x\jetbrick-template\src\main\java\jetbrick\template\runtime\ValueStack.java,96
CLIENT:client-code:N/A:N/A,ObjectCreationExpr,jetbrick.template.parser.SyntaxException,SyntaxException,C:\Users\tyin363\Documents\repos\subchen__jetbrick-template-2x\jetbrick-template\src\main\java\jetbrick\template\parser\AstCodeVisitor.java,800
CLIENT:client-code:N/A:N/A,ClassOrInterfaceType,jetbrick.template.resolver.tag.TagInvoker,TagInvoker,C:\Users\tyin363\Documents\repos\subchen__jetbrick-template-2x\jetbrick-template\src\main\java\jetbrick\template\resolver\tag\TagInvokerResolver.java,101
JDK:java.base:N/A:N/A,ClassOrInterfaceType,java.lang.Object,Object,C:\Users\tyin363\Documents\repos\subchen__jetbrick-template-2x\jetbrick-template\src\main\java\jetbrick\template\runtime\buildin\JetMethods.java,121
JDK:java.base:N/A:N/A,ClassOrInterfaceType,java.lang.String,String,C:\Users\tyin363\Documents\repos\subchen__jetbrick-template-2x\jetbrick-template\src\main\java\jetbrick\template\Errors.java,74
JDK:java.base:N/A:N/A,ObjectCreationExpr,java.lang.UnsupportedOperationException,UnsupportedOperationException,C:\Users\tyin363\Documents\repos\subchen__jetbrick-template-2x\jetbrick-template\src\main\java\jetbrick\template\runtime\JetForIterator.java,101
CLIENT:client-code:N/A:N/A,ObjectCreationExpr,jetbrick.template.parser.ast.AstOperatorUnary,AstOperatorUnary,C:\Users\tyin363\Documents\repos\subchen__jetbrick-template-2x\jetbrick-template\src\main\java\jetbrick\template\parser\AstCodeVisitor.java,539
CLIENT:client-code:N/A:N/A,NameExpr,jetbrick.template.parser.ast.AstOperatorBinary,operator,C:\Users\tyin363\Documents\repos\subchen__jetbrick-template-2x\jetbrick-template\src\main\java\jetbrick\template\parser\ast\AstOperatorBinary.java,74
CLIENT:client-code:N/A:N/A,ClassOrInterfaceType,jetbrick.template.runtime.JetTagContext,JetTagContext,C:\Users\tyin363\Documents\repos\subchen__jetbrick-template-2x\jetbrick-template\src\main\java\jetbrick\template\resolver\tag\TagInvokerResolver.java,55
JDK:java.base:N/A:N/A,MethodCallExpr,java.lang.Number,doubleValue,C:\Users\tyin363\Documents\repos\subchen__jetbrick-template-2x\jetbrick-template\src\main\java\jetbrick\template\runtime\buildin\JetMethods.java,94
JDK:java.base:N/A:N/A,ClassOrInterfaceType,java.nio.charset.Charset,Charset,C:\Users\tyin363\Documents\repos\subchen__jetbrick-template-2x\jetbrick-template\src\main\java\jetbrick\template\runtime\writer\JetWriterPrinter.java,29
CLIENT:client-code:N/A:N/A,MethodCallExpr,jetbrick.template.JetSecurityManager,checkAccess,C:\Users\tyin363\Documents\repos\subchen__jetbrick-template-2x\jetbrick-template\src\main\java\jetbrick\template\resolver\function\ExtensionFunctionInvoker.java,48
JDK:java.base:N/A:N/A,ClassOrInterfaceType,java.lang.Object,Object,C:\Users\tyin363\Documents\repos\subchen__jetbrick-template-2x\jetbrick-template\src\main\java\jetbrick\template\parser\ast\AstOperatorInstanceof.java,36
CLIENT:client-code:N/A:N/A,FieldAccessExpr,jetbrick.template.parser.ast.Tokens,AST_BLOCK_TEMPLATE,C:\Users\tyin363\Documents\repos\subchen__jetbrick-template-2x\jetbrick-template\src\main\java\jetbrick\template\parser\AstCodeVisitor.java,102
CLIENT:client-code:N/A:N/A,ClassOrInterfaceType,jetbrick.template.JetGlobalContext,JetGlobalContext,C:\Users\tyin363\Documents\repos\subchen__jetbrick-template-2x\jetbrick-template\src\main\java\jetbrick\template\JetEngineImpl.java,75
JDK:java.base:N/A:N/A,ClassOrInterfaceType,java.lang.IllegalStateException,IllegalStateException,C:\Users\tyin363\Documents\repos\subchen__jetbrick-template-2x\jetbrick-template\src\main\java\jetbrick\template\parser\ast\ALU.java,92
JDK:java.base:N/A:N/A,ClassOrInterfaceType,java.lang.String,String,C:\Users\tyin363\Documents\repos\subchen__jetbrick-template-2x\jetbrick-template\src\main\java\jetbrick\template\runtime\buildin\JetFunctions.java,107
com.github.subchen:jetbrick-commons:jar:2.1.9,MethodCallExpr,jetbrick.util.StringUtils,repeat,C:\Users\tyin363\Documents\repos\subchen__jetbrick-template-2x\jetbrick-template\src\main\java\jetbrick\template\Errors.java,167
CLIENT:client-code:N/A:N/A,MethodCallExpr,jetbrick.template.JetEngine,getGlobalResolver,C:\Users\tyin363\Documents\repos\subchen__jetbrick-template-2x\jetbrick-template\src\main\java\jetbrick\template\JetTemplateImpl.java,103
JDK:java.base:N/A:N/A,MethodCallExpr,java.util.Map,put,C:\Users\tyin363\Documents\repos\subchen__jetbrick-template-2x\jetbrick-template\src\main\java\jetbrick\template\resolver\method\MethodInvokerResolver.java,89
CLIENT:client-code:N/A:N/A,NameExpr,jetbrick.template.runtime.writer.JetOutputStreamPrinter,os,C:\Users\tyin363\Documents\repos\subchen__jetbrick-template-2x\jetbrick-template\src\main\java\jetbrick\template\runtime\writer\JetOutputStreamPrinter.java,158
JDK:java.base:N/A:N/A,ObjectCreationExpr,java.lang.InheritableThreadLocal,InheritableThreadLocal,C:\Users\tyin363\Documents\repos\subchen__jetbrick-template-2x\jetbrick-template\src\main\java\jetbrick\template\runtime\InterpretContext.java,31
com.github.subchen:jetbrick-commons:jar:2.1.9,MethodCallExpr,jetbrick.bean.Executable,isPublic,C:\Users\tyin363\Documents\repos\subchen__jetbrick-template-2x\jetbrick-template\src\main\java\jetbrick\template\resolver\tag\TagInvokerResolver.java,53
CLIENT:client-code:N/A:N/A,NameExpr,jetbrick.template.runtime.writer.JetWriterPrinter,os,C:\Users\tyin363\Documents\repos\subchen__jetbrick-template-2x\jetbrick-template\src\main\java\jetbrick\template\runtime\writer\JetWriterPrinter.java,91
JDK:java.base:N/A:N/A,ClassOrInterfaceType,java.lang.String,String,C:\Users\tyin363\Documents\repos\subchen__jetbrick-template-2x\jetbrick-template\src\main\java\jetbrick\template\runtime\ValueStack.java,172
CLIENT:client-code:N/A:N/A,ClassOrInterfaceType,jetbrick.template.resolver.method.MethodInvoker,MethodInvoker,C:\Users\tyin363\Documents\repos\subchen__jetbrick-template-2x\jetbrick-template\src\main\java\jetbrick\template\resolver\method\MethodInvokerResolver.java,100
JDK:java.base:N/A:N/A,ClassOrInterfaceType,java.lang.Integer,Integer,C:\Users\tyin363\Documents\repos\subchen__jetbrick-template-2x\jetbrick-template\src\main\java\jetbrick\template\runtime\buildin\JetMethods.java,59
CLIENT:client-code:N/A:N/A,NameExpr,jetbrick.template.JetConfig,IMPORT_FUNCTIONS,C:\Users\tyin363\Documents\repos\subchen__jetbrick-template-2x\jetbrick-template\src\main\java\jetbrick\template\JetConfig.java,106
JDK:java.base:N/A:N/A,ClassOrInterfaceType,java.lang.Object,Object,C:\Users\tyin363\Documents\repos\subchen__jetbrick-template-2x\jetbrick-template\src\main\java\jetbrick\template\runtime\buildin\JetMethods.java,122
JDK:java.base:N/A:N/A,ClassOrInterfaceType,java.util.Map,Map,C:\Users\tyin363\Documents\repos\subchen__jetbrick-template-2x\jetbrick-template\src\main\java\jetbrick\template\runtime\ValueStack.java,58
CLIENT:client-code:N/A:N/A,ObjectCreationExpr,jetbrick.template.runtime.InterpretException,InterpretException,C:\Users\tyin363\Documents\repos\subchen__jetbrick-template-2x\jetbrick-template\src\main\java\jetbrick\template\parser\ast\AstInvokeField.java,54
CLIENT:client-code:N/A:N/A,ClassOrInterfaceType,jetbrick.template.parser.ast.AstOperatorBinary,AstOperatorBinary,C:\Users\tyin363\Documents\repos\subchen__jetbrick-template-2x\jetbrick-template\src\main\java\jetbrick\template\parser\AstCodeVisitor.java,561
JDK:java.base:N/A:N/A,ClassOrInterfaceType,java.util.concurrent.ConcurrentHashMap,ConcurrentHashMap,C:\Users\tyin363\Documents\repos\subchen__jetbrick-template-2x\jetbrick-template\src\main\java\jetbrick\template\resolver\tag\TagInvokerResolver.java,43
JDK:java.base:N/A:N/A,ClassOrInterfaceType,java.lang.String,String,C:\Users\tyin363\Documents\repos\subchen__jetbrick-template-2x\jetbrick-template\src\main\java\jetbrick\template\Errors.java,75
JDK:java.base:N/A:N/A,ClassOrInterfaceType,java.lang.Class,Class,C:\Users\tyin363\Documents\repos\subchen__jetbrick-template-2x\jetbrick-template\src\main\java\jetbrick\template\JetGlobalContext.java,33
CLIENT:client-code:N/A:N/A,ClassOrInterfaceType,jetbrick.template.parser.ast.AstInvokeMethodStatic,AstInvokeMethodStatic,C:\Users\tyin363\Documents\repos\subchen__jetbrick-template-2x\jetbrick-template\src\main\java\jetbrick\template\parser\AstCodeVisitor.java,688
JDK:java.base:N/A:N/A,ClassOrInterfaceType,java.lang.IllegalStateException,IllegalStateException,C:\Users\tyin363\Documents\repos\subchen__jetbrick-template-2x\jetbrick-template\src\main\java\jetbrick\template\runtime\ValueStack.java,177
CLIENT:client-code:N/A:N/A,NameExpr,jetbrick.template.JetGlobalContext,symbols,C:\Users\tyin363\Documents\repos\subchen__jetbrick-template-2x\jetbrick-template\src\main\java\jetbrick\template\JetGlobalContext.java,50
CLIENT:client-code:N/A:N/A,MethodCallExpr,jetbrick.template.runtime.InterpretContext,setWriter,C:\Users\tyin363\Documents\repos\subchen__jetbrick-template-2x\jetbrick-template\src\main\java\jetbrick\template\runtime\JetTagContext.java,46
CLIENT:client-code:N/A:N/A,MethodCallExpr,jetbrick.template.parser.ast.AstExpression,execute,C:\Users\tyin363\Documents\repos\subchen__jetbrick-template-2x\jetbrick-template\src\main\java\jetbrick\template\parser\ast\AstOperatorEquals.java,44
com.github.subchen:jetbrick-commons:jar:2.1.9,ClassOrInterfaceType,jetbrick.bean.MethodInfo,MethodInfo,C:\Users\tyin363\Documents\repos\subchen__jetbrick-template-2x\jetbrick-template\src\main\java\jetbrick\template\resolver\GlobalResolver.java,129
JDK:java.base:N/A:N/A,MethodCallExpr,java.lang.Long,valueOf,C:\Users\tyin363\Documents\repos\subchen__jetbrick-template-2x\jetbrick-template\src\main\java\jetbrick\template\parser\ast\ALU.java,175
CLIENT:client-code:N/A:N/A,MethodCallExpr,jetbrick.template.runtime.JetTagContext,invoke,C:\Users\tyin363\Documents\repos\subchen__jetbrick-template-2x\jetbrick-template\src\main\java\jetbrick\template\runtime\buildin\JetTags.java,50
JDK:java.base:N/A:N/A,MethodCallExpr,java.lang.Class,getComponentType,C:\Users\tyin363\Documents\repos\subchen__jetbrick-template-2x\jetbrick-template\src\main\java\jetbrick\template\parser\ast\AstInvokeIndexGet.java,66
CLIENT:client-code:N/A:N/A,FieldAccessExpr,jetbrick.template.parser.ast.Tokens,GE,C:\Users\tyin363\Documents\repos\subchen__jetbrick-template-2x\jetbrick-template\src\main\java\jetbrick\template\parser\ast\AstOperatorBinary.java,117
CLIENT:client-code:N/A:N/A,MethodCallExpr,jetbrick.template.runtime.InterpretException,set,C:\Users\tyin363\Documents\repos\subchen__jetbrick-template-2x\jetbrick-template\src\main\java\jetbrick\template\parser\ast\AstDirectiveTag.java,63
CLIENT:client-code:N/A:N/A,ClassOrInterfaceType,jetbrick.template.JetConfig,JetConfig,C:\Users\tyin363\Documents\repos\subchen__jetbrick-template-2x\jetbrick-template\src\main\java\jetbrick\template\JetConfig.java,57
CLIENT:client-code:N/A:N/A,NameExpr,jetbrick.template.resolver.method.MethodInvokerResolver,log,C:\Users\tyin363\Documents\repos\subchen__jetbrick-template-2x\jetbrick-template\src\main\java\jetbrick\template\resolver\method\MethodInvokerResolver.java,57
CLIENT:client-code:N/A:N/A,NameExpr,jetbrick.template.parser.ast.AstInvokeField,objectExpression,C:\Users\tyin363\Documents\repos\subchen__jetbrick-template-2x\jetbrick-template\src\main\java\jetbrick\template\parser\ast\AstInvokeField.java,64
CLIENT:client-code:N/A:N/A,ClassOrInterfaceType,jetbrick.template.parser.ast.AstConstant,AstConstant,C:\Users\tyin363\Documents\repos\subchen__jetbrick-template-2x\jetbrick-template\src\main\java\jetbrick\template\parser\AstCodeVisitor.java,730
JDK:java.base:N/A:N/A,MethodCallExpr,java.io.OutputStream,write,C:\Users\tyin363\Documents\repos\subchen__jetbrick-template-2x\jetbrick-template\src\main\java\jetbrick\template\runtime\writer\JetOutputStreamPrinterEx.java,58
CLIENT:client-code:N/A:N/A,MethodCallExpr,jetbrick.template.resolver.macro.MacroResolver,clear,C:\Users\tyin363\Documents\repos\subchen__jetbrick-template-2x\jetbrick-template\src\main\java\jetbrick\template\JetTemplateImpl.java,119
JDK:java.base:N/A:N/A,ClassOrInterfaceType,java.lang.String,String,C:\Users\tyin363\Documents\repos\subchen__jetbrick-template-2x\jetbrick-template\src\main\java\jetbrick\template\Errors.java,72
CLIENT:client-code:N/A:N/A,FieldAccessExpr,jetbrick.template.runtime.writer.TrimLeadingWhitespacesOutputStream,out,C:\Users\tyin363\Documents\repos\subchen__jetbrick-template-2x\jetbrick-template\src\main\java\jetbrick\template\runtime\writer\TrimLeadingWhitespacesOutputStream.java,31
JDK:java.base:N/A:N/A,MethodCallExpr,java.lang.Number,longValue,C:\Users\tyin363\Documents\repos\subchen__jetbrick-template-2x\jetbrick-template\src\main\java\jetbrick\template\parser\ast\ALU.java,360
JDK:java.base:N/A:N/A,ClassOrInterfaceType,java.lang.reflect.Field,Field,C:\Users\tyin363\Documents\repos\subchen__jetbrick-template-2x\jetbrick-template\src\main\java\jetbrick\template\JetSecurityManager.java,38
CLIENT:client-code:N/A:N/A,ClassOrInterfaceType,jetbrick.template.resolver.property.PropertyGetter,PropertyGetter,C:\Users\tyin363\Documents\repos\subchen__jetbrick-template-2x\jetbrick-template\src\main\java\jetbrick\template\resolver\property\DefaultGetterResolver.java,80
CLIENT:client-code:N/A:N/A,ClassOrInterfaceType,jetbrick.template.resolver.tag.TagInvoker,TagInvoker,C:\Users\tyin363\Documents\repos\subchen__jetbrick-template-2x\jetbrick-template\src\main\java\jetbrick\template\resolver\tag\TagInvokerResolver.java,99
CLIENT:client-code:N/A:N/A,MethodCallExpr,jetbrick.template.runtime.JetWriter,print,C:\Users\tyin363\Documents\repos\subchen__jetbrick-template-2x\jetbrick-template\src\main\java\jetbrick\template\parser\ast\AstValue.java,39
CLIENT:client-code:N/A:N/A,ObjectCreationExpr,jetbrick.template.parser.ast.AstOperatorUnary,AstOperatorUnary,C:\Users\tyin363\Documents\repos\subchen__jetbrick-template-2x\jetbrick-template\src\main\java\jetbrick\template\parser\AstCodeVisitor.java,541
CLIENT:client-code:N/A:N/A,NameExpr,jetbrick.template.parser.ast.AstValueEscaped,expression,C:\Users\tyin363\Documents\repos\subchen__jetbrick-template-2x\jetbrick-template\src\main\java\jetbrick\template\parser\ast\AstValueEscaped.java,37
JDK:java.base:N/A:N/A,ClassOrInterfaceType,java.lang.String,String,C:\Users\tyin363\Documents\repos\subchen__jetbrick-template-2x\jetbrick-template\src\main\java\jetbrick\template\JetEngine.java,142
JDK:java.base:N/A:N/A,MethodCallExpr,java.lang.Object,getClass,C:\Users\tyin363\Documents\repos\subchen__jetbrick-template-2x\jetbrick-template\src\main\java\jetbrick\template\parser\ast\ALU.java,68
JDK:java.base:N/A:N/A,MethodCallExpr,java.io.OutputStream,write,C:\Users\tyin363\Documents\repos\subchen__jetbrick-template-2x\jetbrick-template\src\main\java\jetbrick\template\runtime\writer\JetOutputStreamPrinter.java,119
com.github.subchen:jetbrick-commons:jar:2.1.9,MethodCallExpr,jetbrick.bean.MethodInfo,invoke,C:\Users\tyin363\Documents\repos\subchen__jetbrick-template-2x\jetbrick-template\src\main\java\jetbrick\template\resolver\function\ExtensionFunctionInvoker.java,54
JDK:java.base:N/A:N/A,ClassOrInterfaceType,java.lang.String,String,C:\Users\tyin363\Documents\repos\subchen__jetbrick-template-2x\jetbrick-template\src\main\java\jetbrick\template\runtime\buildin\JetMethods.java,274
JDK:java.base:N/A:N/A,MethodCallExpr,java.util.Map,isEmpty,C:\Users\tyin363\Documents\repos\subchen__jetbrick-template-2x\jetbrick-template\src\main\java\jetbrick\template\parser\ParserContext.java,216
com.github.subchen:jetbrick-commons:jar:2.1.9,ClassOrInterfaceType,jetbrick.bean.MethodInfo,MethodInfo,C:\Users\tyin363\Documents\repos\subchen__jetbrick-template-2x\jetbrick-template\src\main\java\jetbrick\template\resolver\method\MethodInvokerResolver.java,123
CLIENT:client-code:N/A:N/A,ClassOrInterfaceType,jetbrick.template.runtime.JetForIterator,JetForIterator,C:\Users\tyin363\Documents\repos\subchen__jetbrick-template-2x\jetbrick-template\src\main\java\jetbrick\template\runtime\JetForIterator.java,132
JDK:java.base:N/A:N/A,ClassOrInterfaceType,java.util.Collection,Collection,C:\Users\tyin363\Documents\repos\subchen__jetbrick-template-2x\jetbrick-template\src\main\java\jetbrick\template\parser\ast\ALU.java,524
CLIENT:client-code:N/A:N/A,NameExpr,jetbrick.template.parser.ast.AstText,text,C:\Users\tyin363\Documents\repos\subchen__jetbrick-template-2x\jetbrick-template\src\main\java\jetbrick\template\parser\ast\AstText.java,212
CLIENT:client-code:N/A:N/A,ClassOrInterfaceType,jetbrick.template.parser.SyntaxException,SyntaxException,C:\Users\tyin363\Documents\repos\subchen__jetbrick-template-2x\jetbrick-template\src\main\java\jetbrick\template\parser\AstCodeVisitor.java,848
CLIENT:client-code:N/A:N/A,FieldAccessExpr,jetbrick.template.parser.ast.AstInvokeMethodStatic,name,C:\Users\tyin363\Documents\repos\subchen__jetbrick-template-2x\jetbrick-template\src\main\java\jetbrick\template\parser\ast\AstInvokeMethodStatic.java,41
JDK:java.base:N/A:N/A,ClassOrInterfaceType,java.lang.String,String,C:\Users\tyin363\Documents\repos\subchen__jetbrick-template-2x\jetbrick-template\src\main\java\jetbrick\template\Errors.java,73
JDK:java.base:N/A:N/A,ClassOrInterfaceType,java.nio.charset.Charset,Charset,C:\Users\tyin363\Documents\repos\subchen__jetbrick-template-2x\jetbrick-template\src\main\java\jetbrick\template\runtime\writer\JetWriterPrinter.java,32
JDK:java.base:N/A:N/A,ClassOrInterfaceType,java.util.Date,Date,C:\Users\tyin363\Documents\repos\subchen__jetbrick-template-2x\jetbrick-template\src\main\java\jetbrick\template\runtime\buildin\JetMethods.java,99
CLIENT:client-code:N/A:N/A,ClassOrInterfaceType,jetbrick.template.parser.ast.AstOperatorBinary,AstOperatorBinary,C:\Users\tyin363\Documents\repos\subchen__jetbrick-template-2x\jetbrick-template\src\main\java\jetbrick\template\parser\AstCodeVisitor.java,563
CLIENT:client-code:N/A:N/A,NameExpr,jetbrick.template.parser.ast.ALU,SHORT,C:\Users\tyin363\Documents\repos\subchen__jetbrick-template-2x\jetbrick-template\src\main\java\jetbrick\template\parser\ast\ALU.java,54
CLIENT:client-code:N/A:N/A,ObjectCreationExpr,jetbrick.template.runtime.InterpretException,InterpretException,C:\Users\tyin363\Documents\repos\subchen__jetbrick-template-2x\jetbrick-template\src\main\java\jetbrick\template\parser\ast\AstInvokeField.java,52
JDK:java.base:N/A:N/A,MethodCallExpr,java.lang.Number,doubleValue,C:\Users\tyin363\Documents\repos\subchen__jetbrick-template-2x\jetbrick-template\src\main\java\jetbrick\template\parser\ast\ALU.java,108
CLIENT:client-code:N/A:N/A,ClassOrInterfaceType,jetbrick.template.resolver.method.MethodInvoker,MethodInvoker,C:\Users\tyin363\Documents\repos\subchen__jetbrick-template-2x\jetbrick-template\src\main\java\jetbrick\template\parser\ast\AstInvokeMethodStatic.java,35
JDK:java.base:N/A:N/A,ClassOrInterfaceType,java.util.List,List,C:\Users\tyin363\Documents\repos\subchen__jetbrick-template-2x\jetbrick-template\src\main\java\jetbrick\template\runtime\JetForIterator.java,79
CLIENT:client-code:N/A:N/A,ClassOrInterfaceType,jetbrick.template.parser.ast.AstText.ByteArrayEncoder,ByteArrayEncoder,C:\Users\tyin363\Documents\repos\subchen__jetbrick-template-2x\jetbrick-template\src\main\java\jetbrick\template\parser\ast\AstText.java,212
org.antlr:antlr4-runtime:jar:4.10.1,ClassOrInterfaceType,org.antlr.v4.runtime.Token,Token,C:\Users\tyin363\Documents\repos\subchen__jetbrick-template-2x\jetbrick-template\src\main\java\jetbrick\template\parser\AstCodeVisitor.java,141
JDK:java.base:N/A:N/A,MethodCallExpr,java.lang.Object,getClass,C:\Users\tyin363\Documents\repos\subchen__jetbrick-template-2x\jetbrick-template\src\main\java\jetbrick\template\parser\ast\ALU.java,67
JDK:java.base:N/A:N/A,MethodCallExpr,java.io.OutputStream,close,C:\Users\tyin363\Documents\repos\subchen__jetbrick-template-2x\jetbrick-template\src\main\java\jetbrick\template\runtime\writer\TrimLeadingWhitespacesOutputStream.java,87
CLIENT:client-code:N/A:N/A,ObjectCreationExpr,jetbrick.template.runtime.InterpretException,InterpretException,C:\Users\tyin363\Documents\repos\subchen__jetbrick-template-2x\jetbrick-template\src\main\java\jetbrick\template\parser\ast\AstInvokeIndexGet.java,83
JDK:java.base:N/A:N/A,ObjectCreationExpr,java.util.ArrayList,ArrayList,C:\Users\tyin363\Documents\repos\subchen__jetbrick-template-2x\jetbrick-template\src\main\java\jetbrick\template\parser\ParserContext.java,228
CLIENT:client-code:N/A:N/A,ClassOrInterfaceType,jetbrick.template.parser.ast.Position,Position,C:\Users\tyin363\Documents\repos\subchen__jetbrick-template-2x\jetbrick-template\src\main\java\jetbrick\template\parser\ast\AstInvokeNewArray.java,34
JDK:java.base:N/A:N/A,MethodCallExpr,java.lang.Object,getClass,C:\Users\tyin363\Documents\repos\subchen__jetbrick-template-2x\jetbrick-template\src\main\java\jetbrick\template\resolver\ParameterUtils.java,39
CLIENT:client-code:N/A:N/A,NameExpr,jetbrick.template.JetConfig,log,C:\Users\tyin363\Documents\repos\subchen__jetbrick-template-2x\jetbrick-template\src\main\java\jetbrick\template\JetConfig.java,89
com.github.subchen:jetbrick-commons:jar:2.1.9,MethodCallExpr,jetbrick.util.PathUtils,getRelativePath,C:\Users\tyin363\Documents\repos\subchen__jetbrick-template-2x\jetbrick-template\src\main\java\jetbrick\template\runtime\buildin\JetFunctions.java,74
CLIENT:client-code:N/A:N/A,NameExpr,jetbrick.template.parser.ast.AstStatementList.ListIterator,list,C:\Users\tyin363\Documents\repos\subchen__jetbrick-template-2x\jetbrick-template\src\main\java\jetbrick\template\parser\ast\AstStatementList.java,277
JDK:java.base:N/A:N/A,MethodCallExpr,java.lang.StringBuilder,append,C:\Users\tyin363\Documents\repos\subchen__jetbrick-template-2x\jetbrick-template\src\main\java\jetbrick\template\Errors.java,145
CLIENT:client-code:N/A:N/A,ClassOrInterfaceType,jetbrick.template.resolver.method.MethodInvoker,MethodInvoker,C:\Users\tyin363\Documents\repos\subchen__jetbrick-template-2x\jetbrick-template\src\main\java\jetbrick\template\resolver\method\MethodInvokerResolver.java,105
CLIENT:client-code:N/A:N/A,MethodCallExpr,jetbrick.template.runtime.JetWriter,create,C:\Users\tyin363\Documents\repos\subchen__jetbrick-template-2x\jetbrick-template\src\main\java\jetbrick\template\runtime\JetTagContext.java,45
JDK:java.base:N/A:N/A,MethodCallExpr,java.util.Collections,singleton,C:\Users\tyin363\Documents\repos\subchen__jetbrick-template-2x\jetbrick-template\src\main\java\jetbrick\template\runtime\JetForIterator.java,72
CLIENT:client-code:N/A:N/A,ClassOrInterfaceType,jetbrick.template.resolver.tag.TagInvoker,TagInvoker,C:\Users\tyin363\Documents\repos\subchen__jetbrick-template-2x\jetbrick-template\src\main\java\jetbrick\template\parser\ast\AstDirectiveTag.java,33
JDK:java.base:N/A:N/A,MethodCallExpr,java.util.Map,put,C:\Users\tyin363\Documents\repos\subchen__jetbrick-template-2x\jetbrick-template\src\main\java\jetbrick\template\resolver\tag\TagInvokerResolver.java,109
JDK:java.base:N/A:N/A,ClassOrInterfaceType,java.lang.String,String,C:\Users\tyin363\Documents\repos\subchen__jetbrick-template-2x\jetbrick-template\src\main\java\jetbrick\template\Errors.java,70
com.github.subchen:jetbrick-commons:jar:2.1.9,MethodCallExpr,jetbrick.bean.MethodInfo,getParameterTypes,C:\Users\tyin363\Documents\repos\subchen__jetbrick-template-2x\jetbrick-template\src\main\java\jetbrick\template\resolver\function\FunctionInvokerResolver.java,73
CLIENT:client-code:N/A:N/A,ClassOrInterfaceType,jetbrick.template.resolver.function.FunctionInvoker,FunctionInvoker,C:\Users\tyin363\Documents\repos\subchen__jetbrick-template-2x\jetbrick-template\src\main\java\jetbrick\template\resolver\function\FunctionInvokerResolver.java,102
JDK:java.base:N/A:N/A,ClassOrInterfaceType,java.lang.Object,Object,C:\Users\tyin363\Documents\repos\subchen__jetbrick-template-2x\jetbrick-template\src\main\java\jetbrick\template\parser\ast\AstInvokeIndexGet.java,53
CLIENT:client-code:N/A:N/A,FieldAccessExpr,jetbrick.template.Errors,CONSTRUCTOR_NOT_FOUND,C:\Users\tyin363\Documents\repos\subchen__jetbrick-template-2x\jetbrick-template\src\main\java\jetbrick\template\parser\ast\AstInvokeNewObject.java,61
CLIENT:client-code:N/A:N/A,ClassOrInterfaceType,jetbrick.template.parser.SyntaxException,SyntaxException,C:\Users\tyin363\Documents\repos\subchen__jetbrick-template-2x\jetbrick-template\src\main\java\jetbrick\template\parser\AstCodeVisitor.java,841
com.github.subchen:jetbrick-commons:jar:2.1.9,ClassOrInterfaceType,jetbrick.bean.MethodInfo,MethodInfo,C:\Users\tyin363\Documents\repos\subchen__jetbrick-template-2x\jetbrick-template\src\main\java\jetbrick\template\resolver\tag\TagInvokerResolver.java,88
JDK:java.base:N/A:N/A,ClassOrInterfaceType,java.util.List,List,C:\Users\tyin363\Documents\repos\subchen__jetbrick-template-2x\jetbrick-template\src\main\java\jetbrick\template\runtime\JetForIterator.java,80
JDK:java.base:N/A:N/A,MethodCallExpr,java.lang.String,equals,C:\Users\tyin363\Documents\repos\subchen__jetbrick-template-2x\jetbrick-template\src\main\java\jetbrick\template\JetConfig.java,93
JDK:java.base:N/A:N/A,ClassOrInterfaceType,java.lang.Class,Class,C:\Users\tyin363\Documents\repos\subchen__jetbrick-template-2x\jetbrick-template\src\main\java\jetbrick\template\JetGlobalContext.java,29
CLIENT:client-code:N/A:N/A,FieldAccessExpr,jetbrick.template.parser.ast.Tokens,MOD,C:\Users\tyin363\Documents\repos\subchen__jetbrick-template-2x\jetbrick-template\src\main\java\jetbrick\template\parser\AstCodeVisitor.java,567
CLIENT:client-code:N/A:N/A,NameExpr,jetbrick.template.parser.ast.AstDirectiveStop,conditionExpression,C:\Users\tyin363\Documents\repos\subchen__jetbrick-template-2x\jetbrick-template\src\main\java\jetbrick\template\parser\ast\AstDirectiveStop.java,35
CLIENT:client-code:N/A:N/A,NameExpr,jetbrick.template.runtime.ValueStack,UNUSED_INDEX,C:\Users\tyin363\Documents\repos\subchen__jetbrick-template-2x\jetbrick-template\src\main\java\jetbrick\template\runtime\ValueStack.java,48
JDK:java.base:N/A:N/A,ClassOrInterfaceType,java.lang.Object,Object,C:\Users\tyin363\Documents\repos\subchen__jetbrick-template-2x\jetbrick-template\src\main\java\jetbrick\template\parser\ast\AstDirectiveFor.java,50
CLIENT:client-code:N/A:N/A,NameExpr,jetbrick.template.parser.ast.AstText,encoder,C:\Users\tyin363\Documents\repos\subchen__jetbrick-template-2x\jetbrick-template\src\main\java\jetbrick\template\parser\ast\AstText.java,219
JDK:java.base:N/A:N/A,ClassOrInterfaceType,java.lang.IllegalStateException,IllegalStateException,C:\Users\tyin363\Documents\repos\subchen__jetbrick-template-2x\jetbrick-template\src\main\java\jetbrick\template\parser\ast\ALU.java,88
JDK:java.base:N/A:N/A,ClassOrInterfaceType,java.lang.Class,Class,C:\Users\tyin363\Documents\repos\subchen__jetbrick-template-2x\jetbrick-template\src\main\java\jetbrick\template\parser\ast\AstInvokeIndexGet.java,60
CLIENT:client-code:N/A:N/A,MethodCallExpr,jetbrick.template.Errors,format,C:\Users\tyin363\Documents\repos\subchen__jetbrick-template-2x\jetbrick-template\src\main\java\jetbrick\template\runtime\ValueStack.java,189
CLIENT:client-code:N/A:N/A,NameExpr,jetbrick.template.resolver.GlobalResolver,log,C:\Users\tyin363\Documents\repos\subchen__jetbrick-template-2x\jetbrick-template\src\main\java\jetbrick\template\resolver\GlobalResolver.java,74
com.github.subchen:jetbrick-commons:jar:2.1.9,MethodCallExpr,jetbrick.io.resource.Resource,getRelativePathName,C:\Users\tyin363\Documents\repos\subchen__jetbrick-template-2x\jetbrick-template\src\main\java\jetbrick\template\JetTemplateImpl.java,96
CLIENT:client-code:N/A:N/A,ClassOrInterfaceType,jetbrick.template.parser.ast.AstExpressionList,AstExpressionList,C:\Users\tyin363\Documents\repos\subchen__jetbrick-template-2x\jetbrick-template\src\main\java\jetbrick\template\parser\ast\AstInvokeMethodStatic.java,34
JDK:java.base:N/A:N/A,MethodCallExpr,java.util.List,size,C:\Users\tyin363\Documents\repos\subchen__jetbrick-template-2x\jetbrick-template\src\main\java\jetbrick\template\parser\ast\AstStatementList.java,291
JDK:java.base:N/A:N/A,ClassOrInterfaceType,java.lang.String,String,C:\Users\tyin363\Documents\repos\subchen__jetbrick-template-2x\jetbrick-template\src\main\java\jetbrick\template\parser\ParserContext.java,64
JDK:java.base:N/A:N/A,ClassOrInterfaceType,java.lang.String,String,C:\Users\tyin363\Documents\repos\subchen__jetbrick-template-2x\jetbrick-template\src\main\java\jetbrick\template\resolver\method\MethodInvokerResolver.java,64
CLIENT:client-code:N/A:N/A,NameExpr,jetbrick.template.parser.ast.AstInvokeMethodStatic,cls,C:\Users\tyin363\Documents\repos\subchen__jetbrick-template-2x\jetbrick-template\src\main\java\jetbrick\template\parser\ast\AstInvokeMethodStatic.java,67
JDK:java.base:N/A:N/A,ClassOrInterfaceType,java.lang.Object,Object,C:\Users\tyin363\Documents\repos\subchen__jetbrick-template-2x\jetbrick-template\src\main\java\jetbrick\template\parser\ast\ALU.java,463
CLIENT:client-code:N/A:N/A,NameExpr,jetbrick.template.parser.ast.AstStatementList.ListIterator,list,C:\Users\tyin363\Documents\repos\subchen__jetbrick-template-2x\jetbrick-template\src\main\java\jetbrick\template\parser\ast\AstStatementList.java,278
JDK:java.base:N/A:N/A,ClassOrInterfaceType,java.lang.Comparable,Comparable,C:\Users\tyin363\Documents\repos\subchen__jetbrick-template-2x\jetbrick-template\src\main\java\jetbrick\template\parser\ast\ALU.java,455
CLIENT:client-code:N/A:N/A,ClassOrInterfaceType,jetbrick.template.resolver.tag.TagInvoker,TagInvoker,C:\Users\tyin363\Documents\repos\subchen__jetbrick-template-2x\jetbrick-template\src\main\java\jetbrick\template\resolver\tag\TagInvokerResolver.java,106
CLIENT:client-code:N/A:N/A,NameExpr,jetbrick.template.JetEngineImpl,config,C:\Users\tyin363\Documents\repos\subchen__jetbrick-template-2x\jetbrick-template\src\main\java\jetbrick\template\JetEngineImpl.java,183
CLIENT:client-code:N/A:N/A,ClassOrInterfaceType,jetbrick.template.runtime.InterpretException,InterpretException,C:\Users\tyin363\Documents\repos\subchen__jetbrick-template-2x\jetbrick-template\src\main\java\jetbrick\template\parser\ast\AstInvokeField.java,97
CLIENT:client-code:N/A:N/A,ClassOrInterfaceType,jetbrick.template.parser.ast.AstOperatorBinary,AstOperatorBinary,C:\Users\tyin363\Documents\repos\subchen__jetbrick-template-2x\jetbrick-template\src\main\java\jetbrick\template\parser\AstCodeVisitor.java,565
com.github.subchen:jetbrick-commons:jar:2.1.9,MethodCallExpr,jetbrick.bean.KlassInfo,getDeclaredMethods,C:\Users\tyin363\Documents\repos\subchen__jetbrick-template-2x\jetbrick-template\src\main\java\jetbrick\template\resolver\method\MethodInvokerResolver.java,51
JDK:java.base:N/A:N/A,ClassOrInterfaceType,java.lang.String,String,C:\Users\tyin363\Documents\repos\subchen__jetbrick-template-2x\jetbrick-template\src\main\java\jetbrick\template\Errors.java,71
CLIENT:client-code:N/A:N/A,NameExpr,jetbrick.template.JetConfig,outputEncoding,C:\Users\tyin363\Documents\repos\subchen__jetbrick-template-2x\jetbrick-template\src\main\java\jetbrick\template\JetConfig.java,176
JDK:java.base:N/A:N/A,MethodCallExpr,java.lang.StringBuilder,append,C:\Users\tyin363\Documents\repos\subchen__jetbrick-template-2x\jetbrick-template\src\main\java\jetbrick\template\Errors.java,146
CLIENT:client-code:N/A:N/A,ClassOrInterfaceType,jetbrick.template.JetTemplate,JetTemplate,C:\Users\tyin363\Documents\repos\subchen__jetbrick-template-2x\jetbrick-template\src\main\java\jetbrick\template\runtime\TemplateStack.java,46
CLIENT:client-code:N/A:N/A,FieldAccessExpr,jetbrick.template.parser.ast.Tokens,PLUS,C:\Users\tyin363\Documents\repos\subchen__jetbrick-template-2x\jetbrick-template\src\main\java\jetbrick\template\parser\ast\AstOperatorBinary.java,60
CLIENT:client-code:N/A:N/A,MethodCallExpr,jetbrick.template.runtime.InterpretContext,getValueStack,C:\Users\tyin363\Documents\repos\subchen__jetbrick-template-2x\jetbrick-template\src\main\java\jetbrick\template\parser\ast\AstInvokeField.java,64
JDK:java.base:N/A:N/A,ClassOrInterfaceType,java.lang.Class,Class,C:\Users\tyin363\Documents\repos\subchen__jetbrick-template-2x\jetbrick-template\src\main\java\jetbrick\template\parser\ast\ALU.java,464
JDK:java.base:N/A:N/A,MethodCallExpr,java.lang.reflect.Method,getAnnotation,C:\Users\tyin363\Documents\repos\subchen__jetbrick-template-2x\jetbrick-template\src\main\java\jetbrick\template\resolver\method\MethodInvokerResolver.java,65
CLIENT:client-code:N/A:N/A,MethodCallExpr,jetbrick.template.Errors,typeName,C:\Users\tyin363\Documents\repos\subchen__jetbrick-template-2x\jetbrick-template\src\main\java\jetbrick\template\parser\ast\ALU.java,341
CLIENT:client-code:N/A:N/A,MethodCallExpr,jetbrick.template.JetTemplateMacro,getName,C:\Users\tyin363\Documents\repos\subchen__jetbrick-template-2x\jetbrick-template\src\main\java\jetbrick\template\runtime\InterpretContextImpl.java,147
JDK:java.base:N/A:N/A,ClassOrInterfaceType,java.lang.Class,Class,C:\Users\tyin363\Documents\repos\subchen__jetbrick-template-2x\jetbrick-template\src\main\java\jetbrick\template\parser\AstCodeVisitor.java,687
com.github.subchen:jetbrick-commons:jar:2.1.9,ClassOrInterfaceType,jetbrick.bean.KlassInfo,KlassInfo,C:\Users\tyin363\Documents\repos\subchen__jetbrick-template-2x\jetbrick-template\src\main\java\jetbrick\template\resolver\method\MethodInvokerResolver.java,49
CLIENT:client-code:N/A:N/A,NameExpr,jetbrick.template.JetEngineImpl,config,C:\Users\tyin363\Documents\repos\subchen__jetbrick-template-2x\jetbrick-template\src\main\java\jetbrick\template\JetEngineImpl.java,187
CLIENT:client-code:N/A:N/A,ClassOrInterfaceType,jetbrick.template.runtime.InterpretContext,InterpretContext,C:\Users\tyin363\Documents\repos\subchen__jetbrick-template-2x\jetbrick-template\src\main\java\jetbrick\template\parser\ast\AstConstantMap.java,37
JDK:java.base:N/A:N/A,ClassOrInterfaceType,java.lang.String,String,C:\Users\tyin363\Documents\repos\subchen__jetbrick-template-2x\jetbrick-template\src\main\java\jetbrick\template\runtime\InterpretException.java,66
CLIENT:client-code:N/A:N/A,NameExpr,jetbrick.template.parser.ast.AstInvokeMethodStatic,cls,C:\Users\tyin363\Documents\repos\subchen__jetbrick-template-2x\jetbrick-template\src\main\java\jetbrick\template\parser\ast\AstInvokeMethodStatic.java,64
JDK:java.base:N/A:N/A,ClassOrInterfaceType,java.lang.Object,Object,C:\Users\tyin363\Documents\repos\subchen__jetbrick-template-2x\jetbrick-template\src\main\java\jetbrick\template\resolver\function\ExtensionFunctionInvoker.java,52
JDK:java.base:N/A:N/A,MethodCallExpr,java.lang.reflect.Array,newInstance,C:\Users\tyin363\Documents\repos\subchen__jetbrick-template-2x\jetbrick-template\src\main\java\jetbrick\template\resolver\ParameterUtils.java,62
JDK:java.base:N/A:N/A,ClassOrInterfaceType,java.lang.IllegalStateException,IllegalStateException,C:\Users\tyin363\Documents\repos\subchen__jetbrick-template-2x\jetbrick-template\src\main\java\jetbrick\template\parser\AstCodeVisitor.java,310
JDK:java.base:N/A:N/A,ObjectCreationExpr,java.util.concurrent.ConcurrentHashMap,ConcurrentHashMap,C:\Users\tyin363\Documents\repos\subchen__jetbrick-template-2x\jetbrick-template\src\main\java\jetbrick\template\resolver\method\MethodInvokerResolver.java,42
CLIENT:client-code:N/A:N/A,NameExpr,jetbrick.template.parser.ast.AstOperatorNullAsDefault,defaultExpression,C:\Users\tyin363\Documents\repos\subchen__jetbrick-template-2x\jetbrick-template\src\main\java\jetbrick\template\parser\ast\AstOperatorNullAsDefault.java,40
JDK:java.base:N/A:N/A,ClassOrInterfaceType,java.lang.String,String,C:\Users\tyin363\Documents\repos\subchen__jetbrick-template-2x\jetbrick-template\src\main\java\jetbrick\template\Errors.java,68
JDK:java.base:N/A:N/A,MethodCallExpr,java.lang.Class,getName,C:\Users\tyin363\Documents\repos\subchen__jetbrick-template-2x\jetbrick-template\src\main\java\jetbrick\template\Errors.java,122
CLIENT:client-code:N/A:N/A,MethodCallExpr,jetbrick.template.runtime.InterpretException,set,C:\Users\tyin363\Documents\repos\subchen__jetbrick-template-2x\jetbrick-template\src\main\java\jetbrick\template\parser\ast\AstInvokeMethodStatic.java,98
JDK:java.base:N/A:N/A,ClassOrInterfaceType,java.io.IOException,IOException,C:\Users\tyin363\Documents\repos\subchen__jetbrick-template-2x\jetbrick-template\src\main\java\jetbrick\template\parser\ast\AstText.java,273
JDK:java.base:N/A:N/A,MethodCallExpr,java.lang.Number,longValue,C:\Users\tyin363\Documents\repos\subchen__jetbrick-template-2x\jetbrick-template\src\main\java\jetbrick\template\parser\ast\ALU.java,356
CLIENT:client-code:N/A:N/A,NameExpr,jetbrick.template.parser.ast.ALU,LONG,C:\Users\tyin363\Documents\repos\subchen__jetbrick-template-2x\jetbrick-template\src\main\java\jetbrick\template\parser\ast\ALU.java,80
JDK:java.base:N/A:N/A,ClassOrInterfaceType,java.lang.Class,Class,C:\Users\tyin363\Documents\repos\subchen__jetbrick-template-2x\jetbrick-template\src\main\java\jetbrick\template\resolver\SignatureUtils.java,27
JDK:java.base:N/A:N/A,MethodCallExpr,java.lang.Double,valueOf,C:\Users\tyin363\Documents\repos\subchen__jetbrick-template-2x\jetbrick-template\src\main\java\jetbrick\template\parser\ast\ALU.java,203
CLIENT:client-code:N/A:N/A,ClassOrInterfaceType,jetbrick.template.JetSecurityManager,JetSecurityManager,C:\Users\tyin363\Documents\repos\subchen__jetbrick-template-2x\jetbrick-template\src\main\java\jetbrick\template\resolver\property\ArrayLengthGetter.java,32
org.antlr:antlr4-runtime:jar:4.10.1,MethodCallExpr,org.antlr.v4.runtime.tree.TerminalNode,getSymbol,C:\Users\tyin363\Documents\repos\subchen__jetbrick-template-2x\jetbrick-template\src\main\java\jetbrick\template\parser\AstCodeVisitor.java,882
JDK:java.base:N/A:N/A,ClassOrInterfaceType,java.lang.Class,Class,C:\Users\tyin363\Documents\repos\subchen__jetbrick-template-2x\jetbrick-template\src\main\java\jetbrick\template\parser\ast\ALU.java,465
CLIENT:client-code:N/A:N/A,ClassOrInterfaceType,jetbrick.template.runtime.InterpretContext,InterpretContext,C:\Users\tyin363\Documents\repos\subchen__jetbrick-template-2x\jetbrick-template\src\main\java\jetbrick\template\JetTemplateMacro.java,66
CLIENT:client-code:N/A:N/A,MethodCallExpr,jetbrick.template.runtime.JetWriter,print,C:\Users\tyin363\Documents\repos\subchen__jetbrick-template-2x\jetbrick-template\src\main\java\jetbrick\template\parser\ast\AstText.java,274
JDK:java.base:N/A:N/A,ClassOrInterfaceType,java.util.UUID,UUID,C:\Users\tyin363\Documents\repos\subchen__jetbrick-template-2x\jetbrick-template\src\main\java\jetbrick\template\runtime\buildin\JetFunctions.java,49
org.antlr:antlr4-runtime:jar:4.10.1,MethodCallExpr,org.antlr.v4.runtime.tree.ParseTree,getText,C:\Users\tyin363\Documents\repos\subchen__jetbrick-template-2x\jetbrick-template\src\main\java\jetbrick\template\parser\AstCodeVisitor.java,465
JDK:java.base:N/A:N/A,ClassOrInterfaceType,java.lang.Object,Object,C:\Users\tyin363\Documents\repos\subchen__jetbrick-template-2x\jetbrick-template\src\main\java\jetbrick\template\JetGlobalContext.java,44
CLIENT:client-code:N/A:N/A,NameExpr,jetbrick.template.parser.ast.AstText,encoder,C:\Users\tyin363\Documents\repos\subchen__jetbrick-template-2x\jetbrick-template\src\main\java\jetbrick\template\parser\ast\AstText.java,217
JDK:java.base:N/A:N/A,ClassOrInterfaceType,java.lang.IllegalArgumentException,IllegalArgumentException,C:\Users\tyin363\Documents\repos\subchen__jetbrick-template-2x\jetbrick-template\src\main\java\jetbrick\template\runtime\buildin\JetMethods.java,194
JDK:java.base:N/A:N/A,ClassOrInterfaceType,java.lang.Comparable,Comparable,C:\Users\tyin363\Documents\repos\subchen__jetbrick-template-2x\jetbrick-template\src\main\java\jetbrick\template\parser\ast\ALU.java,453
JDK:java.base:N/A:N/A,ClassOrInterfaceType,java.lang.String,String,C:\Users\tyin363\Documents\repos\subchen__jetbrick-template-2x\jetbrick-template\src\main\java\jetbrick\template\parser\AstCodeVisitor.java,833
JDK:java.base:N/A:N/A,ClassOrInterfaceType,java.lang.IndexOutOfBoundsException,IndexOutOfBoundsException,C:\Users\tyin363\Documents\repos\subchen__jetbrick-template-2x\jetbrick-template\src\main\java\jetbrick\template\runtime\writer\TrimLeadingWhitespacesWriter.java,55
CLIENT:client-code:N/A:N/A,ObjectCreationExpr,jetbrick.template.parser.ast.AstOperatorUnary,AstOperatorUnary,C:\Users\tyin363\Documents\repos\subchen__jetbrick-template-2x\jetbrick-template\src\main\java\jetbrick\template\parser\AstCodeVisitor.java,545
com.github.subchen:jetbrick-commons:jar:2.1.9,ClassOrInterfaceType,jetbrick.bean.MethodInfo,MethodInfo,C:\Users\tyin363\Documents\repos\subchen__jetbrick-template-2x\jetbrick-template\src\main\java\jetbrick\template\resolver\tag\TagInvokerResolver.java,90
CLIENT:client-code:N/A:N/A,ClassOrInterfaceType,jetbrick.template.parser.Source,Source,C:\Users\tyin363\Documents\repos\subchen__jetbrick-template-2x\jetbrick-template\src\main\java\jetbrick\template\parser\SyntaxException.java,52
JDK:java.base:N/A:N/A,ClassOrInterfaceType,java.lang.Object,Object,C:\Users\tyin363\Documents\repos\subchen__jetbrick-template-2x\jetbrick-template\src\main\java\jetbrick\template\runtime\buildin\JetMethods.java,128
JDK:java.base:N/A:N/A,MethodCallExpr,java.lang.StringBuilder,append,C:\Users\tyin363\Documents\repos\subchen__jetbrick-template-2x\jetbrick-template\src\main\java\jetbrick\template\Errors.java,144
CLIENT:client-code:N/A:N/A,ObjectCreationExpr,jetbrick.template.parser.ast.AstDirectiveCall,AstDirectiveCall,C:\Users\tyin363\Documents\repos\subchen__jetbrick-template-2x\jetbrick-template\src\main\java\jetbrick\template\parser\AstCodeVisitor.java,415
CLIENT:client-code:N/A:N/A,NameExpr,jetbrick.template.JetConfig,IMPORT_MACROS,C:\Users\tyin363\Documents\repos\subchen__jetbrick-template-2x\jetbrick-template\src\main\java\jetbrick\template\JetConfig.java,108
JDK:java.base:N/A:N/A,ClassOrInterfaceType,java.lang.String,String,C:\Users\tyin363\Documents\repos\subchen__jetbrick-template-2x\jetbrick-template\src\main\java\jetbrick\template\runtime\buildin\JetMethods.java,278
CLIENT:client-code:N/A:N/A,ClassOrInterfaceType,jetbrick.template.parser.ast.AstOperatorBinary,AstOperatorBinary,C:\Users\tyin363\Documents\repos\subchen__jetbrick-template-2x\jetbrick-template\src\main\java\jetbrick\template\parser\AstCodeVisitor.java,567
CLIENT:client-code:N/A:N/A,MethodCallExpr,jetbrick.template.parser.ast.AstExpression,execute,C:\Users\tyin363\Documents\repos\subchen__jetbrick-template-2x\jetbrick-template\src\main\java\jetbrick\template\parser\ast\AstOperatorEquals.java,39
CLIENT:client-code:N/A:N/A,ClassOrInterfaceType,jetbrick.template.parser.ast.AstTemplate,AstTemplate,C:\Users\tyin363\Documents\repos\subchen__jetbrick-template-2x\jetbrick-template\src\main\java\jetbrick\template\parser\AstBuilder.java,33
JDK:java.base:N/A:N/A,ClassOrInterfaceType,java.lang.String,String,C:\Users\tyin363\Documents\repos\subchen__jetbrick-template-2x\jetbrick-template\src\main\java\jetbrick\template\runtime\InterpretContextImpl.java,162
JDK:java.base:N/A:N/A,ObjectCreationExpr,java.lang.IllegalStateException,IllegalStateException,C:\Users\tyin363\Documents\repos\subchen__jetbrick-template-2x\jetbrick-template\src\main\java\jetbrick\template\parser\ast\ALU.java,315
CLIENT:client-code:N/A:N/A,NameExpr,jetbrick.template.runtime.writer.JetOutputStreamPrinter,error,C:\Users\tyin363\Documents\repos\subchen__jetbrick-template-2x\jetbrick-template\src\main\java\jetbrick\template\runtime\writer\JetOutputStreamPrinter.java,129
CLIENT:client-code:N/A:N/A,MethodCallExpr,jetbrick.template.parser.ast.ALU,isTrue,C:\Users\tyin363\Documents\repos\subchen__jetbrick-template-2x\jetbrick-template\src\main\java\jetbrick\template\parser\ast\AstDirectiveContinue.java,36
CLIENT:client-code:N/A:N/A,FieldAccessExpr,jetbrick.template.resolver.function.ExtensionFunctionInvoker,length,C:\Users\tyin363\Documents\repos\subchen__jetbrick-template-2x\jetbrick-template\src\main\java\jetbrick\template\resolver\function\ExtensionFunctionInvoker.java,36
JDK:java.base:N/A:N/A,MethodCallExpr,java.lang.Object,getClass,C:\Users\tyin363\Documents\repos\subchen__jetbrick-template-2x\jetbrick-template\src\main\java\jetbrick\template\runtime\ValueStack.java,161
JDK:java.base:N/A:N/A,ClassOrInterfaceType,java.lang.Number,Number,C:\Users\tyin363\Documents\repos\subchen__jetbrick-template-2x\jetbrick-template\src\main\java\jetbrick\template\parser\ast\ALU.java,241
JDK:java.base:N/A:N/A,MethodCallExpr,java.lang.Iterable,iterator,C:\Users\tyin363\Documents\repos\subchen__jetbrick-template-2x\jetbrick-template\src\main\java\jetbrick\template\parser\ast\ALU.java,532
CLIENT:client-code:N/A:N/A,MethodCallExpr,jetbrick.template.parser.ast.ALU,shl,C:\Users\tyin363\Documents\repos\subchen__jetbrick-template-2x\jetbrick-template\src\main\java\jetbrick\template\parser\ast\AstOperatorBinary.java,100
JDK:java.base:N/A:N/A,ClassOrInterfaceType,java.lang.String,String,C:\Users\tyin363\Documents\repos\subchen__jetbrick-template-2x\jetbrick-template\src\main\java\jetbrick\template\parser\AstBuilder.java,60
com.github.subchen:jetbrick-commons:jar:2.1.9,MethodCallExpr,jetbrick.bean.PropertyInfo,readable,C:\Users\tyin363\Documents\repos\subchen__jetbrick-template-2x\jetbrick-template\src\main\java\jetbrick\template\resolver\property\DefaultGetterResolver.java,79
CLIENT:client-code:N/A:N/A,NameExpr,jetbrick.template.resolver.GlobalResolver,log,C:\Users\tyin363\Documents\repos\subchen__jetbrick-template-2x\jetbrick-template\src\main\java\jetbrick\template\resolver\GlobalResolver.java,79
CLIENT:client-code:N/A:N/A,NameExpr,jetbrick.template.parser.ast.AstStatementList.ListIterator,list,C:\Users\tyin363\Documents\repos\subchen__jetbrick-template-2x\jetbrick-template\src\main\java\jetbrick\template\parser\ast\AstStatementList.java,289
JDK:java.base:N/A:N/A,ClassOrInterfaceType,java.lang.Object,Object,C:\Users\tyin363\Documents\repos\subchen__jetbrick-template-2x\jetbrick-template\src\main\java\jetbrick\template\parser\ast\AstConstantMap.java,37
com.github.subchen:jetbrick-commons:jar:2.1.9,MethodCallExpr,jetbrick.bean.MethodInfo,getMethod,C:\Users\tyin363\Documents\repos\subchen__jetbrick-template-2x\jetbrick-template\src\main\java\jetbrick\template\resolver\method\ClassBuildinMethodInvoker.java,48
JDK:java.base:N/A:N/A,ClassOrInterfaceType,java.lang.String,String,C:\Users\tyin363\Documents\repos\subchen__jetbrick-template-2x\jetbrick-template\src\main\java\jetbrick\template\resolver\GlobalResolver.java,136
CLIENT:client-code:N/A:N/A,NameExpr,jetbrick.template.runtime.InterpretContextImpl,engine,C:\Users\tyin363\Documents\repos\subchen__jetbrick-template-2x\jetbrick-template\src\main\java\jetbrick\template\runtime\InterpretContextImpl.java,61
CLIENT:client-code:N/A:N/A,ClassOrInterfaceType,jetbrick.template.runtime.ValueContext,ValueContext,C:\Users\tyin363\Documents\repos\subchen__jetbrick-template-2x\jetbrick-template\src\main\java\jetbrick\template\runtime\ValueContext.java,26
JDK:java.base:N/A:N/A,ClassOrInterfaceType,java.lang.Object,Object,C:\Users\tyin363\Documents\repos\subchen__jetbrick-template-2x\jetbrick-template\src\main\java\jetbrick\template\JetTemplate.java,38
JDK:java.base:N/A:N/A,MethodCallExpr,java.util.List,add,C:\Users\tyin363\Documents\repos\subchen__jetbrick-template-2x\jetbrick-template\src\main\java\jetbrick\template\runtime\buildin\JetMethods.java,123
CLIENT:client-code:N/A:N/A,MethodCallExpr,jetbrick.template.resolver.ParameterUtils,getParameterTypes,C:\Users\tyin363\Documents\repos\subchen__jetbrick-template-2x\jetbrick-template\src\main\java\jetbrick\template\parser\ast\AstDirectiveCall.java,53
CLIENT:client-code:N/A:N/A,ClassOrInterfaceType,jetbrick.template.runtime.InterpretContext,InterpretContext,C:\Users\tyin363\Documents\repos\subchen__jetbrick-template-2x\jetbrick-template\src\main\java\jetbrick\template\parser\ast\AstOperatorBinary.java,56
JDK:java.base:N/A:N/A,MethodCallExpr,java.lang.Class,isInstance,C:\Users\tyin363\Documents\repos\subchen__jetbrick-template-2x\jetbrick-template\src\main\java\jetbrick\template\parser\ast\AstOperatorInstanceof.java,38
CLIENT:client-code:N/A:N/A,ClassOrInterfaceType,jetbrick.template.JetSecurityManager,JetSecurityManager,C:\Users\tyin363\Documents\repos\subchen__jetbrick-template-2x\jetbrick-template\src\main\java\jetbrick\template\resolver\method\ExtensionMethodInvoker.java,47
CLIENT:client-code:N/A:N/A,FieldAccessExpr,jetbrick.template.parser.ast.AstText.Jdk6CharArrayEncoder,offset,C:\Users\tyin363\Documents\repos\subchen__jetbrick-template-2x\jetbrick-template\src\main\java\jetbrick\template\parser\ast\AstText.java,298
CLIENT:client-code:N/A:N/A,ClassOrInterfaceType,jetbrick.template.runtime.InterpretException,InterpretException,C:\Users\tyin363\Documents\repos\subchen__jetbrick-template-2x\jetbrick-template\src\main\java\jetbrick\template\parser\ast\AstOperatorBinary.java,69
org.antlr:antlr4-runtime:jar:4.10.1,MethodCallExpr,org.antlr.v4.runtime.Token,getCharPositionInLine,C:\Users\tyin363\Documents\repos\subchen__jetbrick-template-2x\jetbrick-template\src\main\java\jetbrick\template\parser\AstCodeVisitor.java,396
CLIENT:client-code:N/A:N/A,NameExpr,jetbrick.template.parser.ast.AstText,text,C:\Users\tyin363\Documents\repos\subchen__jetbrick-template-2x\jetbrick-template\src\main\java\jetbrick\template\parser\ast\AstText.java,219
JDK:java.base:N/A:N/A,MethodCallExpr,java.lang.StringBuilder,append,C:\Users\tyin363\Documents\repos\subchen__jetbrick-template-2x\jetbrick-template\src\main\java\jetbrick\template\Errors.java,149
CLIENT:client-code:N/A:N/A,ClassOrInterfaceType,jetbrick.template.parser.ast.AstExpressionList,AstExpressionList,C:\Users\tyin363\Documents\repos\subchen__jetbrick-template-2x\jetbrick-template\src\main\java\jetbrick\template\parser\ast\AstInvokeMethodStatic.java,38
CLIENT:client-code:N/A:N/A,FieldAccessExpr,jetbrick.template.parser.ast.Tokens,BIT_XOR,C:\Users\tyin363\Documents\repos\subchen__jetbrick-template-2x\jetbrick-template\src\main\java\jetbrick\template\parser\AstCodeVisitor.java,579
JDK:java.base:N/A:N/A,ClassOrInterfaceType,java.lang.Class,Class,C:\Users\tyin363\Documents\repos\subchen__jetbrick-template-2x\jetbrick-template\src\main\java\jetbrick\template\parser\ast\AstInvokeNewObject.java,36
CLIENT:client-code:N/A:N/A,ClassOrInterfaceType,jetbrick.template.JetAnnotations,JetAnnotations,C:\Users\tyin363\Documents\repos\subchen__jetbrick-template-2x\jetbrick-template\src\main\java\jetbrick\template\resolver\GlobalResolver.java,87
CLIENT:client-code:N/A:N/A,NameExpr,jetbrick.template.runtime.writer.JetWriterPrinter,error,C:\Users\tyin363\Documents\repos\subchen__jetbrick-template-2x\jetbrick-template\src\main\java\jetbrick\template\runtime\writer\JetWriterPrinter.java,60
CLIENT:client-code:N/A:N/A,MethodCallExpr,jetbrick.template.resolver.method.MethodInvoker,checkAccess,C:\Users\tyin363\Documents\repos\subchen__jetbrick-template-2x\jetbrick-template\src\main\java\jetbrick\template\parser\ast\AstInvokeMethodStatic.java,78
CLIENT:client-code:N/A:N/A,ClassOrInterfaceType,jetbrick.template.parser.ast.AstOperatorBinary,AstOperatorBinary,C:\Users\tyin363\Documents\repos\subchen__jetbrick-template-2x\jetbrick-template\src\main\java\jetbrick\template\parser\AstCodeVisitor.java,569
JDK:java.base:N/A:N/A,ClassOrInterfaceType,java.lang.String,String,C:\Users\tyin363\Documents\repos\subchen__jetbrick-template-2x\jetbrick-template\src\main\java\jetbrick\template\Errors.java,83
JDK:java.base:N/A:N/A,ClassOrInterfaceType,java.lang.Number,Number,C:\Users\tyin363\Documents\repos\subchen__jetbrick-template-2x\jetbrick-template\src\main\java\jetbrick\template\parser\ast\ALU.java,240
com.github.subchen:jetbrick-commons:jar:2.1.9,MethodCallExpr,jetbrick.config.Config,asBoolean,C:\Users\tyin363\Documents\repos\subchen__jetbrick-template-2x\jetbrick-template\src\main\java\jetbrick\template\JetConfig.java,124
CLIENT:client-code:N/A:N/A,NameExpr,jetbrick.template.resolver.GlobalResolver,methodInvokerResolver,C:\Users\tyin363\Documents\repos\subchen__jetbrick-template-2x\jetbrick-template\src\main\java\jetbrick\template\resolver\GlobalResolver.java,55
JDK:java.base:N/A:N/A,ClassOrInterfaceType,java.util.Map,Map,C:\Users\tyin363\Documents\repos\subchen__jetbrick-template-2x\jetbrick-template\src\main\java\jetbrick\template\JetTemplateImpl.java,150
CLIENT:client-code:N/A:N/A,NameExpr,jetbrick.template.parser.ast.AstText,encoder,C:\Users\tyin363\Documents\repos\subchen__jetbrick-template-2x\jetbrick-template\src\main\java\jetbrick\template\parser\ast\AstText.java,215
JDK:java.base:N/A:N/A,ClassOrInterfaceType,java.lang.Object,Object,C:\Users\tyin363\Documents\repos\subchen__jetbrick-template-2x\jetbrick-template\src\main\java\jetbrick\template\parser\ast\AstConstantMap.java,38
CLIENT:client-code:N/A:N/A,MethodCallExpr,jetbrick.template.Errors,format,C:\Users\tyin363\Documents\repos\subchen__jetbrick-template-2x\jetbrick-template\src\main\java\jetbrick\template\runtime\InterpretException.java,67
CLIENT:client-code:N/A:N/A,MethodCallExpr,jetbrick.template.parser.ast.AstExpression,execute,C:\Users\tyin363\Documents\repos\subchen__jetbrick-template-2x\jetbrick-template\src\main\java\jetbrick\template\parser\ast\AstOperatorEquals.java,53
CLIENT:client-code:N/A:N/A,NameExpr,jetbrick.template.runtime.writer.JetOutputStreamPrinter,error,C:\Users\tyin363\Documents\repos\subchen__jetbrick-template-2x\jetbrick-template\src\main\java\jetbrick\template\runtime\writer\JetOutputStreamPrinter.java,115
CLIENT:client-code:N/A:N/A,MethodCallExpr,jetbrick.template.parser.ast.AstExpression,execute,C:\Users\tyin363\Documents\repos\subchen__jetbrick-template-2x\jetbrick-template\src\main\java\jetbrick\template\parser\ast\AstValue.java,36
CLIENT:client-code:N/A:N/A,MethodCallExpr,jetbrick.template.parser.SyntaxException,set,C:\Users\tyin363\Documents\repos\subchen__jetbrick-template-2x\jetbrick-template\src\main\java\jetbrick\template\parser\AstCodeVisitor.java,199
JDK:java.base:N/A:N/A,ClassOrInterfaceType,java.util.List,List,C:\Users\tyin363\Documents\repos\subchen__jetbrick-template-2x\jetbrick-template\src\main\java\jetbrick\template\parser\AstCodeVisitor.java,651
JDK:java.base:N/A:N/A,ClassOrInterfaceType,java.util.List,List,C:\Users\tyin363\Documents\repos\subchen__jetbrick-template-2x\jetbrick-template\src\main\java\jetbrick\template\parser\ParserContext.java,214
com.github.subchen:jetbrick-commons:jar:2.1.9,MethodCallExpr,jetbrick.bean.MethodInfo,getParameterTypes,C:\Users\tyin363\Documents\repos\subchen__jetbrick-template-2x\jetbrick-template\src\main\java\jetbrick\template\resolver\method\ExtensionMethodInvoker.java,39
JDK:java.base:N/A:N/A,MethodCallExpr,java.lang.StringBuilder,append,C:\Users\tyin363\Documents\repos\subchen__jetbrick-template-2x\jetbrick-template\src\main\java\jetbrick\template\Errors.java,150
JDK:java.base:N/A:N/A,ClassOrInterfaceType,java.lang.Object,Object,C:\Users\tyin363\Documents\repos\subchen__jetbrick-template-2x\jetbrick-template\src\main\java\jetbrick\template\JetGlobalContext.java,30
com.github.subchen:jetbrick-commons:jar:2.1.9,ClassOrInterfaceType,jetbrick.bean.MethodInfo,MethodInfo,C:\Users\tyin363\Documents\repos\subchen__jetbrick-template-2x\jetbrick-template\src\main\java\jetbrick\template\resolver\method\MethodInvokerResolver.java,134
CLIENT:client-code:N/A:N/A,FieldAccessExpr,jetbrick.template.parser.ast.AstDirectiveTag,argumentList,C:\Users\tyin363\Documents\repos\subchen__jetbrick-template-2x\jetbrick-template\src\main\java\jetbrick\template\parser\ast\AstDirectiveTag.java,38
CLIENT:client-code:N/A:N/A,FieldAccessExpr,jetbrick.template.parser.ast.ALU,VOID,C:\Users\tyin363\Documents\repos\subchen__jetbrick-template-2x\jetbrick-template\src\main\java\jetbrick\template\parser\ast\AstInvokeIndexGet.java,56
CLIENT:client-code:N/A:N/A,FieldAccessExpr,jetbrick.template.parser.ast.Tokens,AST_BLOCK_IF,C:\Users\tyin363\Documents\repos\subchen__jetbrick-template-2x\jetbrick-template\src\main\java\jetbrick\template\parser\AstCodeVisitor.java,106
JDK:java.base:N/A:N/A,ClassOrInterfaceType,java.lang.String,String,C:\Users\tyin363\Documents\repos\subchen__jetbrick-template-2x\jetbrick-template\src\main\java\jetbrick\template\Errors.java,80
org.antlr:antlr4-runtime:jar:4.10.1,MethodCallExpr,org.antlr.v4.runtime.DefaultErrorStrategy,reportMissingToken,C:\Users\tyin363\Documents\repos\subchen__jetbrick-template-2x\jetbrick-template\src\main\java\jetbrick\template\parser\AstBuilder.java,100
com.github.subchen:jetbrick-commons:jar:2.1.9,ClassOrInterfaceType,jetbrick.io.resource.ResourceNotFoundException,ResourceNotFoundException,C:\Users\tyin363\Documents\repos\subchen__jetbrick-template-2x\jetbrick-template\src\main\java\jetbrick\template\runtime\buildin\JetFunctions.java,66
CLIENT:client-code:N/A:N/A,ClassOrInterfaceType,jetbrick.template.runtime.ValueContext,ValueContext,C:\Users\tyin363\Documents\repos\subchen__jetbrick-template-2x\jetbrick-template\src\main\java\jetbrick\template\runtime\ValueStack.java,127
CLIENT:client-code:N/A:N/A,MethodCallExpr,jetbrick.template.parser.ast.AstExpression,getPosition,C:\Users\tyin363\Documents\repos\subchen__jetbrick-template-2x\jetbrick-template\src\main\java\jetbrick\template\parser\ast\AstOperatorUnary.java,53
org.antlr:antlr4-runtime:jar:4.10.1,ClassOrInterfaceType,org.antlr.v4.runtime.Token,Token,C:\Users\tyin363\Documents\repos\subchen__jetbrick-template-2x\jetbrick-template\src\main\java\jetbrick\template\parser\AstCodeVisitor.java,395
CLIENT:client-code:N/A:N/A,ClassOrInterfaceType,jetbrick.template.parser.SyntaxException,SyntaxException,C:\Users\tyin363\Documents\repos\subchen__jetbrick-template-2x\jetbrick-template\src\main\java\jetbrick\template\parser\AstCodeVisitor.java,311
JDK:java.base:N/A:N/A,ClassOrInterfaceType,java.lang.Object,Object,C:\Users\tyin363\Documents\repos\subchen__jetbrick-template-2x\jetbrick-template\src\main\java\jetbrick\template\parser\SyntaxException.java,39
CLIENT:client-code:N/A:N/A,NameExpr,jetbrick.template.parser.ast.AstDirectiveStop,conditionExpression,C:\Users\tyin363\Documents\repos\subchen__jetbrick-template-2x\jetbrick-template\src\main\java\jetbrick\template\parser\ast\AstDirectiveStop.java,36
JDK:java.base:N/A:N/A,ClassOrInterfaceType,java.lang.Class,Class,C:\Users\tyin363\Documents\repos\subchen__jetbrick-template-2x\jetbrick-template\src\main\java\jetbrick\template\parser\ast\AstInvokeIndexGet.java,61
CLIENT:client-code:N/A:N/A,MethodCallExpr,jetbrick.template.parser.ast.AstStatementList.ListIterator,move,C:\Users\tyin363\Documents\repos\subchen__jetbrick-template-2x\jetbrick-template\src\main\java\jetbrick\template\parser\ast\AstStatementList.java,134
CLIENT:client-code:N/A:N/A,FieldAccessExpr,jetbrick.template.parser.ast.ALU,VOID,C:\Users\tyin363\Documents\repos\subchen__jetbrick-template-2x\jetbrick-template\src\main\java\jetbrick\template\parser\ast\AstExpressionList.java,42
CLIENT:client-code:N/A:N/A,NameExpr,jetbrick.template.JetEngineImpl,cache,C:\Users\tyin363\Documents\repos\subchen__jetbrick-template-2x\jetbrick-template\src\main\java\jetbrick\template\JetEngineImpl.java,124
CLIENT:client-code:N/A:N/A,MethodCallExpr,jetbrick.template.parser.ast.AstInvokeField,doInvokeGetter,C:\Users\tyin363\Documents\repos\subchen__jetbrick-template-2x\jetbrick-template\src\main\java\jetbrick\template\parser\ast\AstInvokeField.java,94
CLIENT:client-code:N/A:N/A,MethodCallExpr,jetbrick.template.resolver.GlobalResolver,resolveClass,C:\Users\tyin363\Documents\repos\subchen__jetbrick-template-2x\jetbrick-template\src\main\java\jetbrick\template\resolver\GlobalResolver.java,112
com.github.subchen:jetbrick-commons:jar:2.1.9,FieldAccessExpr,jetbrick.util.ArrayUtils,EMPTY_OBJECT_ARRAY,C:\Users\tyin363\Documents\repos\subchen__jetbrick-template-2x\jetbrick-template\src\main\java\jetbrick\template\resolver\property\PropertyGetter.java,44
JDK:java.base:N/A:N/A,ClassOrInterfaceType,java.util.List,List,C:\Users\tyin363\Documents\repos\subchen__jetbrick-template-2x\jetbrick-template\src\main\java\jetbrick\template\parser\ast\AstConstantMap.java,31
JDK:java.base:N/A:N/A,ClassOrInterfaceType,java.lang.Class,Class,C:\Users\tyin363\Documents\repos\subchen__jetbrick-template-2x\jetbrick-template\src\main\java\jetbrick\template\JetGlobalContext.java,44
com.github.subchen:jetbrick-commons:jar:2.1.9,MethodCallExpr,jetbrick.util.ClassLoaderUtils,loadClass,C:\Users\tyin363\Documents\repos\subchen__jetbrick-template-2x\jetbrick-template\src\main\java\jetbrick\template\resolver\clazz\ClassResolver.java,115
CLIENT:client-code:N/A:N/A,FieldAccessExpr,jetbrick.template.Errors,ARGUMENTS_MISSING,C:\Users\tyin363\Documents\repos\subchen__jetbrick-template-2x\jetbrick-template\src\main\java\jetbrick\template\parser\AstCodeVisitor.java,483
JDK:java.base:N/A:N/A,ClassOrInterfaceType,java.lang.UnsupportedOperationException,UnsupportedOperationException,C:\Users\tyin363\Documents\repos\subchen__jetbrick-template-2x\jetbrick-template\src\main\java\jetbrick\template\parser\ast\AstOperatorBinary.java,121
JDK:java.base:N/A:N/A,MethodCallExpr,java.lang.Class,isAssignableFrom,C:\Users\tyin363\Documents\repos\subchen__jetbrick-template-2x\jetbrick-template\src\main\java\jetbrick\template\parser\ast\ALU.java,72
CLIENT:client-code:N/A:N/A,ClassOrInterfaceType,jetbrick.template.runtime.InterpretContext,InterpretContext,C:\Users\tyin363\Documents\repos\subchen__jetbrick-template-2x\jetbrick-template\src\main\java\jetbrick\template\parser\ast\AstInvokeNewObject.java,44
JDK:java.base:N/A:N/A,ClassOrInterfaceType,java.util.List,List,C:\Users\tyin363\Documents\repos\subchen__jetbrick-template-2x\jetbrick-template\src\main\java\jetbrick\template\runtime\buildin\JetMethods.java,107
CLIENT:client-code:N/A:N/A,MethodCallExpr,jetbrick.template.parser.ParserContext,isStrict,C:\Users\tyin363\Documents\repos\subchen__jetbrick-template-2x\jetbrick-template\src\main\java\jetbrick\template\JetTemplateOption.java,35
CLIENT:client-code:N/A:N/A,ClassOrInterfaceType,jetbrick.template.parser.SyntaxException,SyntaxException,C:\Users\tyin363\Documents\repos\subchen__jetbrick-template-2x\jetbrick-template\src\main\java\jetbrick\template\parser\AstCodeVisitor.java,839
CLIENT:client-code:N/A:N/A,MethodCallExpr,jetbrick.template.runtime.InterpretContext,doIncludeCall,C:\Users\tyin363\Documents\repos\subchen__jetbrick-template-2x\jetbrick-template\src\main\java\jetbrick\template\runtime\buildin\JetFunctions.java,81
JDK:java.base:N/A:N/A,MethodCallExpr,java.lang.Number,longValue,C:\Users\tyin363\Documents\repos\subchen__jetbrick-template-2x\jetbrick-template\src\main\java\jetbrick\template\parser\ast\ALU.java,104
CLIENT:client-code:N/A:N/A,NameExpr,jetbrick.template.runtime.InterpretContextImpl,templateStack,C:\Users\tyin363\Documents\repos\subchen__jetbrick-template-2x\jetbrick-template\src\main\java\jetbrick\template\runtime\InterpretContextImpl.java,174
JDK:java.base:N/A:N/A,MethodCallExpr,java.lang.StringBuilder,append,C:\Users\tyin363\Documents\repos\subchen__jetbrick-template-2x\jetbrick-template\src\main\java\jetbrick\template\Errors.java,147
CLIENT:client-code:N/A:N/A,MethodCallExpr,jetbrick.template.runtime.InterpretContext,current,C:\Users\tyin363\Documents\repos\subchen__jetbrick-template-2x\jetbrick-template\src\main\java\jetbrick\template\JetTemplateImpl.java,153
CLIENT:client-code:N/A:N/A,FieldAccessExpr,jetbrick.template.parser.ast.Tokens,GT,C:\Users\tyin363\Documents\repos\subchen__jetbrick-template-2x\jetbrick-template\src\main\java\jetbrick\template\parser\AstCodeVisitor.java,585
CLIENT:client-code:N/A:N/A,ClassOrInterfaceType,jetbrick.template.parser.ast.AstExpression,AstExpression,C:\Users\tyin363\Documents\repos\subchen__jetbrick-template-2x\jetbrick-template\src\main\java\jetbrick\template\parser\AstCodeVisitor.java,900
JDK:java.base:N/A:N/A,ClassOrInterfaceType,java.io.PrintStream,PrintStream,C:\Users\tyin363\Documents\repos\subchen__jetbrick-template-2x\jetbrick-template\src\main\java\jetbrick\template\runtime\JetWriter.java,46
CLIENT:client-code:N/A:N/A,MethodCallExpr,jetbrick.template.Errors,typeName,C:\Users\tyin363\Documents\repos\subchen__jetbrick-template-2x\jetbrick-template\src\main\java\jetbrick\template\parser\ast\ALU.java,88
JDK:java.base:N/A:N/A,ClassOrInterfaceType,java.lang.String,String,C:\Users\tyin363\Documents\repos\subchen__jetbrick-template-2x\jetbrick-template\src\main\java\jetbrick\template\Errors.java,81
JDK:java.base:N/A:N/A,ClassOrInterfaceType,java.lang.Object,Object,C:\Users\tyin363\Documents\repos\subchen__jetbrick-template-2x\jetbrick-template\src\main\java\jetbrick\template\parser\ast\AstConstantMap.java,40
CLIENT:client-code:N/A:N/A,NameExpr,jetbrick.template.JetConfig,templateSecurityManager,C:\Users\tyin363\Documents\repos\subchen__jetbrick-template-2x\jetbrick-template\src\main\java\jetbrick\template\JetConfig.java,114
CLIENT:client-code:N/A:N/A,FieldAccessExpr,jetbrick.template.runtime.ValueStack,index,C:\Users\tyin363\Documents\repos\subchen__jetbrick-template-2x\jetbrick-template\src\main\java\jetbrick\template\runtime\ValueStack.java,48
CLIENT:client-code:N/A:N/A,ClassOrInterfaceType,jetbrick.template.parser.ast.AstOperatorBinary,AstOperatorBinary,C:\Users\tyin363\Documents\repos\subchen__jetbrick-template-2x\jetbrick-template\src\main\java\jetbrick\template\parser\AstCodeVisitor.java,571
com.github.subchen:jetbrick-commons:jar:2.1.9,MethodCallExpr,jetbrick.util.PathUtils,getRelativePath,C:\Users\tyin363\Documents\repos\subchen__jetbrick-template-2x\jetbrick-template\src\main\java\jetbrick\template\parser\ast\AstDirectiveInclude.java,66
CLIENT:client-code:N/A:N/A,ClassOrInterfaceType,jetbrick.template.parser.ast.AstStatement,AstStatement,C:\Users\tyin363\Documents\repos\subchen__jetbrick-template-2x\jetbrick-template\src\main\java\jetbrick\template\parser\AstCodeVisitor.java,233
CLIENT:client-code:N/A:N/A,FieldAccessExpr,jetbrick.template.resolver.property.PropertyGetter,getter,C:\Users\tyin363\Documents\repos\subchen__jetbrick-template-2x\jetbrick-template\src\main\java\jetbrick\template\resolver\property\PropertyGetter.java,34
JDK:java.base:N/A:N/A,MethodCallExpr,java.util.Map,put,C:\Users\tyin363\Documents\repos\subchen__jetbrick-template-2x\jetbrick-template\src\main\java\jetbrick\template\resolver\clazz\ClassResolver.java,117
JDK:java.base:N/A:N/A,ClassOrInterfaceType,java.lang.StringBuffer,StringBuffer,C:\Users\tyin363\Documents\repos\subchen__jetbrick-template-2x\jetbrick-template\src\main\java\jetbrick\template\resolver\tag\TagInvokerResolver.java,75
CLIENT:client-code:N/A:N/A,NameExpr,jetbrick.template.parser.ast.AstExpression,position,C:\Users\tyin363\Documents\repos\subchen__jetbrick-template-2x\jetbrick-template\src\main\java\jetbrick\template\parser\ast\AstInvokeMethod.java,58
CLIENT:client-code:N/A:N/A,NameExpr,jetbrick.template.runtime.writer.TrimLeadingWhitespacesOutputStream,out,C:\Users\tyin363\Documents\repos\subchen__jetbrick-template-2x\jetbrick-template\src\main\java\jetbrick\template\runtime\writer\TrimLeadingWhitespacesOutputStream.java,48
CLIENT:client-code:N/A:N/A,NameExpr,jetbrick.template.parser.ast.AstInvokeField,unsafe,C:\Users\tyin363\Documents\repos\subchen__jetbrick-template-2x\jetbrick-template\src\main\java\jetbrick\template\parser\ast\AstInvokeField.java,75
JDK:java.base:N/A:N/A,ClassOrInterfaceType,java.lang.String,String,C:\Users\tyin363\Documents\repos\subchen__jetbrick-template-2x\jetbrick-template\src\main\java\jetbrick\template\runtime\buildin\JetMethods.java,282
CLIENT:client-code:N/A:N/A,MethodCallExpr,jetbrick.template.parser.SyntaxException,set,C:\Users\tyin363\Documents\repos\subchen__jetbrick-template-2x\jetbrick-template\src\main\java\jetbrick\template\parser\AstCodeVisitor.java,201
CLIENT:client-code:N/A:N/A,NameExpr,jetbrick.template.runtime.InterpretContextImpl,templateStack,C:\Users\tyin363\Documents\repos\subchen__jetbrick-template-2x\jetbrick-template\src\main\java\jetbrick\template\runtime\InterpretContextImpl.java,175
CLIENT:client-code:N/A:N/A,ClassOrInterfaceType,jetbrick.template.runtime.writer.JetWriterPrinterEx,JetWriterPrinterEx,C:\Users\tyin363\Documents\repos\subchen__jetbrick-template-2x\jetbrick-template\src\main\java\jetbrick\template\runtime\JetWriter.java,41
JDK:java.base:N/A:N/A,ClassOrInterfaceType,java.lang.String,String,C:\Users\tyin363\Documents\repos\subchen__jetbrick-template-2x\jetbrick-template\src\main\java\jetbrick\template\runtime\InterpretContextImpl.java,158
CLIENT:client-code:N/A:N/A,FieldAccessExpr,jetbrick.template.runtime.writer.JetOutputStreamPrinter,error,C:\Users\tyin363\Documents\repos\subchen__jetbrick-template-2x\jetbrick-template\src\main\java\jetbrick\template\runtime\writer\JetOutputStreamPrinter.java,35
JDK:java.base:N/A:N/A,MethodCallExpr,java.util.Iterator,hasNext,C:\Users\tyin363\Documents\repos\subchen__jetbrick-template-2x\jetbrick-template\src\main\java\jetbrick\template\parser\ast\ALU.java,531
JDK:java.base:N/A:N/A,ClassOrInterfaceType,java.lang.Object,Object,C:\Users\tyin363\Documents\repos\subchen__jetbrick-template-2x\jetbrick-template\src\main\java\jetbrick\template\parser\ast\AstDirectiveFor.java,56
CLIENT:client-code:N/A:N/A,MethodCallExpr,jetbrick.template.runtime.JetTagContext,getWriter,C:\Users\tyin363\Documents\repos\subchen__jetbrick-template-2x\jetbrick-template\src\main\java\jetbrick\template\runtime\buildin\JetTags.java,52
CLIENT:client-code:N/A:N/A,NameExpr,jetbrick.template.JetGlobalContext,symbols,C:\Users\tyin363\Documents\repos\subchen__jetbrick-template-2x\jetbrick-template\src\main\java\jetbrick\template\JetGlobalContext.java,60
CLIENT:client-code:N/A:N/A,ClassOrInterfaceType,jetbrick.template.parser.ast.AstExpression,AstExpression,C:\Users\tyin363\Documents\repos\subchen__jetbrick-template-2x\jetbrick-template\src\main\java\jetbrick\template\parser\AstCodeVisitor.java,901
JDK:java.base:N/A:N/A,MethodCallExpr,java.lang.StringBuilder,append,C:\Users\tyin363\Documents\repos\subchen__jetbrick-template-2x\jetbrick-template\src\main\java\jetbrick\template\Errors.java,148
CLIENT:client-code:N/A:N/A,NameExpr,jetbrick.template.JetEngineImpl,config,C:\Users\tyin363\Documents\repos\subchen__jetbrick-template-2x\jetbrick-template\src\main\java\jetbrick\template\JetEngineImpl.java,173
com.github.subchen:jetbrick-commons:jar:2.1.9,MethodCallExpr,jetbrick.bean.MethodInfo,getParameterCount,C:\Users\tyin363\Documents\repos\subchen__jetbrick-template-2x\jetbrick-template\src\main\java\jetbrick\template\resolver\tag\TagInvoker.java,33
JDK:java.base:N/A:N/A,ClassOrInterfaceType,java.lang.IllegalStateException,IllegalStateException,C:\Users\tyin363\Documents\repos\subchen__jetbrick-template-2x\jetbrick-template\src\main\java\jetbrick\template\parser\ast\AstDirectiveReturn.java,47
JDK:java.base:N/A:N/A,ClassOrInterfaceType,java.lang.String,String,C:\Users\tyin363\Documents\repos\subchen__jetbrick-template-2x\jetbrick-template\src\main\java\jetbrick\template\Errors.java,78
CLIENT:client-code:N/A:N/A,MethodCallExpr,jetbrick.template.parser.ast.AstExpression,execute,C:\Users\tyin363\Documents\repos\subchen__jetbrick-template-2x\jetbrick-template\src\main\java\jetbrick\template\parser\ast\AstOperatorEquals.java,50
JDK:java.base:N/A:N/A,MethodCallExpr,java.lang.Number,intValue,C:\Users\tyin363\Documents\repos\subchen__jetbrick-template-2x\jetbrick-template\src\main\java\jetbrick\template\parser\ast\ALU.java,150
CLIENT:client-code:N/A:N/A,ClassOrInterfaceType,jetbrick.template.JetTemplate,JetTemplate,C:\Users\tyin363\Documents\repos\subchen__jetbrick-template-2x\jetbrick-template\src\main\java\jetbrick\template\JetEngineImpl.java,134
JDK:java.base:N/A:N/A,ClassOrInterfaceType,java.lang.IllegalStateException,IllegalStateException,C:\Users\tyin363\Documents\repos\subchen__jetbrick-template-2x\jetbrick-template\src\main\java\jetbrick\template\parser\ast\ALU.java,345
JDK:java.base:N/A:N/A,MethodCallExpr,java.lang.Number,intValue,C:\Users\tyin363\Documents\repos\subchen__jetbrick-template-2x\jetbrick-template\src\main\java\jetbrick\template\parser\ast\ALU.java,414
CLIENT:client-code:N/A:N/A,MethodCallExpr,jetbrick.template.parser.ast.AstStatementList.ListIterator,remove,C:\Users\tyin363\Documents\repos\subchen__jetbrick-template-2x\jetbrick-template\src\main\java\jetbrick\template\parser\ast\AstStatementList.java,65
CLIENT:client-code:N/A:N/A,NameExpr,jetbrick.template.resolver.tag.TagInvokerResolver,tagMap,C:\Users\tyin363\Documents\repos\subchen__jetbrick-template-2x\jetbrick-template\src\main\java\jetbrick\template\resolver\tag\TagInvokerResolver.java,88
CLIENT:client-code:N/A:N/A,MethodCallExpr,jetbrick.template.parser.ast.AstStatementList,execute,C:\Users\tyin363\Documents\repos\subchen__jetbrick-template-2x\jetbrick-template\src\main\java\jetbrick\template\parser\ast\AstDirectiveIf.java,40
CLIENT:client-code:N/A:N/A,MethodCallExpr,jetbrick.template.parser.ast.AstExpression,execute,C:\Users\tyin363\Documents\repos\subchen__jetbrick-template-2x\jetbrick-template\src\main\java\jetbrick\template\parser\ast\AstInvokeMethod.java,51
CLIENT:client-code:N/A:N/A,NameExpr,jetbrick.template.parser.ast.Position,line,C:\Users\tyin363\Documents\repos\subchen__jetbrick-template-2x\jetbrick-template\src\main\java\jetbrick\template\parser\ast\Position.java,35
CLIENT:client-code:N/A:N/A,NameExpr,jetbrick.template.parser.ast.AstText,encoder,C:\Users\tyin363\Documents\repos\subchen__jetbrick-template-2x\jetbrick-template\src\main\java\jetbrick\template\parser\ast\AstText.java,212
JDK:java.base:N/A:N/A,MethodCallExpr,java.util.List,size,C:\Users\tyin363\Documents\repos\subchen__jetbrick-template-2x\jetbrick-template\src\main\java\jetbrick\template\parser\ast\AstStatementList.java,34
CLIENT:client-code:N/A:N/A,ClassOrInterfaceType,jetbrick.template.JetAnnotations.Tags,Tags,C:\Users\tyin363\Documents\repos\subchen__jetbrick-template-2x\jetbrick-template\src\main\java\jetbrick\template\resolver\GlobalResolver.java,87
JDK:java.base:N/A:N/A,ClassOrInterfaceType,java.lang.Object,Object,C:\Users\tyin363\Documents\repos\subchen__jetbrick-template-2x\jetbrick-template\src\main\java\jetbrick\template\runtime\buildin\JetMethods.java,134
CLIENT:client-code:N/A:N/A,MethodCallExpr,jetbrick.template.parser.AstCodeVisitor,pos,C:\Users\tyin363\Documents\repos\subchen__jetbrick-template-2x\jetbrick-template\src\main\java\jetbrick\template\parser\AstCodeVisitor.java,864
CLIENT:client-code:N/A:N/A,NameExpr,jetbrick.template.parser.ast.AstText,text,C:\Users\tyin363\Documents\repos\subchen__jetbrick-template-2x\jetbrick-template\src\main\java\jetbrick\template\parser\ast\AstText.java,215
CLIENT:client-code:N/A:N/A,MethodCallExpr,jetbrick.template.runtime.buildin.JetMethods,format,C:\Users\tyin363\Documents\repos\subchen__jetbrick-template-2x\jetbrick-template\src\main\java\jetbrick\template\runtime\buildin\JetMethods.java,141
JDK:java.base:N/A:N/A,ClassOrInterfaceType,java.lang.Class,Class,C:\Users\tyin363\Documents\repos\subchen__jetbrick-template-2x\jetbrick-template\src\main\java\jetbrick\template\JetGlobalContext.java,38
JDK:java.base:N/A:N/A,MethodCallExpr,java.lang.StringBuilder,append,C:\Users\tyin363\Documents\repos\subchen__jetbrick-template-2x\jetbrick-template\src\main\java\jetbrick\template\Errors.java,153
JDK:java.base:N/A:N/A,ClassOrInterfaceType,java.lang.String,String,C:\Users\tyin363\Documents\repos\subchen__jetbrick-template-2x\jetbrick-template\src\main\java\jetbrick\template\parser\ast\AstInvokeMethod.java,33
CLIENT:client-code:N/A:N/A,FieldAccessExpr,jetbrick.template.parser.ast.AstInvokeFieldStatic,name,C:\Users\tyin363\Documents\repos\subchen__jetbrick-template-2x\jetbrick-template\src\main\java\jetbrick\template\parser\ast\AstInvokeFieldStatic.java,39
JDK:java.base:N/A:N/A,ClassOrInterfaceType,java.lang.Object,Object,C:\Users\tyin363\Documents\repos\subchen__jetbrick-template-2x\jetbrick-template\src\main\java\jetbrick\template\JetContext.java,36
CLIENT:client-code:N/A:N/A,FieldAccessExpr,jetbrick.template.JetEngine,VERSION,C:\Users\tyin363\Documents\repos\subchen__jetbrick-template-2x\jetbrick-template\src\main\java\jetbrick\template\JetEngineImpl.java,56
CLIENT:client-code:N/A:N/A,ClassOrInterfaceType,jetbrick.template.parser.ast.AstOperatorBinary,AstOperatorBinary,C:\Users\tyin363\Documents\repos\subchen__jetbrick-template-2x\jetbrick-template\src\main\java\jetbrick\template\parser\AstCodeVisitor.java,573
JDK:java.base:N/A:N/A,ClassOrInterfaceType,java.lang.Class,Class,C:\Users\tyin363\Documents\repos\subchen__jetbrick-template-2x\jetbrick-template\src\main\java\jetbrick\template\resolver\property\GetterResolver.java,27
CLIENT:client-code:N/A:N/A,NameExpr,jetbrick.template.JetSecurityManagerImpl,disallowStaticMethod,C:\Users\tyin363\Documents\repos\subchen__jetbrick-template-2x\jetbrick-template\src\main\java\jetbrick\template\JetSecurityManagerImpl.java,138
CLIENT:client-code:N/A:N/A,NameExpr,jetbrick.template.parser.ast.AstInvokeFunction,unsafe,C:\Users\tyin363\Documents\repos\subchen__jetbrick-template-2x\jetbrick-template\src\main\java\jetbrick\template\parser\ast\AstInvokeFunction.java,72
JDK:java.base:N/A:N/A,ClassOrInterfaceType,java.lang.String,String,C:\Users\tyin363\Documents\repos\subchen__jetbrick-template-2x\jetbrick-template\src\main\java\jetbrick\template\resolver\property\DefaultGetterResolver.java,32
CLIENT:client-code:N/A:N/A,ClassOrInterfaceType,jetbrick.template.resolver.GlobalResolver,GlobalResolver,C:\Users\tyin363\Documents\repos\subchen__jetbrick-template-2x\jetbrick-template\src\main\java\jetbrick\template\parser\ParserContext.java,48
CLIENT:client-code:N/A:N/A,ObjectCreationExpr,jetbrick.template.parser.SyntaxException,SyntaxException,C:\Users\tyin363\Documents\repos\subchen__jetbrick-template-2x\jetbrick-template\src\main\java\jetbrick\template\parser\AstBuilder.java,95
JDK:java.base:N/A:N/A,ClassOrInterfaceType,java.lang.Class,Class,C:\Users\tyin363\Documents\repos\subchen__jetbrick-template-2x\jetbrick-template\src\main\java\jetbrick\template\parser\ast\AstInvokeNewObject.java,32
CLIENT:client-code:N/A:N/A,NameExpr,jetbrick.template.parser.ast.AstText,encoder,C:\Users\tyin363\Documents\repos\subchen__jetbrick-template-2x\jetbrick-template\src\main\java\jetbrick\template\parser\ast\AstText.java,210
JDK:java.base:N/A:N/A,ClassOrInterfaceType,java.lang.Object,Object,C:\Users\tyin363\Documents\repos\subchen__jetbrick-template-2x\jetbrick-template\src\main\java\jetbrick\template\parser\AstCodeVisitor.java,166
CLIENT:client-code:N/A:N/A,FieldAccessExpr,jetbrick.template.parser.Symbols,RETURN,C:\Users\tyin363\Documents\repos\subchen__jetbrick-template-2x\jetbrick-template\src\main\java\jetbrick\template\parser\ast\AstDirectiveReturn.java,40
CLIENT:client-code:N/A:N/A,ClassOrInterfaceType,jetbrick.template.resolver.function.FunctionInvoker,FunctionInvoker,C:\Users\tyin363\Documents\repos\subchen__jetbrick-template-2x\jetbrick-template\src\main\java\jetbrick\template\resolver\function\FunctionInvokerResolver.java,95
CLIENT:client-code:N/A:N/A,FieldAccessExpr,jetbrick.template.Errors,FOR_ITERATOR_ERROR,C:\Users\tyin363\Documents\repos\subchen__jetbrick-template-2x\jetbrick-template\src\main\java\jetbrick\template\parser\ast\AstDirectiveFor.java,60
JDK:java.base:N/A:N/A,ClassOrInterfaceType,java.util.Map,Map,C:\Users\tyin363\Documents\repos\subchen__jetbrick-template-2x\jetbrick-template\src\main\java\jetbrick\template\parser\ParserContext.java,209
JDK:java.base:N/A:N/A,ClassOrInterfaceType,java.lang.String,String,C:\Users\tyin363\Documents\repos\subchen__jetbrick-template-2x\jetbrick-template\src\main\java\jetbrick\template\runtime\buildin\JetFunctions.java,95
JDK:java.base:N/A:N/A,ClassOrInterfaceType,java.lang.Class,Class,C:\Users\tyin363\Documents\repos\subchen__jetbrick-template-2x\jetbrick-template\src\main\java\jetbrick\template\JetGlobalContext.java,37
JDK:java.base:N/A:N/A,MethodCallExpr,java.util.Map,put,C:\Users\tyin363\Documents\repos\subchen__jetbrick-template-2x\jetbrick-template\src\main\java\jetbrick\template\resolver\function\FunctionInvokerResolver.java,105
org.slf4j:slf4j-api:jar:1.7.7,MethodCallExpr,org.slf4j.Logger,info,C:\Users\tyin363\Documents\repos\subchen__jetbrick-template-2x\jetbrick-template\src\main\java\jetbrick\template\runtime\buildin\JetFunctions.java,131
JDK:java.base:N/A:N/A,ClassOrInterfaceType,java.lang.Object,Object,C:\Users\tyin363\Documents\repos\subchen__jetbrick-template-2x\jetbrick-template\src\main\java\jetbrick\template\JetGlobalContext.java,34
CLIENT:client-code:N/A:N/A,MethodCallExpr,jetbrick.template.parser.ast.AstStatement,execute,C:\Users\tyin363\Documents\repos\subchen__jetbrick-template-2x\jetbrick-template\src\main\java\jetbrick\template\parser\ast\AstDirectiveIf.java,43
JDK:java.base:N/A:N/A,MethodCallExpr,java.lang.Object,getClass,C:\Users\tyin363\Documents\repos\subchen__jetbrick-template-2x\jetbrick-template\src\main\java\jetbrick\template\parser\ast\ALU.java,321
CLIENT:client-code:N/A:N/A,ClassOrInterfaceType,jetbrick.template.runtime.InterpretException,InterpretException,C:\Users\tyin363\Documents\repos\subchen__jetbrick-template-2x\jetbrick-template\src\main\java\jetbrick\template\parser\ast\AstInvokeField.java,89
CLIENT:client-code:N/A:N/A,ClassOrInterfaceType,jetbrick.template.parser.ast.AstStatement,AstStatement,C:\Users\tyin363\Documents\repos\subchen__jetbrick-template-2x\jetbrick-template\src\main\java\jetbrick\template\parser\AstCodeVisitor.java,238
JDK:java.base:N/A:N/A,ClassOrInterfaceType,java.lang.Throwable,Throwable,C:\Users\tyin363\Documents\repos\subchen__jetbrick-template-2x\jetbrick-template\src\main\java\jetbrick\template\parser\SyntaxException.java,47
CLIENT:client-code:N/A:N/A,FieldAccessExpr,jetbrick.template.parser.ast.AstDirectiveNoop,INSTANCE,C:\Users\tyin363\Documents\repos\subchen__jetbrick-template-2x\jetbrick-template\src\main\java\jetbrick\template\parser\AstCodeVisitor.java,444
JDK:java.base:N/A:N/A,MethodCallExpr,java.util.Collections,emptyList,C:\Users\tyin363\Documents\repos\subchen__jetbrick-template-2x\jetbrick-template\src\main\java\jetbrick\template\parser\AstCodeVisitor.java,818
JDK:java.base:N/A:N/A,ObjectCreationExpr,java.util.ArrayList,ArrayList,C:\Users\tyin363\Documents\repos\subchen__jetbrick-template-2x\jetbrick-template\src\main\java\jetbrick\template\runtime\buildin\JetMethods.java,114
JDK:java.base:N/A:N/A,ClassOrInterfaceType,java.lang.Object,Object,C:\Users\tyin363\Documents\repos\subchen__jetbrick-template-2x\jetbrick-template\src\main\java\jetbrick\template\parser\ast\AstOperatorInstanceof.java,37
CLIENT:client-code:N/A:N/A,ClassOrInterfaceType,jetbrick.template.resolver.method.MethodInvoker,MethodInvoker,C:\Users\tyin363\Documents\repos\subchen__jetbrick-template-2x\jetbrick-template\src\main\java\jetbrick\template\resolver\method\MethodInvokerResolver.java,98
CLIENT:client-code:N/A:N/A,ClassOrInterfaceType,jetbrick.template.resolver.method.MethodInvoker,MethodInvoker,C:\Users\tyin363\Documents\repos\subchen__jetbrick-template-2x\jetbrick-template\src\main\java\jetbrick\template\parser\ast\AstInvokeMethod.java,71
CLIENT:client-code:N/A:N/A,NameExpr,jetbrick.template.parser.ast.AstStatementList.ListIterator,list,C:\Users\tyin363\Documents\repos\subchen__jetbrick-template-2x\jetbrick-template\src\main\java\jetbrick\template\parser\ast\AstStatementList.java,283
CLIENT:client-code:N/A:N/A,ClassOrInterfaceType,jetbrick.template.runtime.InterpretContext,InterpretContext,C:\Users\tyin363\Documents\repos\subchen__jetbrick-template-2x\jetbrick-template\src\main\java\jetbrick\template\parser\ast\AstTernarySimplifyOperator.java,35
CLIENT:client-code:N/A:N/A,ClassOrInterfaceType,jetbrick.template.runtime.InterpretException,InterpretException,C:\Users\tyin363\Documents\repos\subchen__jetbrick-template-2x\jetbrick-template\src\main\java\jetbrick\template\parser\ast\AstInvokeNewObject.java,44
CLIENT:client-code:N/A:N/A,MethodCallExpr,jetbrick.template.resolver.SignatureUtils,getFunctionSignature,C:\Users\tyin363\Documents\repos\subchen__jetbrick-template-2x\jetbrick-template\src\main\java\jetbrick\template\resolver\tag\TagInvokerResolver.java,100
CLIENT:client-code:N/A:N/A,ClassOrInterfaceType,jetbrick.template.runtime.ValueStack,ValueStack,C:\Users\tyin363\Documents\repos\subchen__jetbrick-template-2x\jetbrick-template\src\main\java\jetbrick\template\parser\ast\AstExpression.java,37
JDK:java.base:N/A:N/A,ClassOrInterfaceType,java.lang.Class,Class,C:\Users\tyin363\Documents\repos\subchen__jetbrick-template-2x\jetbrick-template\src\main\java\jetbrick\template\resolver\SignatureUtils.java,35
CLIENT:client-code:N/A:N/A,NameExpr,jetbrick.template.JetEngineImpl,config,C:\Users\tyin363\Documents\repos\subchen__jetbrick-template-2x\jetbrick-template\src\main\java\jetbrick\template\JetEngineImpl.java,178
CLIENT:client-code:N/A:N/A,NameExpr,jetbrick.template.parser.ast.AstText,text,C:\Users\tyin363\Documents\repos\subchen__jetbrick-template-2x\jetbrick-template\src\main\java\jetbrick\template\parser\ast\AstText.java,217
CLIENT:client-code:N/A:N/A,ClassOrInterfaceType,jetbrick.template.parser.ast.AstExpression,AstExpression,C:\Users\tyin363\Documents\repos\subchen__jetbrick-template-2x\jetbrick-template\src\main\java\jetbrick\template\parser\AstCodeVisitor.java,376
CLIENT:client-code:N/A:N/A,ObjectCreationExpr,jetbrick.template.resolver.method.ClassBuildinMethodInvoker,ClassBuildinMethodInvoker,C:\Users\tyin363\Documents\repos\subchen__jetbrick-template-2x\jetbrick-template\src\main\java\jetbrick\template\resolver\method\MethodInvokerResolver.java,126
org.antlr:antlr4-runtime:jar:4.10.1,ClassOrInterfaceType,org.antlr.v4.runtime.tree.ParseTree,ParseTree,C:\Users\tyin363\Documents\repos\subchen__jetbrick-template-2x\jetbrick-template\src\main\java\jetbrick\template\parser\AstCodeVisitor.java,100
JDK:java.base:N/A:N/A,ClassOrInterfaceType,java.lang.String,String,C:\Users\tyin363\Documents\repos\subchen__jetbrick-template-2x\jetbrick-template\src\main\java\jetbrick\template\runtime\buildin\JetFunctions.java,98
JDK:java.base:N/A:N/A,MethodCallExpr,java.lang.StringBuilder,append,C:\Users\tyin363\Documents\repos\subchen__jetbrick-template-2x\jetbrick-template\src\main\java\jetbrick\template\Errors.java,151
CLIENT:client-code:N/A:N/A,MethodCallExpr,jetbrick.template.resolver.property.DefaultGetterResolver,doGetGetter,C:\Users\tyin363\Documents\repos\subchen__jetbrick-template-2x\jetbrick-template\src\main\java\jetbrick\template\resolver\property\DefaultGetterResolver.java,56
JDK:java.base:N/A:N/A,ClassOrInterfaceType,java.lang.String,String,C:\Users\tyin363\Documents\repos\subchen__jetbrick-template-2x\jetbrick-template\src\main\java\jetbrick\template\Errors.java,76
CLIENT:client-code:N/A:N/A,NameExpr,jetbrick.template.parser.ast.AstInvokeFieldStatic,cls,C:\Users\tyin363\Documents\repos\subchen__jetbrick-template-2x\jetbrick-template\src\main\java\jetbrick\template\parser\ast\AstInvokeFieldStatic.java,53
JDK:java.base:N/A:N/A,ClassOrInterfaceType,java.lang.IllegalStateException,IllegalStateException,C:\Users\tyin363\Documents\repos\subchen__jetbrick-template-2x\jetbrick-template\src\main\java\jetbrick\template\runtime\ValueStack.java,189
JDK:java.base:N/A:N/A,ObjectCreationExpr,java.util.ArrayList,ArrayList,C:\Users\tyin363\Documents\repos\subchen__jetbrick-template-2x\jetbrick-template\src\main\java\jetbrick\template\parser\ParserContext.java,235
JDK:java.base:N/A:N/A,ClassOrInterfaceType,java.lang.StringBuilder,StringBuilder,C:\Users\tyin363\Documents\repos\subchen__jetbrick-template-2x\jetbrick-template\src\main\java\jetbrick\template\resolver\SignatureUtils.java,28
CLIENT:client-code:N/A:N/A,ClassOrInterfaceType,jetbrick.template.parser.ast.AstOperatorBinary,AstOperatorBinary,C:\Users\tyin363\Documents\repos\subchen__jetbrick-template-2x\jetbrick-template\src\main\java\jetbrick\template\parser\AstCodeVisitor.java,575
CLIENT:client-code:N/A:N/A,NameExpr,jetbrick.template.JetConfig,log,C:\Users\tyin363\Documents\repos\subchen__jetbrick-template-2x\jetbrick-template\src\main\java\jetbrick\template\JetConfig.java,96
CLIENT:client-code:N/A:N/A,MethodCallExpr,jetbrick.template.parser.ast.AstExpression,execute,C:\Users\tyin363\Documents\repos\subchen__jetbrick-template-2x\jetbrick-template\src\main\java\jetbrick\template\parser\ast\AstOperatorEquals.java,47
CLIENT:client-code:N/A:N/A,NameExpr,jetbrick.template.parser.ast.AstInvokeFieldStatic,cls,C:\Users\tyin363\Documents\repos\subchen__jetbrick-template-2x\jetbrick-template\src\main\java\jetbrick\template\parser\ast\AstInvokeFieldStatic.java,51
JDK:java.base:N/A:N/A,MethodCallExpr,java.lang.Object,getClass,C:\Users\tyin363\Documents\repos\subchen__jetbrick-template-2x\jetbrick-template\src\main\java\jetbrick\template\parser\ast\ALU.java,320
CLIENT:client-code:N/A:N/A,ClassOrInterfaceType,jetbrick.template.runtime.JetForIterator,JetForIterator,C:\Users\tyin363\Documents\repos\subchen__jetbrick-template-2x\jetbrick-template\src\main\java\jetbrick\template\runtime\JetForIterator.java,136
CLIENT:client-code:N/A:N/A,NameExpr,jetbrick.template.runtime.writer.JetWriterPrinter,os,C:\Users\tyin363\Documents\repos\subchen__jetbrick-template-2x\jetbrick-template\src\main\java\jetbrick\template\runtime\writer\JetWriterPrinter.java,105
CLIENT:client-code:N/A:N/A,FieldAccessExpr,jetbrick.template.parser.ast.AstDirectiveFor,statements,C:\Users\tyin363\Documents\repos\subchen__jetbrick-template-2x\jetbrick-template\src\main\java\jetbrick\template\parser\ast\AstDirectiveFor.java,36
CLIENT:client-code:N/A:N/A,FieldAccessExpr,jetbrick.template.parser.ast.ALU,VOID,C:\Users\tyin363\Documents\repos\subchen__jetbrick-template-2x\jetbrick-template\src\main\java\jetbrick\template\parser\ast\AstInvokeIndexGet.java,49
CLIENT:client-code:N/A:N/A,ClassOrInterfaceType,jetbrick.template.runtime.InterpretException,InterpretException,C:\Users\tyin363\Documents\repos\subchen__jetbrick-template-2x\jetbrick-template\src\main\java\jetbrick\template\parser\ast\AstOperatorBinary.java,63
CLIENT:client-code:N/A:N/A,MethodCallExpr,jetbrick.template.parser.ast.AstStatementList.ListIterator,hasNext,C:\Users\tyin363\Documents\repos\subchen__jetbrick-template-2x\jetbrick-template\src\main\java\jetbrick\template\parser\ast\AstStatementList.java,83
CLIENT:client-code:N/A:N/A,MethodCallExpr,jetbrick.template.parser.ParserContext,setTrimDirectiveCommentsPrefix,C:\Users\tyin363\Documents\repos\subchen__jetbrick-template-2x\jetbrick-template\src\main\java\jetbrick\template\JetTemplateImpl.java,109
CLIENT:client-code:N/A:N/A,FieldAccessExpr,jetbrick.template.parser.ast.AstInvokeMethod,last,C:\Users\tyin363\Documents\repos\subchen__jetbrick-template-2x\jetbrick-template\src\main\java\jetbrick\template\parser\ast\AstInvokeMethod.java,45
CLIENT:client-code:N/A:N/A,ClassOrInterfaceType,jetbrick.template.parser.ast.Position,Position,C:\Users\tyin363\Documents\repos\subchen__jetbrick-template-2x\jetbrick-template\src\main\java\jetbrick\template\parser\ast\AstDirectiveNoop.java,31
CLIENT:client-code:N/A:N/A,ClassOrInterfaceType,jetbrick.template.runtime.ValueContext,ValueContext,C:\Users\tyin363\Documents\repos\subchen__jetbrick-template-2x\jetbrick-template\src\main\java\jetbrick\template\runtime\ValueContext.java,31
JDK:java.base:N/A:N/A,ClassOrInterfaceType,java.util.Map,Map,C:\Users\tyin363\Documents\repos\subchen__jetbrick-template-2x\jetbrick-template\src\main\java\jetbrick\template\runtime\ValueStack.java,43
CLIENT:client-code:N/A:N/A,NameExpr,jetbrick.template.parser.ast.AstStatementList.ListIterator,list,C:\Users\tyin363\Documents\repos\subchen__jetbrick-template-2x\jetbrick-template\src\main\java\jetbrick\template\parser\ast\AstStatementList.java,284
CLIENT:client-code:N/A:N/A,MethodCallExpr,jetbrick.template.parser.ParserContext,importClass,C:\Users\tyin363\Documents\repos\subchen__jetbrick-template-2x\jetbrick-template\src\main\java\jetbrick\template\parser\AstCodeVisitor.java,171
CLIENT:client-code:N/A:N/A,FieldAccessExpr,jetbrick.template.parser.ast.AstText.Jdk9CharArrayEncoder,text,C:\Users\tyin363\Documents\repos\subchen__jetbrick-template-2x\jetbrick-template\src\main\java\jetbrick\template\parser\ast\AstText.java,269
CLIENT:client-code:N/A:N/A,ClassOrInterfaceType,jetbrick.template.runtime.InterpretContext,InterpretContext,C:\Users\tyin363\Documents\repos\subchen__jetbrick-template-2x\jetbrick-template\src\main\java\jetbrick\template\runtime\JetTagContext.java,66
CLIENT:client-code:N/A:N/A,ClassOrInterfaceType,jetbrick.template.resolver.function.FunctionInvoker,FunctionInvoker,C:\Users\tyin363\Documents\repos\subchen__jetbrick-template-2x\jetbrick-template\src\main\java\jetbrick\template\resolver\function\FunctionInvokerResolver.java,97
CLIENT:client-code:N/A:N/A,NameExpr,jetbrick.template.runtime.writer.JetOutputStreamPrinter,error,C:\Users\tyin363\Documents\repos\subchen__jetbrick-template-2x\jetbrick-template\src\main\java\jetbrick\template\runtime\writer\JetOutputStreamPrinter.java,121
CLIENT:client-code:N/A:N/A,MethodCallExpr,jetbrick.template.parser.ast.ALU,getNumberType,C:\Users\tyin363\Documents\repos\subchen__jetbrick-template-2x\jetbrick-template\src\main\java\jetbrick\template\parser\ast\ALU.java,410
JDK:java.base:N/A:N/A,ClassOrInterfaceType,java.util.Date,Date,C:\Users\tyin363\Documents\repos\subchen__jetbrick-template-2x\jetbrick-template\src\main\java\jetbrick\template\runtime\buildin\JetMethods.java,103
CLIENT:client-code:N/A:N/A,FieldAccessExpr,jetbrick.template.parser.ast.AstDirectiveBreak,conditionExpression,C:\Users\tyin363\Documents\repos\subchen__jetbrick-template-2x\jetbrick-template\src\main\java\jetbrick\template\parser\ast\AstDirectiveBreak.java,29
CLIENT:client-code:N/A:N/A,MethodCallExpr,jetbrick.template.parser.ast.AstExpression,execute,C:\Users\tyin363\Documents\repos\subchen__jetbrick-template-2x\jetbrick-template\src\main\java\jetbrick\template\parser\ast\AstDirectiveIf.java,38
CLIENT:client-code:N/A:N/A,ClassOrInterfaceType,jetbrick.template.parser.ast.Position,Position,C:\Users\tyin363\Documents\repos\subchen__jetbrick-template-2x\jetbrick-template\src\main\java\jetbrick\template\parser\ast\AstDirectiveFor.java,32
CLIENT:client-code:N/A:N/A,ClassOrInterfaceType,jetbrick.template.parser.SyntaxException,SyntaxException,C:\Users\tyin363\Documents\repos\subchen__jetbrick-template-2x\jetbrick-template\src\main\java\jetbrick\template\parser\AstCodeVisitor.java,836
JDK:java.base:N/A:N/A,MethodCallExpr,java.lang.StringBuilder,append,C:\Users\tyin363\Documents\repos\subchen__jetbrick-template-2x\jetbrick-template\src\main\java\jetbrick\template\Errors.java,152
CLIENT:client-code:N/A:N/A,NameExpr,jetbrick.template.runtime.TemplateStack,current,C:\Users\tyin363\Documents\repos\subchen__jetbrick-template-2x\jetbrick-template\src\main\java\jetbrick\template\runtime\TemplateStack.java,50
JDK:java.base:N/A:N/A,ClassOrInterfaceType,java.lang.String,String,C:\Users\tyin363\Documents\repos\subchen__jetbrick-template-2x\jetbrick-template\src\main\java\jetbrick\template\Errors.java,77
JDK:java.base:N/A:N/A,ClassOrInterfaceType,java.lang.String,String,C:\Users\tyin363\Documents\repos\subchen__jetbrick-template-2x\jetbrick-template\src\main\java\jetbrick\template\runtime\buildin\JetMethods.java,286
CLIENT:client-code:N/A:N/A,MethodCallExpr,jetbrick.template.parser.ast.ALU,getNumberType,C:\Users\tyin363\Documents\repos\subchen__jetbrick-template-2x\jetbrick-template\src\main\java\jetbrick\template\parser\ast\ALU.java,146
CLIENT:client-code:N/A:N/A,ClassOrInterfaceType,jetbrick.template.parser.ast.Position,Position,C:\Users\tyin363\Documents\repos\subchen__jetbrick-template-2x\jetbrick-template\src\main\java\jetbrick\template\parser\ast\AstDirectiveBreak.java,27
CLIENT:client-code:N/A:N/A,ClassOrInterfaceType,jetbrick.template.parser.ast.AstExpression,AstExpression,C:\Users\tyin363\Documents\repos\subchen__jetbrick-template-2x\jetbrick-template\src\main\java\jetbrick\template\parser\ast\AstDirectiveStop.java,28
JDK:java.base:N/A:N/A,ClassOrInterfaceType,java.lang.Class,Class,C:\Users\tyin363\Documents\repos\subchen__jetbrick-template-2x\jetbrick-template\src\main\java\jetbrick\template\resolver\tag\TagInvoker.java,29
JDK:java.base:N/A:N/A,ClassOrInterfaceType,java.lang.String,String,C:\Users\tyin363\Documents\repos\subchen__jetbrick-template-2x\jetbrick-template\src\main\java\jetbrick\template\parser\ast\AstDirectiveTag.java,30
JDK:java.base:N/A:N/A,ClassOrInterfaceType,java.lang.IllegalStateException,IllegalStateException,C:\Users\tyin363\Documents\repos\subchen__jetbrick-template-2x\jetbrick-template\src\main\java\jetbrick\template\parser\ast\ALU.java,341
CLIENT:client-code:N/A:N/A,MethodCallExpr,jetbrick.template.parser.ParserContext,setSafecall,C:\Users\tyin363\Documents\repos\subchen__jetbrick-template-2x\jetbrick-template\src\main\java\jetbrick\template\parser\AstCodeVisitor.java,186
JDK:java.base:N/A:N/A,ClassOrInterfaceType,java.lang.StringBuilder,StringBuilder,C:\Users\tyin363\Documents\repos\subchen__jetbrick-template-2x\jetbrick-template\src\main\java\jetbrick\template\resolver\SignatureUtils.java,50
CLIENT:client-code:N/A:N/A,FieldAccessExpr,jetbrick.template.Errors,OPERATION_UNARY_UNDEFINED,C:\Users\tyin363\Documents\repos\subchen__jetbrick-template-2x\jetbrick-template\src\main\java\jetbrick\template\parser\ast\ALU.java,190
JDK:java.base:N/A:N/A,MethodCallExpr,java.lang.String,length,C:\Users\tyin363\Documents\repos\subchen__jetbrick-template-2x\jetbrick-template\src\main\java\jetbrick\template\parser\ast\AstText.java,191
JDK:java.base:N/A:N/A,ClassOrInterfaceType,java.lang.Number,Number,C:\Users\tyin363\Documents\repos\subchen__jetbrick-template-2x\jetbrick-template\src\main\java\jetbrick\template\parser\ast\ALU.java,497
CLIENT:client-code:N/A:N/A,ObjectCreationExpr,jetbrick.template.parser.ast.AstText,AstText,C:\Users\tyin363\Documents\repos\subchen__jetbrick-template-2x\jetbrick-template\src\main\java\jetbrick\template\parser\AstCodeVisitor.java,134
JDK:java.base:N/A:N/A,ClassOrInterfaceType,java.lang.String,String,C:\Users\tyin363\Documents\repos\subchen__jetbrick-template-2x\jetbrick-template\src\main\java\jetbrick\template\Errors.java,57
CLIENT:client-code:N/A:N/A,FieldAccessExpr,jetbrick.template.resolver.clazz.ClassResolver,importedPackageList,C:\Users\tyin363\Documents\repos\subchen__jetbrick-template-2x\jetbrick-template\src\main\java\jetbrick\template\resolver\clazz\ClassResolver.java,45
CLIENT:client-code:N/A:N/A,ClassOrInterfaceType,jetbrick.template.JetAnnotations.Methods,Methods,C:\Users\tyin363\Documents\repos\subchen__jetbrick-template-2x\jetbrick-template\src\main\java\jetbrick\template\resolver\GlobalResolver.java,83
JDK:java.base:N/A:N/A,ClassOrInterfaceType,java.lang.String,String,C:\Users\tyin363\Documents\repos\subchen__jetbrick-template-2x\jetbrick-template\src\main\java\jetbrick\template\resolver\tag\TagInvokerResolver.java,68
CLIENT:client-code:N/A:N/A,FieldAccessExpr,jetbrick.template.parser.ast.AstConstantMap,entries,C:\Users\tyin363\Documents\repos\subchen__jetbrick-template-2x\jetbrick-template\src\main\java\jetbrick\template\parser\ast\AstConstantMap.java,33
JDK:java.base:N/A:N/A,ClassOrInterfaceType,java.lang.Class,Class,C:\Users\tyin363\Documents\repos\subchen__jetbrick-template-2x\jetbrick-template\src\main\java\jetbrick\template\parser\ast\ALU.java,218
CLIENT:client-code:N/A:N/A,ClassOrInterfaceType,jetbrick.template.runtime.InterpretContext,InterpretContext,C:\Users\tyin363\Documents\repos\subchen__jetbrick-template-2x\jetbrick-template\src\main\java\jetbrick\template\parser\ast\AstText.java,204
org.antlr:antlr4-runtime:jar:4.10.1,MethodCallExpr,org.antlr.v4.runtime.Token,getCharPositionInLine,C:\Users\tyin363\Documents\repos\subchen__jetbrick-template-2x\jetbrick-template\src\main\java\jetbrick\template\parser\AstCodeVisitor.java,421
JDK:java.base:N/A:N/A,MethodCallExpr,java.lang.reflect.Field,getDeclaringClass,C:\Users\tyin363\Documents\repos\subchen__jetbrick-template-2x\jetbrick-template\src\main\java\jetbrick\template\JetSecurityManagerImpl.java,146
JDK:java.base:N/A:N/A,ClassOrInterfaceType,java.util.Map,Map,C:\Users\tyin363\Documents\repos\subchen__jetbrick-template-2x\jetbrick-template\src\main\java\jetbrick\template\runtime\JetForIterator.java,59
CLIENT:client-code:N/A:N/A,ClassOrInterfaceType,jetbrick.template.runtime.InterpretContext,InterpretContext,C:\Users\tyin363\Documents\repos\subchen__jetbrick-template-2x\jetbrick-template\src\main\java\jetbrick\template\parser\ast\AstConstantMapEntry.java,36
CLIENT:client-code:N/A:N/A,MethodCallExpr,jetbrick.template.parser.ast.AstTemplate,execute,C:\Users\tyin363\Documents\repos\subchen__jetbrick-template-2x\jetbrick-template\src\main\java\jetbrick\template\runtime\InterpretContextImpl.java,132
CLIENT:client-code:N/A:N/A,ClassOrInterfaceType,jetbrick.template.JetSecurityManager,JetSecurityManager,C:\Users\tyin363\Documents\repos\subchen__jetbrick-template-2x\jetbrick-template\src\main\java\jetbrick\template\JetTemplateImpl.java,222
com.github.subchen:jetbrick-commons:jar:2.1.9,MethodCallExpr,jetbrick.bean.KlassInfo,getDeclaredMethods,C:\Users\tyin363\Documents\repos\subchen__jetbrick-template-2x\jetbrick-template\src\main\java\jetbrick\template\resolver\tag\TagInvokerResolver.java,52
JDK:java.base:N/A:N/A,ClassOrInterfaceType,java.lang.String,String,C:\Users\tyin363\Documents\repos\subchen__jetbrick-template-2x\jetbrick-template\src\main\java\jetbrick\template\parser\ast\AstInvokeFieldStatic.java,53
CLIENT:client-code:N/A:N/A,ObjectCreationExpr,jetbrick.template.parser.ast.Position,Position,C:\Users\tyin363\Documents\repos\subchen__jetbrick-template-2x\jetbrick-template\src\main\java\jetbrick\template\parser\AstBuilder.java,93
CLIENT:client-code:N/A:N/A,MethodCallExpr,jetbrick.template.parser.SyntaxException,set,C:\Users\tyin363\Documents\repos\subchen__jetbrick-template-2x\jetbrick-template\src\main\java\jetbrick\template\parser\AstCodeVisitor.java,471
JDK:java.base:N/A:N/A,ClassOrInterfaceType,java.lang.Object,Object,C:\Users\tyin363\Documents\repos\subchen__jetbrick-template-2x\jetbrick-template\src\main\java\jetbrick\template\parser\ast\AstConstantList.java,34
com.github.subchen:jetbrick-commons:jar:2.1.9,ClassOrInterfaceType,jetbrick.io.resource.ResourceNotFoundException,ResourceNotFoundException,C:\Users\tyin363\Documents\repos\subchen__jetbrick-template-2x\jetbrick-template\src\main\java\jetbrick\template\JetEngine.java,142
CLIENT:client-code:N/A:N/A,NameExpr,jetbrick.template.parser.ast.AstText,text,C:\Users\tyin363\Documents\repos\subchen__jetbrick-template-2x\jetbrick-template\src\main\java\jetbrick\template\parser\ast\AstText.java,194
CLIENT:client-code:N/A:N/A,ClassOrInterfaceType,jetbrick.template.parser.ast.AstStatementList,AstStatementList,C:\Users\tyin363\Documents\repos\subchen__jetbrick-template-2x\jetbrick-template\src\main\java\jetbrick\template\parser\AstCodeVisitor.java,270
JDK:java.base:N/A:N/A,ClassOrInterfaceType,java.lang.Number,Number,C:\Users\tyin363\Documents\repos\subchen__jetbrick-template-2x\jetbrick-template\src\main\java\jetbrick\template\parser\ast\ALU.java,496
JDK:java.base:N/A:N/A,ClassOrInterfaceType,java.lang.Class,Class,C:\Users\tyin363\Documents\repos\subchen__jetbrick-template-2x\jetbrick-template\src\main\java\jetbrick\template\JetGlobalContext.java,50
CLIENT:client-code:N/A:N/A,MethodCallExpr,jetbrick.template.resolver.function.FunctionInvokerResolver,register,C:\Users\tyin363\Documents\repos\subchen__jetbrick-template-2x\jetbrick-template\src\main\java\jetbrick\template\resolver\GlobalResolver.java,141
JDK:java.base:N/A:N/A,ClassOrInterfaceType,java.lang.String,String,C:\Users\tyin363\Documents\repos\subchen__jetbrick-template-2x\jetbrick-template\src\main\java\jetbrick\template\resolver\GlobalResolver.java,111
JDK:java.base:N/A:N/A,ClassOrInterfaceType,java.util.List,List,C:\Users\tyin363\Documents\repos\subchen__jetbrick-template-2x\jetbrick-template\src\main\java\jetbrick\template\runtime\JetForIterator.java,68
JDK:java.base:N/A:N/A,ClassOrInterfaceType,java.lang.String,String,C:\Users\tyin363\Documents\repos\subchen__jetbrick-template-2x\jetbrick-template\src\main\java\jetbrick\template\Errors.java,58
JDK:java.base:N/A:N/A,ClassOrInterfaceType,java.lang.Class,Class,C:\Users\tyin363\Documents\repos\subchen__jetbrick-template-2x\jetbrick-template\src\main\java\jetbrick\template\parser\ast\ALU.java,219
CLIENT:client-code:N/A:N/A,NameExpr,jetbrick.template.parser.ast.AstOperatorEquals,rhs,C:\Users\tyin363\Documents\repos\subchen__jetbrick-template-2x\jetbrick-template\src\main\java\jetbrick\template\parser\ast\AstOperatorEquals.java,44
CLIENT:client-code:N/A:N/A,MethodCallExpr,jetbrick.template.parser.AstCodeVisitor,pos,C:\Users\tyin363\Documents\repos\subchen__jetbrick-template-2x\jetbrick-template\src\main\java\jetbrick\template\parser\AstCodeVisitor.java,836
com.github.subchen:jetbrick-commons:jar:2.1.9,MethodCallExpr,jetbrick.io.resource.Resource,getRelativePathName,C:\Users\tyin363\Documents\repos\subchen__jetbrick-template-2x\jetbrick-template\src\main\java\jetbrick\template\JetTemplateImpl.java,75
JDK:java.base:N/A:N/A,ClassOrInterfaceType,java.lang.Long,Long,C:\Users\tyin363\Documents\repos\subchen__jetbrick-template-2x\jetbrick-template\src\main\java\jetbrick\template\parser\ast\ALU.java,200
com.github.subchen:jetbrick-commons:jar:2.1.9,ClassOrInterfaceType,jetbrick.io.resource.ResourceNotFoundException,ResourceNotFoundException,C:\Users\tyin363\Documents\repos\subchen__jetbrick-template-2x\jetbrick-template\src\main\java\jetbrick\template\runtime\buildin\JetFunctions.java,71
JDK:java.base:N/A:N/A,MethodCallExpr,java.lang.Long,valueOf,C:\Users\tyin363\Documents\repos\subchen__jetbrick-template-2x\jetbrick-template\src\main\java\jetbrick\template\runtime\buildin\JetMethods.java,76
CLIENT:client-code:N/A:N/A,NameExpr,jetbrick.template.runtime.writer.JetWriterPrinterEx,charset,C:\Users\tyin363\Documents\repos\subchen__jetbrick-template-2x\jetbrick-template\src\main\java\jetbrick\template\runtime\writer\JetWriterPrinterEx.java,48
JDK:java.base:N/A:N/A,ClassOrInterfaceType,java.lang.String,String,C:\Users\tyin363\Documents\repos\subchen__jetbrick-template-2x\jetbrick-template\src\main\java\jetbrick\template\runtime\ValueContext.java,86
CLIENT:client-code:N/A:N/A,MethodCallExpr,jetbrick.template.Errors,format,C:\Users\tyin363\Documents\repos\subchen__jetbrick-template-2x\jetbrick-template\src\main\java\jetbrick\template\parser\ast\ALU.java,315
CLIENT:client-code:N/A:N/A,MethodCallExpr,jetbrick.template.Errors,format,C:\Users\tyin363\Documents\repos\subchen__jetbrick-template-2x\jetbrick-template\src\main\java\jetbrick\template\resolver\macro\MacroResolver.java,48
com.github.subchen:jetbrick-commons:jar:2.1.9,MethodCallExpr,jetbrick.config.Config,asBoolean,C:\Users\tyin363\Documents\repos\subchen__jetbrick-template-2x\jetbrick-template\src\main\java\jetbrick\template\JetConfig.java,117
JDK:java.base:N/A:N/A,MethodCallExpr,java.util.Map,put,C:\Users\tyin363\Documents\repos\subchen__jetbrick-template-2x\jetbrick-template\src\main\java\jetbrick\template\resolver\property\DefaultGetterResolver.java,59
CLIENT:client-code:N/A:N/A,MethodCallExpr,jetbrick.template.runtime.ValueContext,getLocal,C:\Users\tyin363\Documents\repos\subchen__jetbrick-template-2x\jetbrick-template\src\main\java\jetbrick\template\runtime\ValueStack.java,87
CLIENT:client-code:N/A:N/A,ClassOrInterfaceType,jetbrick.template.parser.ast.AstExpression,AstExpression,C:\Users\tyin363\Documents\repos\subchen__jetbrick-template-2x\jetbrick-template\src\main\java\jetbrick\template\parser\ast\AstDirectiveStop.java,26
JDK:java.base:N/A:N/A,ClassOrInterfaceType,java.lang.Object,Object,C:\Users\tyin363\Documents\repos\subchen__jetbrick-template-2x\jetbrick-template\src\main\java\jetbrick\template\parser\ast\AstConstantList.java,35
JDK:java.base:N/A:N/A,MethodCallExpr,java.lang.StringBuilder,append,C:\Users\tyin363\Documents\repos\subchen__jetbrick-template-2x\jetbrick-template\src\main\java\jetbrick\template\Errors.java,155
JDK:java.base:N/A:N/A,ClassOrInterfaceType,java.lang.Object,Object,C:\Users\tyin363\Documents\repos\subchen__jetbrick-template-2x\jetbrick-template\src\main\java\jetbrick\template\parser\ast\AstInvokeIndexGet.java,43
CLIENT:client-code:N/A:N/A,ObjectCreationExpr,jetbrick.template.resolver.GlobalResolver,GlobalResolver,C:\Users\tyin363\Documents\repos\subchen__jetbrick-template-2x\jetbrick-template\src\main\java\jetbrick\template\JetEngineImpl.java,164
JDK:java.base:N/A:N/A,ClassOrInterfaceType,java.lang.Throwable,Throwable,C:\Users\tyin363\Documents\repos\subchen__jetbrick-template-2x\jetbrick-template\src\main\java\jetbrick\template\parser\SyntaxException.java,43
CLIENT:client-code:N/A:N/A,ClassOrInterfaceType,jetbrick.template.parser.SyntaxException,SyntaxException,C:\Users\tyin363\Documents\repos\subchen__jetbrick-template-2x\jetbrick-template\src\main\java\jetbrick\template\parser\AstCodeVisitor.java,864
CLIENT:client-code:N/A:N/A,NameExpr,jetbrick.template.parser.ast.AstInvokeFieldStatic,cls,C:\Users\tyin363\Documents\repos\subchen__jetbrick-template-2x\jetbrick-template\src\main\java\jetbrick\template\parser\ast\AstInvokeFieldStatic.java,48
JDK:java.base:N/A:N/A,MethodCallExpr,java.util.Map,put,C:\Users\tyin363\Documents\repos\subchen__jetbrick-template-2x\jetbrick-template\src\main\java\jetbrick\template\resolver\method\MethodInvokerResolver.java,108
CLIENT:client-code:N/A:N/A,NameExpr,jetbrick.template.runtime.writer.JetOutputStreamPrinter,error,C:\Users\tyin363\Documents\repos\subchen__jetbrick-template-2x\jetbrick-template\src\main\java\jetbrick\template\runtime\writer\JetOutputStreamPrinter.java,107
JDK:java.base:N/A:N/A,MethodCallExpr,java.lang.String,getBytes,C:\Users\tyin363\Documents\repos\subchen__jetbrick-template-2x\jetbrick-template\src\main\java\jetbrick\template\runtime\writer\JetOutputStreamPrinter.java,119
CLIENT:client-code:N/A:N/A,ClassOrInterfaceType,jetbrick.template.runtime.InterpretContext,InterpretContext,C:\Users\tyin363\Documents\repos\subchen__jetbrick-template-2x\jetbrick-template\src\main\java\jetbrick\template\runtime\JetTagContext.java,61
JDK:java.base:N/A:N/A,ClassOrInterfaceType,java.lang.String,String,C:\Users\tyin363\Documents\repos\subchen__jetbrick-template-2x\jetbrick-template\src\main\java\jetbrick\template\Errors.java,55
JDK:java.base:N/A:N/A,ClassOrInterfaceType,java.lang.Object,Object,C:\Users\tyin363\Documents\repos\subchen__jetbrick-template-2x\jetbrick-template\src\main\java\jetbrick\template\parser\ast\ALU.java,186
JDK:java.base:N/A:N/A,ClassOrInterfaceType,java.lang.InheritableThreadLocal,InheritableThreadLocal,C:\Users\tyin363\Documents\repos\subchen__jetbrick-template-2x\jetbrick-template\src\main\java\jetbrick\template\runtime\InterpretContext.java,31
org.antlr:antlr4-runtime:jar:4.10.1,ClassOrInterfaceType,org.antlr.v4.runtime.Token,Token,C:\Users\tyin363\Documents\repos\subchen__jetbrick-template-2x\jetbrick-template\src\main\java\jetbrick\template\parser\AstCodeVisitor.java,420
CLIENT:client-code:N/A:N/A,NameExpr,jetbrick.template.runtime.ValueStack,globalContext,C:\Users\tyin363\Documents\repos\subchen__jetbrick-template-2x\jetbrick-template\src\main\java\jetbrick\template\runtime\ValueStack.java,140
JDK:java.base:N/A:N/A,ClassOrInterfaceType,java.util.Map,Map,C:\Users\tyin363\Documents\repos\subchen__jetbrick-template-2x\jetbrick-template\src\main\java\jetbrick\template\JetTemplateImpl.java,145
JDK:java.base:N/A:N/A,ClassOrInterfaceType,java.lang.RuntimeException,RuntimeException,C:\Users\tyin363\Documents\repos\subchen__jetbrick-template-2x\jetbrick-template\src\main\java\jetbrick\template\parser\ast\AstInvokeNewArray.java,48
JDK:java.base:N/A:N/A,ClassOrInterfaceType,java.util.EmptyStackException,EmptyStackException,C:\Users\tyin363\Documents\repos\subchen__jetbrick-template-2x\jetbrick-template\src\main\java\jetbrick\template\runtime\ValueStack.java,72
JDK:java.base:N/A:N/A,ClassOrInterfaceType,java.util.Map,Map,C:\Users\tyin363\Documents\repos\subchen__jetbrick-template-2x\jetbrick-template\src\main\java\jetbrick\template\runtime\JetForIterator.java,57
CLIENT:client-code:N/A:N/A,ClassOrInterfaceType,jetbrick.template.parser.ast.Position,Position,C:\Users\tyin363\Documents\repos\subchen__jetbrick-template-2x\jetbrick-template\src\main\java\jetbrick\template\parser\AstCodeVisitor.java,892
CLIENT:client-code:N/A:N/A,ClassOrInterfaceType,jetbrick.template.parser.ast.AstDirectiveIf,AstDirectiveIf,C:\Users\tyin363\Documents\repos\subchen__jetbrick-template-2x\jetbrick-template\src\main\java\jetbrick\template\parser\AstCodeVisitor.java,268
CLIENT:client-code:N/A:N/A,NameExpr,jetbrick.template.parser.ast.AstIdentifier,name,C:\Users\tyin363\Documents\repos\subchen__jetbrick-template-2x\jetbrick-template\src\main\java\jetbrick\template\parser\ast\AstIdentifier.java,39
CLIENT:client-code:N/A:N/A,MethodCallExpr,jetbrick.template.JetGlobalContext,getType,C:\Users\tyin363\Documents\repos\subchen__jetbrick-template-2x\jetbrick-template\src\main\java\jetbrick\template\parser\ParserContext.java,201
JDK:java.base:N/A:N/A,ClassOrInterfaceType,java.lang.String,String,C:\Users\tyin363\Documents\repos\subchen__jetbrick-template-2x\jetbrick-template\src\main\java\jetbrick\template\runtime\buildin\JetMethods.java,258
CLIENT:client-code:N/A:N/A,NameExpr,jetbrick.template.JetTemplateImpl,engine,C:\Users\tyin363\Documents\repos\subchen__jetbrick-template-2x\jetbrick-template\src\main\java\jetbrick\template\JetTemplateImpl.java,181
JDK:java.base:N/A:N/A,ClassOrInterfaceType,java.lang.Object,Object,C:\Users\tyin363\Documents\repos\subchen__jetbrick-template-2x\jetbrick-template\src\main\java\jetbrick\template\JetTemplateImpl.java,139
JDK:java.base:N/A:N/A,ClassOrInterfaceType,java.lang.Number,Number,C:\Users\tyin363\Documents\repos\subchen__jetbrick-template-2x\jetbrick-template\src\main\java\jetbrick\template\parser\ast\ALU.java,498
CLIENT:client-code:N/A:N/A,NameExpr,jetbrick.template.parser.ast.ALU,FLOAT,C:\Users\tyin363\Documents\repos\subchen__jetbrick-template-2x\jetbrick-template\src\main\java\jetbrick\template\parser\ast\ALU.java,52
JDK:java.base:N/A:N/A,MethodCallExpr,java.lang.Number,longValue,C:\Users\tyin363\Documents\repos\subchen__jetbrick-template-2x\jetbrick-template\src\main\java\jetbrick\template\parser\ast\ALU.java,81
JDK:java.base:N/A:N/A,ClassOrInterfaceType,java.lang.Object,Object,C:\Users\tyin363\Documents\repos\subchen__jetbrick-template-2x\jetbrick-template\src\main\java\jetbrick\template\parser\ast\AstInvokeIndexGet.java,42
CLIENT:client-code:N/A:N/A,NameExpr,jetbrick.template.parser.ast.AstStatementList.ListIterator,list,C:\Users\tyin363\Documents\repos\subchen__jetbrick-template-2x\jetbrick-template\src\main\java\jetbrick\template\parser\ast\AstStatementList.java,263
JDK:java.base:N/A:N/A,ClassOrInterfaceType,java.lang.String,String,C:\Users\tyin363\Documents\repos\subchen__jetbrick-template-2x\jetbrick-template\src\main\java\jetbrick\template\parser\ast\AstText.java,39
com.github.subchen:jetbrick-commons:jar:2.1.9,MethodCallExpr,jetbrick.config.Config,asBoolean,C:\Users\tyin363\Documents\repos\subchen__jetbrick-template-2x\jetbrick-template\src\main\java\jetbrick\template\JetConfig.java,118
CLIENT:client-code:N/A:N/A,MethodCallExpr,jetbrick.template.JetConfig,isSyntaxSafecall,C:\Users\tyin363\Documents\repos\subchen__jetbrick-template-2x\jetbrick-template\src\main\java\jetbrick\template\JetTemplateImpl.java,105
JDK:java.base:N/A:N/A,ClassOrInterfaceType,java.lang.String,String,C:\Users\tyin363\Documents\repos\subchen__jetbrick-template-2x\jetbrick-template\src\main\java\jetbrick\template\Errors.java,56
org.antlr:antlr4-runtime:jar:4.10.1,MethodCallExpr,org.antlr.v4.runtime.ParserRuleContext,getStart,C:\Users\tyin363\Documents\repos\subchen__jetbrick-template-2x\jetbrick-template\src\main\java\jetbrick\template\parser\AstCodeVisitor.java,885
CLIENT:client-code:N/A:N/A,MethodCallExpr,jetbrick.template.parser.AstCodeVisitor,pos,C:\Users\tyin363\Documents\repos\subchen__jetbrick-template-2x\jetbrick-template\src\main\java\jetbrick\template\parser\AstCodeVisitor.java,839
JDK:java.base:N/A:N/A,ObjectCreationExpr,java.util.ArrayList,ArrayList,C:\Users\tyin363\Documents\repos\subchen__jetbrick-template-2x\jetbrick-template\src\main\java\jetbrick\template\runtime\JetForIterator.java,80
CLIENT:client-code:N/A:N/A,NameExpr,jetbrick.template.parser.ast.AstInvokeField,objectExpression,C:\Users\tyin363\Documents\repos\subchen__jetbrick-template-2x\jetbrick-template\src\main\java\jetbrick\template\parser\ast\AstInvokeField.java,47
CLIENT:client-code:N/A:N/A,NameExpr,jetbrick.template.runtime.ValueStack,globalContext,C:\Users\tyin363\Documents\repos\subchen__jetbrick-template-2x\jetbrick-template\src\main\java\jetbrick\template\runtime\ValueStack.java,139
CLIENT:client-code:N/A:N/A,ClassOrInterfaceType,jetbrick.template.parser.SyntaxException,SyntaxException,C:\Users\tyin363\Documents\repos\subchen__jetbrick-template-2x\jetbrick-template\src\main\java\jetbrick\template\parser\AstCodeVisitor.java,601
JDK:java.base:N/A:N/A,ObjectCreationExpr,java.util.HashMap,HashMap,C:\Users\tyin363\Documents\repos\subchen__jetbrick-template-2x\jetbrick-template\src\main\java\jetbrick\template\runtime\InterpretContextImpl.java,162
JDK:java.base:N/A:N/A,MethodCallExpr,java.lang.Number,intValue,C:\Users\tyin363\Documents\repos\subchen__jetbrick-template-2x\jetbrick-template\src\main\java\jetbrick\template\parser\ast\ALU.java,389
JDK:java.base:N/A:N/A,ClassOrInterfaceType,java.lang.IllegalStateException,IllegalStateException,C:\Users\tyin363\Documents\repos\subchen__jetbrick-template-2x\jetbrick-template\src\main\java\jetbrick\template\runtime\ValueStack.java,161
JDK:java.base:N/A:N/A,ObjectCreationExpr,java.io.File,File,C:\Users\tyin363\Documents\repos\subchen__jetbrick-template-2x\jetbrick-template\src\main\java\jetbrick\template\JetSecurityManagerImpl.java,50
com.github.subchen:jetbrick-commons:jar:2.1.9,MethodCallExpr,jetbrick.util.StringEscapeUtils,escapeXml,C:\Users\tyin363\Documents\repos\subchen__jetbrick-template-2x\jetbrick-template\src\main\java\jetbrick\template\parser\ast\AstValueEscaped.java,39
JDK:java.base:N/A:N/A,MethodCallExpr,java.util.List,get,C:\Users\tyin363\Documents\repos\subchen__jetbrick-template-2x\jetbrick-template\src\main\java\jetbrick\template\parser\ast\AstInvokeIndexGet.java,75
com.github.subchen:jetbrick-commons:jar:2.1.9,MethodCallExpr,jetbrick.config.Config,asObjectList,C:\Users\tyin363\Documents\repos\subchen__jetbrick-template-2x\jetbrick-template\src\main\java\jetbrick\template\JetConfig.java,112
CLIENT:client-code:N/A:N/A,NameExpr,jetbrick.template.parser.ast.AstStatementList.ListIterator,size,C:\Users\tyin363\Documents\repos\subchen__jetbrick-template-2x\jetbrick-template\src\main\java\jetbrick\template\parser\ast\AstStatementList.java,236
JDK:java.base:N/A:N/A,ClassOrInterfaceType,java.util.Map,Map,C:\Users\tyin363\Documents\repos\subchen__jetbrick-template-2x\jetbrick-template\src\main\java\jetbrick\template\runtime\JetForIterator.java,58
JDK:java.base:N/A:N/A,ClassOrInterfaceType,java.lang.Object,Object,C:\Users\tyin363\Documents\repos\subchen__jetbrick-template-2x\jetbrick-template\src\main\java\jetbrick\template\JetContext.java,41
CLIENT:client-code:N/A:N/A,MethodCallExpr,jetbrick.template.parser.ParserContext,getSymbols,C:\Users\tyin363\Documents\repos\subchen__jetbrick-template-2x\jetbrick-template\src\main\java\jetbrick\template\parser\AstCodeVisitor.java,435
CLIENT:client-code:N/A:N/A,NameExpr,jetbrick.template.runtime.ValueStack,UNUSED_INDEX,C:\Users\tyin363\Documents\repos\subchen__jetbrick-template-2x\jetbrick-template\src\main\java\jetbrick\template\runtime\ValueStack.java,71
CLIENT:client-code:N/A:N/A,FieldAccessExpr,jetbrick.template.parser.ast.AstInvokeIndexGet,objectExpression,C:\Users\tyin363\Documents\repos\subchen__jetbrick-template-2x\jetbrick-template\src\main\java\jetbrick\template\parser\ast\AstInvokeIndexGet.java,36
JDK:java.base:N/A:N/A,ClassOrInterfaceType,java.lang.String,String,C:\Users\tyin363\Documents\repos\subchen__jetbrick-template-2x\jetbrick-template\src\main\java\jetbrick\template\resolver\clazz\ClassResolver.java,96
CLIENT:client-code:N/A:N/A,NameExpr,jetbrick.template.JetEngineImpl,config,C:\Users\tyin363\Documents\repos\subchen__jetbrick-template-2x\jetbrick-template\src\main\java\jetbrick\template\JetEngineImpl.java,168
JDK:java.base:N/A:N/A,ClassOrInterfaceType,java.lang.String,String,C:\Users\tyin363\Documents\repos\subchen__jetbrick-template-2x\jetbrick-template\src\main\java\jetbrick\template\Errors.java,53
CLIENT:client-code:N/A:N/A,MethodCallExpr,jetbrick.template.runtime.ValueContext,setLocal,C:\Users\tyin363\Documents\repos\subchen__jetbrick-template-2x\jetbrick-template\src\main\java\jetbrick\template\runtime\ValueStack.java,103
com.github.subchen:jetbrick-commons:jar:2.1.9,MethodCallExpr,jetbrick.config.Config,asBoolean,C:\Users\tyin363\Documents\repos\subchen__jetbrick-template-2x\jetbrick-template\src\main\java\jetbrick\template\JetConfig.java,119
CLIENT:client-code:N/A:N/A,MethodCallExpr,jetbrick.template.parser.ast.AstStatementList.ListIterator,move,C:\Users\tyin363\Documents\repos\subchen__jetbrick-template-2x\jetbrick-template\src\main\java\jetbrick\template\parser\ast\AstStatementList.java,115
CLIENT:client-code:N/A:N/A,NameExpr,jetbrick.template.runtime.writer.JetWriterPrinter,os,C:\Users\tyin363\Documents\repos\subchen__jetbrick-template-2x\jetbrick-template\src\main\java\jetbrick\template\runtime\writer\JetWriterPrinter.java,77
JDK:java.base:N/A:N/A,ClassOrInterfaceType,java.lang.Class,Class,C:\Users\tyin363\Documents\repos\subchen__jetbrick-template-2x\jetbrick-template\src\main\java\jetbrick\template\JetTemplateMacro.java,56
CLIENT:client-code:N/A:N/A,MethodCallExpr,jetbrick.template.runtime.InterpretContext,doIncludeCall,C:\Users\tyin363\Documents\repos\subchen__jetbrick-template-2x\jetbrick-template\src\main\java\jetbrick\template\parser\ast\AstDirectiveInclude.java,67
CLIENT:client-code:N/A:N/A,MethodCallExpr,jetbrick.template.parser.ast.AstStatementList.ListIterator,reset,C:\Users\tyin363\Documents\repos\subchen__jetbrick-template-2x\jetbrick-template\src\main\java\jetbrick\template\parser\ast\AstStatementList.java,76
JDK:java.base:N/A:N/A,ClassOrInterfaceType,java.util.List,List,C:\Users\tyin363\Documents\repos\subchen__jetbrick-template-2x\jetbrick-template\src\main\java\jetbrick\template\parser\ast\AstExpressionList.java,31
CLIENT:client-code:N/A:N/A,NameExpr,jetbrick.template.runtime.writer.JetOutputStreamPrinter,os,C:\Users\tyin363\Documents\repos\subchen__jetbrick-template-2x\jetbrick-template\src\main\java\jetbrick\template\runtime\writer\JetOutputStreamPrinter.java,146
CLIENT:client-code:N/A:N/A,FieldAccessExpr,jetbrick.template.parser.ast.Tokens,PLUS,C:\Users\tyin363\Documents\repos\subchen__jetbrick-template-2x\jetbrick-template\src\main\java\jetbrick\template\parser\ast\AstOperatorBinary.java,75
JDK:java.base:N/A:N/A,ClassOrInterfaceType,java.lang.String,String,C:\Users\tyin363\Documents\repos\subchen__jetbrick-template-2x\jetbrick-template\src\main\java\jetbrick\template\parser\ast\AstDirectiveReturn.java,38
CLIENT:client-code:N/A:N/A,MethodCallExpr,jetbrick.template.JetTemplate,getOption,C:\Users\tyin363\Documents\repos\subchen__jetbrick-template-2x\jetbrick-template\src\main\java\jetbrick\template\parser\ast\AstInvokeIndexGet.java,45
CLIENT:client-code:N/A:N/A,FieldAccessExpr,jetbrick.template.parser.ast.AstInvokeFunction,unsafe,C:\Users\tyin363\Documents\repos\subchen__jetbrick-template-2x\jetbrick-template\src\main\java\jetbrick\template\parser\ast\AstInvokeFunction.java,42
CLIENT:client-code:N/A:N/A,MethodCallExpr,jetbrick.template.parser.ast.AstExpression,execute,C:\Users\tyin363\Documents\repos\subchen__jetbrick-template-2x\jetbrick-template\src\main\java\jetbrick\template\parser\ast\AstOperatorEquals.java,59
com.github.subchen:jetbrick-commons:jar:2.1.9,ClassOrInterfaceType,jetbrick.bean.KlassInfo,KlassInfo,C:\Users\tyin363\Documents\repos\subchen__jetbrick-template-2x\jetbrick-template\src\main\java\jetbrick\template\resolver\tag\TagInvokerResolver.java,50
JDK:java.base:N/A:N/A,MethodCallExpr,java.io.OutputStream,write,C:\Users\tyin363\Documents\repos\subchen__jetbrick-template-2x\jetbrick-template\src\main\java\jetbrick\template\runtime\writer\JetOutputStreamPrinter.java,105
CLIENT:client-code:N/A:N/A,ClassOrInterfaceType,jetbrick.template.parser.ast.AstExpression,AstExpression,C:\Users\tyin363\Documents\repos\subchen__jetbrick-template-2x\jetbrick-template\src\main\java\jetbrick\template\parser\ast\AstTernaryOperator.java,28
com.github.subchen:jetbrick-commons:jar:2.1.9,MethodCallExpr,jetbrick.config.Config,asObject,C:\Users\tyin363\Documents\repos\subchen__jetbrick-template-2x\jetbrick-template\src\main\java\jetbrick\template\JetConfig.java,114
CLIENT:client-code:N/A:N/A,ClassOrInterfaceType,jetbrick.template.parser.ast.Position,Position,C:\Users\tyin363\Documents\repos\subchen__jetbrick-template-2x\jetbrick-template\src\main\java\jetbrick\template\parser\AstCodeVisitor.java,886
JDK:java.base:N/A:N/A,ObjectCreationExpr,java.util.concurrent.ConcurrentHashMap,ConcurrentHashMap,C:\Users\tyin363\Documents\repos\subchen__jetbrick-template-2x\jetbrick-template\src\main\java\jetbrick\template\resolver\clazz\ClassResolver.java,46
JDK:java.base:N/A:N/A,MethodCallExpr,java.lang.Class,isAssignableFrom,C:\Users\tyin363\Documents\repos\subchen__jetbrick-template-2x\jetbrick-template\src\main\java\jetbrick\template\parser\ast\ALU.java,95
JDK:java.base:N/A:N/A,ClassOrInterfaceType,java.util.Map,Map,C:\Users\tyin363\Documents\repos\subchen__jetbrick-template-2x\jetbrick-template\src\main\java\jetbrick\template\JetTemplateImpl.java,139
JDK:java.base:N/A:N/A,ObjectCreationExpr,java.util.ArrayList,ArrayList,C:\Users\tyin363\Documents\repos\subchen__jetbrick-template-2x\jetbrick-template\src\main\java\jetbrick\template\runtime\buildin\JetMethods.java,121
CLIENT:client-code:N/A:N/A,MethodCallExpr,jetbrick.template.parser.ParserContext,setNullSafe,C:\Users\tyin363\Documents\repos\subchen__jetbrick-template-2x\jetbrick-template\src\main\java\jetbrick\template\parser\AstCodeVisitor.java,606
JDK:java.base:N/A:N/A,ObjectCreationExpr,java.lang.StringBuffer,StringBuffer,C:\Users\tyin363\Documents\repos\subchen__jetbrick-template-2x\jetbrick-template\src\main\java\jetbrick\template\resolver\function\FunctionInvokerResolver.java,71
CLIENT:client-code:N/A:N/A,MethodCallExpr,jetbrick.template.runtime.JetTagContext,getValueStack,C:\Users\tyin363\Documents\repos\subchen__jetbrick-template-2x\jetbrick-template\src\main\java\jetbrick\template\runtime\buildin\JetTags.java,48
com.github.subchen:jetbrick-commons:jar:2.1.9,MethodCallExpr,jetbrick.config.Config,asBoolean,C:\Users\tyin363\Documents\repos\subchen__jetbrick-template-2x\jetbrick-template\src\main\java\jetbrick\template\JetConfig.java,120
CLIENT:client-code:N/A:N/A,FieldAccessExpr,jetbrick.template.Errors,ARGUMENT_TYPE_MISSING,C:\Users\tyin363\Documents\repos\subchen__jetbrick-template-2x\jetbrick-template\src\main\java\jetbrick\template\parser\ParserContext.java,178
CLIENT:client-code:N/A:N/A,ClassOrInterfaceType,jetbrick.template.JetAnnotations,JetAnnotations,C:\Users\tyin363\Documents\repos\subchen__jetbrick-template-2x\jetbrick-template\src\main\java\jetbrick\template\resolver\GlobalResolver.java,83
CLIENT:client-code:N/A:N/A,NameExpr,jetbrick.template.runtime.ValueStack,index,C:\Users\tyin363\Documents\repos\subchen__jetbrick-template-2x\jetbrick-template\src\main\java\jetbrick\template\runtime\ValueStack.java,128
JDK:java.base:N/A:N/A,ClassOrInterfaceType,java.lang.String,String,C:\Users\tyin363\Documents\repos\subchen__jetbrick-template-2x\jetbrick-template\src\main\java\jetbrick\template\JetEngine.java,132
CLIENT:client-code:N/A:N/A,NameExpr,jetbrick.template.parser.ast.AstInvokeMethod,name,C:\Users\tyin363\Documents\repos\subchen__jetbrick-template-2x\jetbrick-template\src\main\java\jetbrick\template\parser\ast\AstInvokeMethod.java,80
JDK:java.base:N/A:N/A,ClassOrInterfaceType,java.lang.String,String,C:\Users\tyin363\Documents\repos\subchen__jetbrick-template-2x\jetbrick-template\src\main\java\jetbrick\template\Errors.java,54
com.github.subchen:jetbrick-commons:jar:2.1.9,MethodCallExpr,jetbrick.util.IdentifiedNameUtils,capitalize,C:\Users\tyin363\Documents\repos\subchen__jetbrick-template-2x\jetbrick-template\src\main\java\jetbrick\template\runtime\buildin\JetMethods.java,158
JDK:java.base:N/A:N/A,MethodCallExpr,java.lang.Object,getClass,C:\Users\tyin363\Documents\repos\subchen__jetbrick-template-2x\jetbrick-template\src\main\java\jetbrick\template\parser\ast\ALU.java,347
CLIENT:client-code:N/A:N/A,MethodCallExpr,jetbrick.template.runtime.InterpretContext,setSignal,C:\Users\tyin363\Documents\repos\subchen__jetbrick-template-2x\jetbrick-template\src\main\java\jetbrick\template\parser\ast\AstTemplate.java,40
CLIENT:client-code:N/A:N/A,MethodCallExpr,jetbrick.template.parser.AstCodeVisitor,pos,C:\Users\tyin363\Documents\repos\subchen__jetbrick-template-2x\jetbrick-template\src\main\java\jetbrick\template\parser\AstCodeVisitor.java,841
JDK:java.base:N/A:N/A,ClassOrInterfaceType,java.util.Map,Map,C:\Users\tyin363\Documents\repos\subchen__jetbrick-template-2x\jetbrick-template\src\main\java\jetbrick\template\runtime\ValueStack.java,37
CLIENT:client-code:N/A:N/A,NameExpr,jetbrick.template.runtime.writer.JetOutputStreamPrinterEx,os,C:\Users\tyin363\Documents\repos\subchen__jetbrick-template-2x\jetbrick-template\src\main\java\jetbrick\template\runtime\writer\JetOutputStreamPrinterEx.java,103
CLIENT:client-code:N/A:N/A,NameExpr,jetbrick.template.parser.ast.AstIdentifier,name,C:\Users\tyin363\Documents\repos\subchen__jetbrick-template-2x\jetbrick-template\src\main\java\jetbrick\template\parser\ast\AstIdentifier.java,44
CLIENT:client-code:N/A:N/A,ClassOrInterfaceType,jetbrick.template.parser.ast.AstExpression,AstExpression,C:\Users\tyin363\Documents\repos\subchen__jetbrick-template-2x\jetbrick-template\src\main\java\jetbrick\template\parser\ast\AstTernaryOperator.java,27
JDK:java.base:N/A:N/A,ClassOrInterfaceType,java.lang.Object,Object,C:\Users\tyin363\Documents\repos\subchen__jetbrick-template-2x\jetbrick-template\src\main\java\jetbrick\template\runtime\ValueStack.java,43
CLIENT:client-code:N/A:N/A,ObjectCreationExpr,jetbrick.template.parser.SyntaxException,SyntaxException,C:\Users\tyin363\Documents\repos\subchen__jetbrick-template-2x\jetbrick-template\src\main\java\jetbrick\template\parser\AstCodeVisitor.java,547
CLIENT:client-code:N/A:N/A,FieldAccessExpr,jetbrick.template.parser.ast.AstDirectiveNoop,INSTANCE,C:\Users\tyin363\Documents\repos\subchen__jetbrick-template-2x\jetbrick-template\src\main\java\jetbrick\template\parser\AstCodeVisitor.java,208
CLIENT:client-code:N/A:N/A,MethodCallExpr,jetbrick.template.parser.ast.ALU,le,C:\Users\tyin363\Documents\repos\subchen__jetbrick-template-2x\jetbrick-template\src\main\java\jetbrick\template\parser\ast\AstOperatorBinary.java,112
JDK:java.base:N/A:N/A,FieldAccessExpr,java.lang.Boolean,TRUE,C:\Users\tyin363\Documents\repos\subchen__jetbrick-template-2x\jetbrick-template\src\main\java\jetbrick\template\parser\ast\ALU.java,380
CLIENT:client-code:N/A:N/A,NameExpr,jetbrick.template.parser.ast.AstInvokeFunction,unsafe,C:\Users\tyin363\Documents\repos\subchen__jetbrick-template-2x\jetbrick-template\src\main\java\jetbrick\template\parser\ast\AstInvokeFunction.java,81
CLIENT:client-code:N/A:N/A,MethodCallExpr,jetbrick.template.parser.ast.AstInvokeMethod,doInvoke,C:\Users\tyin363\Documents\repos\subchen__jetbrick-template-2x\jetbrick-template\src\main\java\jetbrick\template\parser\ast\AstInvokeMethod.java,68
com.github.subchen:jetbrick-commons:jar:2.1.9,MethodCallExpr,jetbrick.config.Config,asBoolean,C:\Users\tyin363\Documents\repos\subchen__jetbrick-template-2x\jetbrick-template\src\main\java\jetbrick\template\JetConfig.java,121
JDK:java.base:N/A:N/A,ClassOrInterfaceType,java.lang.Number,Number,C:\Users\tyin363\Documents\repos\subchen__jetbrick-template-2x\jetbrick-template\src\main\java\jetbrick\template\parser\ast\ALU.java,239
CLIENT:client-code:N/A:N/A,MethodCallExpr,jetbrick.template.runtime.ValueStack,getValue,C:\Users\tyin363\Documents\repos\subchen__jetbrick-template-2x\jetbrick-template\src\main\java\jetbrick\template\parser\ast\AstDirectiveFor.java,49
CLIENT:client-code:N/A:N/A,NameExpr,jetbrick.template.parser.ast.AstTernaryOperator,falseExpression,C:\Users\tyin363\Documents\repos\subchen__jetbrick-template-2x\jetbrick-template\src\main\java\jetbrick\template\parser\ast\AstTernaryOperator.java,43
CLIENT:client-code:N/A:N/A,NameExpr,jetbrick.template.resolver.property.MapGetter,name,C:\Users\tyin363\Documents\repos\subchen__jetbrick-template-2x\jetbrick-template\src\main\java\jetbrick\template\resolver\property\MapGetter.java,41
CLIENT:client-code:N/A:N/A,FieldAccessExpr,jetbrick.template.Errors,CLASS_NOT_FOUND,C:\Users\tyin363\Documents\repos\subchen__jetbrick-template-2x\jetbrick-template\src\main\java\jetbrick\template\parser\AstCodeVisitor.java,800
JDK:java.base:N/A:N/A,ClassOrInterfaceType,java.util.List,List,C:\Users\tyin363\Documents\repos\subchen__jetbrick-template-2x\jetbrick-template\src\main\java\jetbrick\template\runtime\buildin\JetMethods.java,112
JDK:java.base:N/A:N/A,ClassOrInterfaceType,java.lang.String,String,C:\Users\tyin363\Documents\repos\subchen__jetbrick-template-2x\jetbrick-template\src\main\java\jetbrick\template\Errors.java,51
org.antlr:antlr4-runtime:jar:4.10.1,MethodCallExpr,org.antlr.v4.runtime.Token,getText,C:\Users\tyin363\Documents\repos\subchen__jetbrick-template-2x\jetbrick-template\src\main\java\jetbrick\template\parser\AstCodeVisitor.java,423
JDK:java.base:N/A:N/A,MethodCallExpr,java.lang.Number,intValue,C:\Users\tyin363\Documents\repos\subchen__jetbrick-template-2x\jetbrick-template\src\main\java\jetbrick\template\parser\ast\ALU.java,127
CLIENT:client-code:N/A:N/A,MethodCallExpr,jetbrick.template.parser.ast.AstExpression,execute,C:\Users\tyin363\Documents\repos\subchen__jetbrick-template-2x\jetbrick-template\src\main\java\jetbrick\template\parser\ast\AstOperatorEquals.java,56
CLIENT:client-code:N/A:N/A,ClassOrInterfaceType,jetbrick.template.JetAnnotations,JetAnnotations,C:\Users\tyin363\Documents\repos\subchen__jetbrick-template-2x\jetbrick-template\src\main\java\jetbrick\template\resolver\function\FunctionInvokerResolver.java,65
JDK:java.base:N/A:N/A,MethodCallExpr,java.lang.Object,getClass,C:\Users\tyin363\Documents\repos\subchen__jetbrick-template-2x\jetbrick-template\src\main\java\jetbrick\template\parser\ast\ALU.java,346
CLIENT:client-code:N/A:N/A,ClassOrInterfaceType,jetbrick.template.runtime.InterpretException,InterpretException,C:\Users\tyin363\Documents\repos\subchen__jetbrick-template-2x\jetbrick-template\src\main\java\jetbrick\template\parser\ast\AstInvokeField.java,81
JDK:java.base:N/A:N/A,MethodCallExpr,java.util.Enumeration,hasMoreElements,C:\Users\tyin363\Documents\repos\subchen__jetbrick-template-2x\jetbrick-template\src\main\java\jetbrick\template\parser\ast\ALU.java,530
JDK:java.base:N/A:N/A,ClassOrInterfaceType,java.lang.String,String,C:\Users\tyin363\Documents\repos\subchen__jetbrick-template-2x\jetbrick-template\src\main\java\jetbrick\template\runtime\InterpretContextImpl.java,145
CLIENT:client-code:N/A:N/A,NameExpr,jetbrick.template.parser.ast.AstText,line,C:\Users\tyin363\Documents\repos\subchen__jetbrick-template-2x\jetbrick-template\src\main\java\jetbrick\template\parser\ast\AstText.java,116
CLIENT:client-code:N/A:N/A,ClassOrInterfaceType,jetbrick.template.parser.ast.AstExpression,AstExpression,C:\Users\tyin363\Documents\repos\subchen__jetbrick-template-2x\jetbrick-template\src\main\java\jetbrick\template\parser\ast\AstTernaryOperator.java,30
CLIENT:client-code:N/A:N/A,ClassOrInterfaceType,jetbrick.template.parser.ast.AstExpression,AstExpression,C:\Users\tyin363\Documents\repos\subchen__jetbrick-template-2x\jetbrick-template\src\main\java\jetbrick\template\parser\AstCodeVisitor.java,632
CLIENT:client-code:N/A:N/A,FieldAccessExpr,jetbrick.template.parser.ast.AstInvokeNewArray,cls,C:\Users\tyin363\Documents\repos\subchen__jetbrick-template-2x\jetbrick-template\src\main\java\jetbrick\template\parser\ast\AstInvokeNewArray.java,36
CLIENT:client-code:N/A:N/A,FieldAccessExpr,jetbrick.template.runtime.writer.JetOutputStreamPrinterEx,os,C:\Users\tyin363\Documents\repos\subchen__jetbrick-template-2x\jetbrick-template\src\main\java\jetbrick\template\runtime\writer\JetOutputStreamPrinterEx.java,32
CLIENT:client-code:N/A:N/A,NameExpr,jetbrick.template.JetGlobalContext,symbols,C:\Users\tyin363\Documents\repos\subchen__jetbrick-template-2x\jetbrick-template\src\main\java\jetbrick\template\JetGlobalContext.java,38
CLIENT:client-code:N/A:N/A,NameExpr,jetbrick.template.parser.ast.AstText,text,C:\Users\tyin363\Documents\repos\subchen__jetbrick-template-2x\jetbrick-template\src\main\java\jetbrick\template\parser\ast\AstText.java,192
CLIENT:client-code:N/A:N/A,ClassOrInterfaceType,jetbrick.template.parser.ast.AstNode,AstNode,C:\Users\tyin363\Documents\repos\subchen__jetbrick-template-2x\jetbrick-template\src\main\java\jetbrick\template\parser\AstCodeVisitor.java,814
JDK:java.base:N/A:N/A,ClassOrInterfaceType,java.lang.String,String,C:\Users\tyin363\Documents\repos\subchen__jetbrick-template-2x\jetbrick-template\src\main\java\jetbrick\template\runtime\buildin\JetFunctions.java,90
CLIENT:client-code:N/A:N/A,MethodCallExpr,jetbrick.template.parser.ParserContext,setNullSafe,C:\Users\tyin363\Documents\repos\subchen__jetbrick-template-2x\jetbrick-template\src\main\java\jetbrick\template\parser\AstCodeVisitor.java,608
CLIENT:client-code:N/A:N/A,ClassOrInterfaceType,jetbrick.template.JetAnnotations,JetAnnotations,C:\Users\tyin363\Documents\repos\subchen__jetbrick-template-2x\jetbrick-template\src\main\java\jetbrick\template\resolver\GlobalResolver.java,85
JDK:java.base:N/A:N/A,ClassOrInterfaceType,java.lang.String,String,C:\Users\tyin363\Documents\repos\subchen__jetbrick-template-2x\jetbrick-template\src\main\java\jetbrick\template\runtime\buildin\JetFunctions.java,88
CLIENT:client-code:N/A:N/A,FieldAccessExpr,jetbrick.template.parser.ast.AstInvokeNewObject,type,C:\Users\tyin363\Documents\repos\subchen__jetbrick-template-2x\jetbrick-template\src\main\java\jetbrick\template\parser\ast\AstInvokeNewObject.java,38
JDK:java.base:N/A:N/A,ClassOrInterfaceType,java.lang.Double,Double,C:\Users\tyin363\Documents\repos\subchen__jetbrick-template-2x\jetbrick-template\src\main\java\jetbrick\template\parser\ast\ALU.java,202
CLIENT:client-code:N/A:N/A,FieldAccessExpr,jetbrick.template.parser.ast.Tokens,IDENTICALLY_EQUAL,C:\Users\tyin363\Documents\repos\subchen__jetbrick-template-2x\jetbrick-template\src\main\java\jetbrick\template\parser\AstCodeVisitor.java,587
JDK:java.base:N/A:N/A,ClassOrInterfaceType,java.lang.String,String,C:\Users\tyin363\Documents\repos\subchen__jetbrick-template-2x\jetbrick-template\src\main\java\jetbrick\template\Errors.java,52
CLIENT:client-code:N/A:N/A,ClassOrInterfaceType,jetbrick.template.loader.ResourceLoader,ResourceLoader,C:\Users\tyin363\Documents\repos\subchen__jetbrick-template-2x\jetbrick-template\src\main\java\jetbrick\template\JetEngineImpl.java,129
JDK:java.base:N/A:N/A,ClassOrInterfaceType,java.util.List,List,C:\Users\tyin363\Documents\repos\subchen__jetbrick-template-2x\jetbrick-template\src\main\java\jetbrick\template\runtime\buildin\JetMethods.java,111
JDK:java.base:N/A:N/A,ClassOrInterfaceType,java.lang.String,String,C:\Users\tyin363\Documents\repos\subchen__jetbrick-template-2x\jetbrick-template\src\main\java\jetbrick\template\parser\ast\AstInvokeMethod.java,39
JDK:java.base:N/A:N/A,ClassOrInterfaceType,java.lang.Object,Object,C:\Users\tyin363\Documents\repos\subchen__jetbrick-template-2x\jetbrick-template\src\main\java\jetbrick\template\resolver\property\MapGetter.java,40
JDK:java.base:N/A:N/A,ClassOrInterfaceType,java.lang.String,String,C:\Users\tyin363\Documents\repos\subchen__jetbrick-template-2x\jetbrick-template\src\main\java\jetbrick\template\runtime\buildin\JetMethods.java,262
CLIENT:client-code:N/A:N/A,MethodCallExpr,jetbrick.template.runtime.ValueStack,getValue,C:\Users\tyin363\Documents\repos\subchen__jetbrick-template-2x\jetbrick-template\src\main\java\jetbrick\template\parser\ast\AstDirectiveFor.java,50
com.github.subchen:jetbrick-commons:jar:2.1.9,MethodCallExpr,jetbrick.io.resource.ClasspathResource,exist,C:\Users\tyin363\Documents\repos\subchen__jetbrick-template-2x\jetbrick-template\src\main\java\jetbrick\template\loader\ClasspathResourceLoader.java,41
CLIENT:client-code:N/A:N/A,MethodCallExpr,jetbrick.template.resolver.property.DefaultGetterResolver,register,C:\Users\tyin363\Documents\repos\subchen__jetbrick-template-2x\jetbrick-template\src\main\java\jetbrick\template\resolver\GlobalResolver.java,105
CLIENT:client-code:N/A:N/A,NameExpr,jetbrick.template.JetConfig,templateLoaders,C:\Users\tyin363\Documents\repos\subchen__jetbrick-template-2x\jetbrick-template\src\main\java\jetbrick\template\JetConfig.java,160
CLIENT:client-code:N/A:N/A,NameExpr,jetbrick.template.parser.ast.AstOperatorBinary,operator,C:\Users\tyin363\Documents\repos\subchen__jetbrick-template-2x\jetbrick-template\src\main\java\jetbrick\template\parser\ast\AstOperatorBinary.java,60
CLIENT:client-code:N/A:N/A,ClassOrInterfaceType,jetbrick.template.parser.ast.AstExpressionList,AstExpressionList,C:\Users\tyin363\Documents\repos\subchen__jetbrick-template-2x\jetbrick-template\src\main\java\jetbrick\template\parser\ast\AstInvokeMethod.java,39
CLIENT:client-code:N/A:N/A,NameExpr,jetbrick.template.runtime.writer.TrimLeadingWhitespacesOutputStream,out,C:\Users\tyin363\Documents\repos\subchen__jetbrick-template-2x\jetbrick-template\src\main\java\jetbrick\template\runtime\writer\TrimLeadingWhitespacesOutputStream.java,77
CLIENT:client-code:N/A:N/A,FieldAccessExpr,jetbrick.template.runtime.InterpretContextImpl,valueStack,C:\Users\tyin363\Documents\repos\subchen__jetbrick-template-2x\jetbrick-template\src\main\java\jetbrick\template\runtime\InterpretContextImpl.java,45
JDK:java.base:N/A:N/A,ClassOrInterfaceType,java.lang.reflect.Field,Field,C:\Users\tyin363\Documents\repos\subchen__jetbrick-template-2x\jetbrick-template\src\main\java\jetbrick\template\JetSecurityManagerImpl.java,145
CLIENT:client-code:N/A:N/A,ClassOrInterfaceType,jetbrick.template.runtime.InterpretException,InterpretException,C:\Users\tyin363\Documents\repos\subchen__jetbrick-template-2x\jetbrick-template\src\main\java\jetbrick\template\parser\ast\AstTemplate.java,36
CLIENT:client-code:N/A:N/A,ClassOrInterfaceType,jetbrick.template.parser.Source,Source,C:\Users\tyin363\Documents\repos\subchen__jetbrick-template-2x\jetbrick-template\src\main\java\jetbrick\template\runtime\InterpretContext.java,56
CLIENT:client-code:N/A:N/A,NameExpr,jetbrick.template.parser.ast.AstText,text,C:\Users\tyin363\Documents\repos\subchen__jetbrick-template-2x\jetbrick-template\src\main\java\jetbrick\template\parser\ast\AstText.java,191
CLIENT:client-code:N/A:N/A,NameExpr,jetbrick.template.parser.ast.AstStatementList.ListIterator,size,C:\Users\tyin363\Documents\repos\subchen__jetbrick-template-2x\jetbrick-template\src\main\java\jetbrick\template\parser\ast\AstStatementList.java,240
JDK:java.base:N/A:N/A,MethodCallExpr,java.lang.Class,isAssignableFrom,C:\Users\tyin363\Documents\repos\subchen__jetbrick-template-2x\jetbrick-template\src\main\java\jetbrick\template\resolver\tag\TagInvokerResolver.java,55
JDK:java.base:N/A:N/A,MethodCallExpr,java.util.Map,put,C:\Users\tyin363\Documents\repos\subchen__jetbrick-template-2x\jetbrick-template\src\main\java\jetbrick\template\resolver\tag\TagInvokerResolver.java,91
CLIENT:client-code:N/A:N/A,FieldAccessExpr,jetbrick.template.JetEngineImpl,globalContext,C:\Users\tyin363\Documents\repos\subchen__jetbrick-template-2x\jetbrick-template\src\main\java\jetbrick\template\JetEngineImpl.java,63
CLIENT:client-code:N/A:N/A,NameExpr,jetbrick.template.resolver.method.MethodInvokerResolver,log,C:\Users\tyin363\Documents\repos\subchen__jetbrick-template-2x\jetbrick-template\src\main\java\jetbrick\template\resolver\method\MethodInvokerResolver.java,70
CLIENT:client-code:N/A:N/A,ClassOrInterfaceType,jetbrick.template.JetTemplate,JetTemplate,C:\Users\tyin363\Documents\repos\subchen__jetbrick-template-2x\jetbrick-template\src\main\java\jetbrick\template\runtime\TemplateStack.java,33
JDK:java.base:N/A:N/A,ClassOrInterfaceType,java.lang.Class,Class,C:\Users\tyin363\Documents\repos\subchen__jetbrick-template-2x\jetbrick-template\src\main\java\jetbrick\template\JetGlobalContext.java,59
CLIENT:client-code:N/A:N/A,ClassOrInterfaceType,jetbrick.template.parser.ast.AstNode,AstNode,C:\Users\tyin363\Documents\repos\subchen__jetbrick-template-2x\jetbrick-template\src\main\java\jetbrick\template\parser\AstCodeVisitor.java,551
JDK:java.base:N/A:N/A,ClassOrInterfaceType,java.lang.String,String,C:\Users\tyin363\Documents\repos\subchen__jetbrick-template-2x\jetbrick-template\src\main\java\jetbrick\template\parser\AstCodeVisitor.java,299
CLIENT:client-code:N/A:N/A,NameExpr,jetbrick.template.runtime.writer.JetOutputStreamPrinterEx,os,C:\Users\tyin363\Documents\repos\subchen__jetbrick-template-2x\jetbrick-template\src\main\java\jetbrick\template\runtime\writer\JetOutputStreamPrinterEx.java,92
CLIENT:client-code:N/A:N/A,MethodCallExpr,jetbrick.template.runtime.InterpretException,set,C:\Users\tyin363\Documents\repos\subchen__jetbrick-template-2x\jetbrick-template\src\main\java\jetbrick\template\parser\ast\AstInvokeMethodStatic.java,80
CLIENT:client-code:N/A:N/A,ClassOrInterfaceType,jetbrick.template.parser.ast.AstExpression,AstExpression,C:\Users\tyin363\Documents\repos\subchen__jetbrick-template-2x\jetbrick-template\src\main\java\jetbrick\template\parser\AstCodeVisitor.java,618
JDK:java.base:N/A:N/A,ClassOrInterfaceType,java.lang.IllegalStateException,IllegalStateException,C:\Users\tyin363\Documents\repos\subchen__jetbrick-template-2x\jetbrick-template\src\main\java\jetbrick\template\resolver\macro\MacroResolver.java,48
JDK:java.base:N/A:N/A,ClassOrInterfaceType,java.lang.String,String,C:\Users\tyin363\Documents\repos\subchen__jetbrick-template-2x\jetbrick-template\src\main\java\jetbrick\template\resolver\function\FunctionInvoker.java,33
CLIENT:client-code:N/A:N/A,NameExpr,jetbrick.template.resolver.function.FunctionInvokerResolver,functionMap,C:\Users\tyin363\Documents\repos\subchen__jetbrick-template-2x\jetbrick-template\src\main\java\jetbrick\template\resolver\function\FunctionInvokerResolver.java,87
CLIENT:client-code:N/A:N/A,MethodCallExpr,jetbrick.template.parser.ast.AstExpression,execute,C:\Users\tyin363\Documents\repos\subchen__jetbrick-template-2x\jetbrick-template\src\main\java\jetbrick\template\parser\ast\AstDirectiveReturn.java,43
CLIENT:client-code:N/A:N/A,MethodCallExpr,jetbrick.template.JetTemplate,getName,C:\Users\tyin363\Documents\repos\subchen__jetbrick-template-2x\jetbrick-template\src\main\java\jetbrick\template\runtime\buildin\JetFunctions.java,74
JDK:java.base:N/A:N/A,ClassOrInterfaceType,java.lang.String,String,C:\Users\tyin363\Documents\repos\subchen__jetbrick-template-2x\jetbrick-template\src\main\java\jetbrick\template\parser\ast\AstInvokeMethodStatic.java,33
JDK:java.base:N/A:N/A,MethodCallExpr,java.lang.Long,valueOf,C:\Users\tyin363\Documents\repos\subchen__jetbrick-template-2x\jetbrick-template\src\main\java\jetbrick\template\parser\ast\ALU.java,152
JDK:java.base:N/A:N/A,ClassOrInterfaceType,java.lang.Object,Object,C:\Users\tyin363\Documents\repos\subchen__jetbrick-template-2x\jetbrick-template\src\main\java\jetbrick\template\parser\ast\AstDirectiveCall.java,43
JDK:java.base:N/A:N/A,ClassOrInterfaceType,java.lang.Comparable,Comparable,C:\Users\tyin363\Documents\repos\subchen__jetbrick-template-2x\jetbrick-template\src\main\java\jetbrick\template\parser\ast\ALU.java,425
CLIENT:client-code:N/A:N/A,ClassOrInterfaceType,jetbrick.template.JetAnnotations,JetAnnotations,C:\Users\tyin363\Documents\repos\subchen__jetbrick-template-2x\jetbrick-template\src\main\java\jetbrick\template\resolver\GlobalResolver.java,70
CLIENT:client-code:N/A:N/A,NameExpr,jetbrick.template.runtime.TemplateStack,current,C:\Users\tyin363\Documents\repos\subchen__jetbrick-template-2x\jetbrick-template\src\main\java\jetbrick\template\runtime\TemplateStack.java,61
com.github.subchen:jetbrick-commons:jar:2.1.9,MethodCallExpr,jetbrick.bean.MethodInfo,invoke,C:\Users\tyin363\Documents\repos\subchen__jetbrick-template-2x\jetbrick-template\src\main\java\jetbrick\template\resolver\property\PropertyGetter.java,44
JDK:java.base:N/A:N/A,ClassOrInterfaceType,java.lang.String,String,C:\Users\tyin363\Documents\repos\subchen__jetbrick-template-2x\jetbrick-template\src\main\java\jetbrick\template\Errors.java,66
JDK:java.base:N/A:N/A,ClassOrInterfaceType,java.lang.String,String,C:\Users\tyin363\Documents\repos\subchen__jetbrick-template-2x\jetbrick-template\src\main\java\jetbrick\template\loader\ClasspathResourceLoader.java,35
JDK:java.base:N/A:N/A,MethodCallExpr,java.lang.String,substring,C:\Users\tyin363\Documents\repos\subchen__jetbrick-template-2x\jetbrick-template\src\main\java\jetbrick\template\loader\ClasspathResourceLoader.java,37
CLIENT:client-code:N/A:N/A,ClassOrInterfaceType,jetbrick.template.resolver.tag.TagInvoker,TagInvoker,C:\Users\tyin363\Documents\repos\subchen__jetbrick-template-2x\jetbrick-template\src\main\java\jetbrick\template\parser\ast\AstDirectiveTag.java,54
CLIENT:client-code:N/A:N/A,FieldAccessExpr,jetbrick.template.Errors,OPERATION_BINARY_UNDEFINED,C:\Users\tyin363\Documents\repos\subchen__jetbrick-template-2x\jetbrick-template\src\main\java\jetbrick\template\parser\ast\ALU.java,270
CLIENT:client-code:N/A:N/A,ObjectCreationExpr,jetbrick.template.parser.ast.AstStatementList,AstStatementList,C:\Users\tyin363\Documents\repos\subchen__jetbrick-template-2x\jetbrick-template\src\main\java\jetbrick\template\parser\AstCodeVisitor.java,234
JDK:java.base:N/A:N/A,MethodCallExpr,java.nio.charset.Charset,name,C:\Users\tyin363\Documents\repos\subchen__jetbrick-template-2x\jetbrick-template\src\main\java\jetbrick\template\runtime\buildin\JetFunctions.java,90
CLIENT:client-code:N/A:N/A,ClassOrInterfaceType,jetbrick.template.parser.ast.AstDirective,AstDirective,C:\Users\tyin363\Documents\repos\subchen__jetbrick-template-2x\jetbrick-template\src\main\java\jetbrick\template\parser\ast\AstDirectiveStop.java,25
CLIENT:client-code:N/A:N/A,ClassOrInterfaceType,jetbrick.template.parser.ast.AstExpression,AstExpression,C:\Users\tyin363\Documents\repos\subchen__jetbrick-template-2x\jetbrick-template\src\main\java\jetbrick\template\parser\ast\AstDirectiveFor.java,32
org.antlr:antlr4-runtime:jar:4.10.1,ClassOrInterfaceType,org.antlr.v4.runtime.tree.ParseTree,ParseTree,C:\Users\tyin363\Documents\repos\subchen__jetbrick-template-2x\jetbrick-template\src\main\java\jetbrick\template\parser\AstCodeVisitor.java,880
CLIENT:client-code:N/A:N/A,MethodCallExpr,jetbrick.template.resolver.GlobalResolver,resolveMethod,C:\Users\tyin363\Documents\repos\subchen__jetbrick-template-2x\jetbrick-template\src\main\java\jetbrick\template\parser\ast\AstInvokeMethodStatic.java,64
JDK:java.base:N/A:N/A,MethodCallExpr,java.lang.Class,getName,C:\Users\tyin363\Documents\repos\subchen__jetbrick-template-2x\jetbrick-template\src\main\java\jetbrick\template\JetEngineImpl.java,58
JDK:java.base:N/A:N/A,ClassOrInterfaceType,java.util.Enumeration,Enumeration,C:\Users\tyin363\Documents\repos\subchen__jetbrick-template-2x\jetbrick-template\src\main\java\jetbrick\template\parser\ast\ALU.java,530
CLIENT:client-code:N/A:N/A,ClassOrInterfaceType,jetbrick.template.parser.ast.AstExpression,AstExpression,C:\Users\tyin363\Documents\repos\subchen__jetbrick-template-2x\jetbrick-template\src\main\java\jetbrick\template\parser\AstCodeVisitor.java,619
JDK:java.base:N/A:N/A,ClassOrInterfaceType,java.lang.String,String,C:\Users\tyin363\Documents\repos\subchen__jetbrick-template-2x\jetbrick-template\src\main\java\jetbrick\template\resolver\function\FunctionInvokerResolver.java,96
CLIENT:client-code:N/A:N/A,NameExpr,jetbrick.template.parser.ast.AstOperatorEquals,rhs,C:\Users\tyin363\Documents\repos\subchen__jetbrick-template-2x\jetbrick-template\src\main\java\jetbrick\template\parser\ast\AstOperatorEquals.java,53
CLIENT:client-code:N/A:N/A,NameExpr,jetbrick.template.parser.ast.AstOperatorBinary,operator,C:\Users\tyin363\Documents\repos\subchen__jetbrick-template-2x\jetbrick-template\src\main\java\jetbrick\template\parser\ast\AstOperatorBinary.java,66
com.github.subchen:jetbrick-commons:jar:2.1.9,MethodCallExpr,jetbrick.bean.PropertyInfo,getGetter,C:\Users\tyin363\Documents\repos\subchen__jetbrick-template-2x\jetbrick-template\src\main\java\jetbrick\template\resolver\property\PropertyGetter.java,34
CLIENT:client-code:N/A:N/A,ObjectCreationExpr,jetbrick.template.runtime.InterpretException,InterpretException,C:\Users\tyin363\Documents\repos\subchen__jetbrick-template-2x\jetbrick-template\src\main\java\jetbrick\template\parser\ast\AstInvokeIndexGet.java,55
com.github.subchen:jetbrick-commons:jar:2.1.9,MethodCallExpr,jetbrick.util.ClassLoaderUtils,loadClass,C:\Users\tyin363\Documents\repos\subchen__jetbrick-template-2x\jetbrick-template\src\main\java\jetbrick\template\resolver\clazz\ClassResolver.java,102
CLIENT:client-code:N/A:N/A,NameExpr,jetbrick.template.resolver.clazz.ClassResolver,importedPackageList,C:\Users\tyin363\Documents\repos\subchen__jetbrick-template-2x\jetbrick-template\src\main\java\jetbrick\template\resolver\clazz\ClassResolver.java,114
CLIENT:client-code:N/A:N/A,ObjectCreationExpr,jetbrick.template.runtime.writer.JetOutputStreamPrinterEx,JetOutputStreamPrinterEx,C:\Users\tyin363\Documents\repos\subchen__jetbrick-template-2x\jetbrick-template\src\main\java\jetbrick\template\runtime\JetWriter.java,55
JDK:java.base:N/A:N/A,ClassOrInterfaceType,java.util.List,List,C:\Users\tyin363\Documents\repos\subchen__jetbrick-template-2x\jetbrick-template\src\main\java\jetbrick\template\runtime\buildin\JetMethods.java,121
CLIENT:client-code:N/A:N/A,MethodCallExpr,jetbrick.template.runtime.InterpretContext,getSecurityManager,C:\Users\tyin363\Documents\repos\subchen__jetbrick-template-2x\jetbrick-template\src\main\java\jetbrick\template\parser\ast\AstInvokeMethodStatic.java,75
org.antlr:antlr4-runtime:jar:4.10.1,ClassOrInterfaceType,org.antlr.v4.runtime.Token,Token,C:\Users\tyin363\Documents\repos\subchen__jetbrick-template-2x\jetbrick-template\src\main\java\jetbrick\template\parser\AstCodeVisitor.java,408
JDK:java.base:N/A:N/A,ClassOrInterfaceType,java.lang.String,String,C:\Users\tyin363\Documents\repos\subchen__jetbrick-template-2x\jetbrick-template\src\main\java\jetbrick\template\Errors.java,67
CLIENT:client-code:N/A:N/A,FieldAccessExpr,jetbrick.template.parser.ast.Tokens,MUL,C:\Users\tyin363\Documents\repos\subchen__jetbrick-template-2x\jetbrick-template\src\main\java\jetbrick\template\parser\ast\AstOperatorBinary.java,81
JDK:java.base:N/A:N/A,ObjectCreationExpr,java.lang.IllegalStateException,IllegalStateException,C:\Users\tyin363\Documents\repos\subchen__jetbrick-template-2x\jetbrick-template\src\main\java\jetbrick\template\parser\ast\ALU.java,288
CLIENT:client-code:N/A:N/A,NameExpr,jetbrick.template.parser.ast.AstOperatorUnary,operator,C:\Users\tyin363\Documents\repos\subchen__jetbrick-template-2x\jetbrick-template\src\main\java\jetbrick\template\parser\ast\AstOperatorUnary.java,58
JDK:java.base:N/A:N/A,MethodCallExpr,java.util.List,size,C:\Users\tyin363\Documents\repos\subchen__jetbrick-template-2x\jetbrick-template\src\main\java\jetbrick\template\parser\ast\AstStatementList.java,278
CLIENT:client-code:N/A:N/A,ClassOrInterfaceType,jetbrick.template.resolver.GlobalResolver,GlobalResolver,C:\Users\tyin363\Documents\repos\subchen__jetbrick-template-2x\jetbrick-template\src\main\java\jetbrick\template\parser\ParserContext.java,61
JDK:java.base:N/A:N/A,ClassOrInterfaceType,java.lang.Object,Object,C:\Users\tyin363\Documents\repos\subchen__jetbrick-template-2x\jetbrick-template\src\main\java\jetbrick\template\runtime\ValueStack.java,31
CLIENT:client-code:N/A:N/A,NameExpr,jetbrick.template.JetSecurityManagerImpl,whiteList,C:\Users\tyin363\Documents\repos\subchen__jetbrick-template-2x\jetbrick-template\src\main\java\jetbrick\template\JetSecurityManagerImpl.java,43
CLIENT:client-code:N/A:N/A,ClassOrInterfaceType,jetbrick.template.parser.ast.AstExpression,AstExpression,C:\Users\tyin363\Documents\repos\subchen__jetbrick-template-2x\jetbrick-template\src\main\java\jetbrick\template\parser\AstCodeVisitor.java,620
CLIENT:client-code:N/A:N/A,NameExpr,jetbrick.template.parser.ast.ALU,BYTE,C:\Users\tyin363\Documents\repos\subchen__jetbrick-template-2x\jetbrick-template\src\main\java\jetbrick\template\parser\ast\ALU.java,262
CLIENT:client-code:N/A:N/A,ClassOrInterfaceType,jetbrick.template.parser.ast.AstDirectiveIf,AstDirectiveIf,C:\Users\tyin363\Documents\repos\subchen__jetbrick-template-2x\jetbrick-template\src\main\java\jetbrick\template\parser\AstCodeVisitor.java,276
JDK:java.base:N/A:N/A,ClassOrInterfaceType,java.lang.Object,Object,C:\Users\tyin363\Documents\repos\subchen__jetbrick-template-2x\jetbrick-template\src\main\java\jetbrick\template\parser\ast\ALU.java,194
JDK:java.base:N/A:N/A,ClassOrInterfaceType,java.lang.Byte,Byte,C:\Users\tyin363\Documents\repos\subchen__jetbrick-template-2x\jetbrick-template\src\main\java\jetbrick\template\parser\ast\ALU.java,362
CLIENT:client-code:N/A:N/A,NameExpr,jetbrick.template.parser.ast.ALU,SHORT,C:\Users\tyin363\Documents\repos\subchen__jetbrick-template-2x\jetbrick-template\src\main\java\jetbrick\template\parser\ast\ALU.java,77
CLIENT:client-code:N/A:N/A,MethodCallExpr,jetbrick.template.Errors,format,C:\Users\tyin363\Documents\repos\subchen__jetbrick-template-2x\jetbrick-template\src\main\java\jetbrick\template\runtime\ValueStack.java,161
CLIENT:client-code:N/A:N/A,NameExpr,jetbrick.template.parser.ast.AstOperatorEquals,rhs,C:\Users\tyin363\Documents\repos\subchen__jetbrick-template-2x\jetbrick-template\src\main\java\jetbrick\template\parser\ast\AstOperatorEquals.java,50
JDK:java.base:N/A:N/A,ClassOrInterfaceType,java.lang.Short,Short,C:\Users\tyin363\Documents\repos\subchen__jetbrick-template-2x\jetbrick-template\src\main\java\jetbrick\template\parser\ast\ALU.java,282
CLIENT:client-code:N/A:N/A,NameExpr,jetbrick.template.parser.ast.AstInvokeMethod,name,C:\Users\tyin363\Documents\repos\subchen__jetbrick-template-2x\jetbrick-template\src\main\java\jetbrick\template\parser\ast\AstInvokeMethod.java,77
JDK:java.base:N/A:N/A,ClassOrInterfaceType,java.lang.String,String,C:\Users\tyin363\Documents\repos\subchen__jetbrick-template-2x\jetbrick-template\src\main\java\jetbrick\template\JetConfig.java,131
CLIENT:client-code:N/A:N/A,NameExpr,jetbrick.template.loader.AbstractResourceLoader,reloadable,C:\Users\tyin363\Documents\repos\subchen__jetbrick-template-2x\jetbrick-template\src\main\java\jetbrick\template\loader\AbstractResourceLoader.java,37
JDK:java.base:N/A:N/A,ClassOrInterfaceType,java.lang.String,String,C:\Users\tyin363\Documents\repos\subchen__jetbrick-template-2x\jetbrick-template\src\main\java\jetbrick\template\parser\ast\ALU.java,69
JDK:java.base:N/A:N/A,ClassOrInterfaceType,java.lang.String,String,C:\Users\tyin363\Documents\repos\subchen__jetbrick-template-2x\jetbrick-template\src\main\java\jetbrick\template\Errors.java,64
CLIENT:client-code:N/A:N/A,ClassOrInterfaceType,jetbrick.template.parser.ast.AstExpression,AstExpression,C:\Users\tyin363\Documents\repos\subchen__jetbrick-template-2x\jetbrick-template\src\main\java\jetbrick\template\parser\ast\AstTernaryOperator.java,26
CLIENT:client-code:N/A:N/A,FieldAccessExpr,jetbrick.template.parser.ast.Tokens,IDENTICALLY_EQUAL_NOT,C:\Users\tyin363\Documents\repos\subchen__jetbrick-template-2x\jetbrick-template\src\main\java\jetbrick\template\parser\AstCodeVisitor.java,589
CLIENT:client-code:N/A:N/A,NameExpr,jetbrick.template.resolver.function.FunctionInvokerResolver,functionMap,C:\Users\tyin363\Documents\repos\subchen__jetbrick-template-2x\jetbrick-template\src\main\java\jetbrick\template\resolver\function\FunctionInvokerResolver.java,84
JDK:java.base:N/A:N/A,MethodCallExpr,java.util.Map.Entry,getValue,C:\Users\tyin363\Documents\repos\subchen__jetbrick-template-2x\jetbrick-template\src\main\java\jetbrick\template\parser\ast\AstConstantMap.java,41
JDK:java.base:N/A:N/A,ClassOrInterfaceType,java.lang.IllegalStateException,IllegalStateException,C:\Users\tyin363\Documents\repos\subchen__jetbrick-template-2x\jetbrick-template\src\main\java\jetbrick\template\parser\ast\ALU.java,66
CLIENT:client-code:N/A:N/A,NameExpr,jetbrick.template.JetConfig,SYNTAX_STRICT,C:\Users\tyin363\Documents\repos\subchen__jetbrick-template-2x\jetbrick-template\src\main\java\jetbrick\template\JetConfig.java,117
CLIENT:client-code:N/A:N/A,ClassOrInterfaceType,jetbrick.template.parser.ast.AstNode,AstNode,C:\Users\tyin363\Documents\repos\subchen__jetbrick-template-2x\jetbrick-template\src\main\java\jetbrick\template\parser\ast\AstExpression.java,24
JDK:java.base:N/A:N/A,ClassOrInterfaceType,java.lang.IllegalStateException,IllegalStateException,C:\Users\tyin363\Documents\repos\subchen__jetbrick-template-2x\jetbrick-template\src\main\java\jetbrick\template\resolver\clazz\ClassResolver.java,90
CLIENT:client-code:N/A:N/A,ClassOrInterfaceType,jetbrick.template.JetSecurityManager,JetSecurityManager,C:\Users\tyin363\Documents\repos\subchen__jetbrick-template-2x\jetbrick-template\src\main\java\jetbrick\template\runtime\InterpretContextImpl.java,70
CLIENT:client-code:N/A:N/A,ClassOrInterfaceType,jetbrick.template.parser.ast.AstExpressionList,AstExpressionList,C:\Users\tyin363\Documents\repos\subchen__jetbrick-template-2x\jetbrick-template\src\main\java\jetbrick\template\parser\ast\AstInvokeMethod.java,34
com.github.subchen:jetbrick-commons:jar:2.1.9,FieldAccessExpr,jetbrick.util.ArrayUtils,EMPTY_OBJECT_ARRAY,C:\Users\tyin363\Documents\repos\subchen__jetbrick-template-2x\jetbrick-template\src\main\java\jetbrick\template\parser\ast\AstDirectiveCall.java,45
JDK:java.base:N/A:N/A,ClassOrInterfaceType,java.lang.String,String,C:\Users\tyin363\Documents\repos\subchen__jetbrick-template-2x\jetbrick-template\src\main\java\jetbrick\template\parser\ast\AstText.java,30
CLIENT:client-code:N/A:N/A,FieldAccessExpr,jetbrick.template.parser.ast.Tokens,PLUS,C:\Users\tyin363\Documents\repos\subchen__jetbrick-template-2x\jetbrick-template\src\main\java\jetbrick\template\parser\ast\AstOperatorBinary.java,66
CLIENT:client-code:N/A:N/A,ClassOrInterfaceType,jetbrick.template.JetGlobalContext,JetGlobalContext,C:\Users\tyin363\Documents\repos\subchen__jetbrick-template-2x\jetbrick-template\src\main\java\jetbrick\template\JetEngineImpl.java,48
JDK:java.base:N/A:N/A,ClassOrInterfaceType,java.lang.String,String,C:\Users\tyin363\Documents\repos\subchen__jetbrick-template-2x\jetbrick-template\src\main\java\jetbrick\template\runtime\buildin\JetMethods.java,266
JDK:java.base:N/A:N/A,ClassOrInterfaceType,java.lang.Class,Class,C:\Users\tyin363\Documents\repos\subchen__jetbrick-template-2x\jetbrick-template\src\main\java\jetbrick\template\parser\ast\ALU.java,494
CLIENT:client-code:N/A:N/A,ClassOrInterfaceType,jetbrick.template.parser.ast.AstExpression,AstExpression,C:\Users\tyin363\Documents\repos\subchen__jetbrick-template-2x\jetbrick-template\src\main\java\jetbrick\template\parser\ast\AstInvokeNewArray.java,37
CLIENT:client-code:N/A:N/A,ClassOrInterfaceType,jetbrick.template.JetSecurityManager,JetSecurityManager,C:\Users\tyin363\Documents\repos\subchen__jetbrick-template-2x\jetbrick-template\src\main\java\jetbrick\template\resolver\method\ClassBuildinMethodInvoker.java,47
CLIENT:client-code:N/A:N/A,FieldAccessExpr,jetbrick.template.resolver.tag.TagInvoker,method,C:\Users\tyin363\Documents\repos\subchen__jetbrick-template-2x\jetbrick-template\src\main\java\jetbrick\template\resolver\tag\TagInvoker.java,32
JDK:java.base:N/A:N/A,ObjectCreationExpr,java.util.concurrent.ConcurrentHashMap,ConcurrentHashMap,C:\Users\tyin363\Documents\repos\subchen__jetbrick-template-2x\jetbrick-template\src\main\java\jetbrick\template\resolver\function\FunctionInvokerResolver.java,42
JDK:java.base:N/A:N/A,ClassOrInterfaceType,java.lang.Class,Class,C:\Users\tyin363\Documents\repos\subchen__jetbrick-template-2x\jetbrick-template\src\main\java\jetbrick\template\resolver\tag\TagInvoker.java,36
CLIENT:client-code:N/A:N/A,FieldAccessExpr,jetbrick.template.parser.Symbols,FOR,C:\Users\tyin363\Documents\repos\subchen__jetbrick-template-2x\jetbrick-template\src\main\java\jetbrick\template\parser\AstCodeVisitor.java,714
JDK:java.base:N/A:N/A,MethodCallExpr,java.lang.Number,intValue,C:\Users\tyin363\Documents\repos\subchen__jetbrick-template-2x\jetbrick-template\src\main\java\jetbrick\template\runtime\buildin\JetMethods.java,64
CLIENT:client-code:N/A:N/A,ObjectCreationExpr,jetbrick.template.runtime.InterpretException,InterpretException,C:\Users\tyin363\Documents\repos\subchen__jetbrick-template-2x\jetbrick-template\src\main\java\jetbrick\template\parser\ast\AstInvokeIndexGet.java,57
CLIENT:client-code:N/A:N/A,NameExpr,jetbrick.template.parser.ast.AstExpression,position,C:\Users\tyin363\Documents\repos\subchen__jetbrick-template-2x\jetbrick-template\src\main\java\jetbrick\template\parser\ast\AstInvokeMethodStatic.java,68
JDK:java.base:N/A:N/A,MethodCallExpr,java.lang.Integer,valueOf,C:\Users\tyin363\Documents\repos\subchen__jetbrick-template-2x\jetbrick-template\src\main\java\jetbrick\template\parser\ast\ALU.java,173
JDK:java.base:N/A:N/A,ClassOrInterfaceType,java.lang.Object,Object,C:\Users\tyin363\Documents\repos\subchen__jetbrick-template-2x\jetbrick-template\src\main\java\jetbrick\template\parser\ast\AstExpressionList.java,37
JDK:java.base:N/A:N/A,ClassOrInterfaceType,java.lang.String,String,C:\Users\tyin363\Documents\repos\subchen__jetbrick-template-2x\jetbrick-template\src\main\java\jetbrick\template\Errors.java,65
org.slf4j:slf4j-api:jar:1.7.7,MethodCallExpr,org.slf4j.Logger,info,C:\Users\tyin363\Documents\repos\subchen__jetbrick-template-2x\jetbrick-template\src\main\java\jetbrick\template\JetTemplateImpl.java,100
JDK:java.base:N/A:N/A,ClassOrInterfaceType,java.lang.Comparable,Comparable,C:\Users\tyin363\Documents\repos\subchen__jetbrick-template-2x\jetbrick-template\src\main\java\jetbrick\template\parser\ast\ALU.java,424
JDK:java.base:N/A:N/A,MethodCallExpr,java.lang.Number,longValue,C:\Users\tyin363\Documents\repos\subchen__jetbrick-template-2x\jetbrick-template\src\main\java\jetbrick\template\parser\ast\ALU.java,353
CLIENT:client-code:N/A:N/A,MethodCallExpr,jetbrick.template.parser.ast.AstExpression,getResultType,C:\Users\tyin363\Documents\repos\subchen__jetbrick-template-2x\jetbrick-template\src\main\java\jetbrick\template\parser\ast\AstInvokeField.java,64
CLIENT:client-code:N/A:N/A,MethodCallExpr,jetbrick.template.parser.ast.AstStatementList.ListIterator,reset,C:\Users\tyin363\Documents\repos\subchen__jetbrick-template-2x\jetbrick-template\src\main\java\jetbrick\template\parser\ast\AstStatementList.java,62
CLIENT:client-code:N/A:N/A,ClassOrInterfaceType,jetbrick.template.parser.ast.AstExpression,AstExpression,C:\Users\tyin363\Documents\repos\subchen__jetbrick-template-2x\jetbrick-template\src\main\java\jetbrick\template\parser\ast\AstTernaryOperator.java,25
CLIENT:client-code:N/A:N/A,MethodCallExpr,jetbrick.template.runtime.JetWriter,print,C:\Users\tyin363\Documents\repos\subchen__jetbrick-template-2x\jetbrick-template\src\main\java\jetbrick\template\parser\ast\AstText.java,254
CLIENT:client-code:N/A:N/A,FieldAccessExpr,jetbrick.template.parser.Symbols,FOR,C:\Users\tyin363\Documents\repos\subchen__jetbrick-template-2x\jetbrick-template\src\main\java\jetbrick\template\parser\AstCodeVisitor.java,715
CLIENT:client-code:N/A:N/A,MethodCallExpr,jetbrick.template.parser.ParserContext,setTrimLeadingWhitespaces,C:\Users\tyin363\Documents\repos\subchen__jetbrick-template-2x\jetbrick-template\src\main\java\jetbrick\template\parser\AstCodeVisitor.java,191
JDK:java.base:N/A:N/A,ClassOrInterfaceType,java.io.IOException,IOException,C:\Users\tyin363\Documents\repos\subchen__jetbrick-template-2x\jetbrick-template\src\main\java\jetbrick\template\parser\ast\AstText.java,286
CLIENT:client-code:N/A:N/A,NameExpr,jetbrick.template.JetConfig,importClasses,C:\Users\tyin363\Documents\repos\subchen__jetbrick-template-2x\jetbrick-template\src\main\java\jetbrick\template\JetConfig.java,104
JDK:java.base:N/A:N/A,FieldAccessExpr,java.lang.Boolean,TRUE,C:\Users\tyin363\Documents\repos\subchen__jetbrick-template-2x\jetbrick-template\src\main\java\jetbrick\template\parser\ast\ALU.java,374
JDK:java.base:N/A:N/A,ClassOrInterfaceType,java.lang.Class,Class,C:\Users\tyin363\Documents\repos\subchen__jetbrick-template-2x\jetbrick-template\src\main\java\jetbrick\template\parser\ast\ALU.java,493
CLIENT:client-code:N/A:N/A,ClassOrInterfaceType,jetbrick.template.parser.ast.Position,Position,C:\Users\tyin363\Documents\repos\subchen__jetbrick-template-2x\jetbrick-template\src\main\java\jetbrick\template\parser\AstCodeVisitor.java,883
CLIENT:client-code:N/A:N/A,NameExpr,jetbrick.template.parser.ast.AstStatementList.ListIterator,list,C:\Users\tyin363\Documents\repos\subchen__jetbrick-template-2x\jetbrick-template\src\main\java\jetbrick\template\parser\ast\AstStatementList.java,272
com.github.subchen:jetbrick-commons:jar:2.1.9,ClassOrInterfaceType,jetbrick.bean.MethodInfo,MethodInfo,C:\Users\tyin363\Documents\repos\subchen__jetbrick-template-2x\jetbrick-template\src\main\java\jetbrick\template\resolver\GlobalResolver.java,154
CLIENT:client-code:N/A:N/A,MethodCallExpr,jetbrick.template.parser.AstCodeVisitor,pos,C:\Users\tyin363\Documents\repos\subchen__jetbrick-template-2x\jetbrick-template\src\main\java\jetbrick\template\parser\AstCodeVisitor.java,848
JDK:java.base:N/A:N/A,ClassOrInterfaceType,java.lang.String,String,C:\Users\tyin363\Documents\repos\subchen__jetbrick-template-2x\jetbrick-template\src\main\java\jetbrick\template\loader\FileSystemResourceLoader.java,35
CLIENT:client-code:N/A:N/A,FieldAccessExpr,jetbrick.template.parser.ast.AstInvokeMethodStatic,last,C:\Users\tyin363\Documents\repos\subchen__jetbrick-template-2x\jetbrick-template\src\main\java\jetbrick\template\parser\ast\AstInvokeMethodStatic.java,71
JDK:java.base:N/A:N/A,MethodCallExpr,java.lang.String,length,C:\Users\tyin363\Documents\repos\subchen__jetbrick-template-2x\jetbrick-template\src\main\java\jetbrick\template\parser\ast\AstText.java,187
CLIENT:client-code:N/A:N/A,ObjectCreationExpr,jetbrick.template.parser.SyntaxException,SyntaxException,C:\Users\tyin363\Documents\repos\subchen__jetbrick-template-2x\jetbrick-template\src\main\java\jetbrick\template\parser\AstBuilder.java,77
CLIENT:client-code:N/A:N/A,NameExpr,jetbrick.template.runtime.writer.JetOutputStreamPrinter,error,C:\Users\tyin363\Documents\repos\subchen__jetbrick-template-2x\jetbrick-template\src\main\java\jetbrick\template\runtime\writer\JetOutputStreamPrinter.java,101
CLIENT:client-code:N/A:N/A,MethodCallExpr,jetbrick.template.runtime.InterpretContext,getTemplate,C:\Users\tyin363\Documents\repos\subchen__jetbrick-template-2x\jetbrick-template\src\main\java\jetbrick\template\parser\ast\AstDirectiveInclude.java,66
CLIENT:client-code:N/A:N/A,NameExpr,jetbrick.template.parser.ast.AstDirectiveCall,last,C:\Users\tyin363\Documents\repos\subchen__jetbrick-template-2x\jetbrick-template\src\main\java\jetbrick\template\parser\ast\AstDirectiveCall.java,50
JDK:java.base:N/A:N/A,ClassOrInterfaceType,java.lang.String,String,C:\Users\tyin363\Documents\repos\subchen__jetbrick-template-2x\jetbrick-template\src\main\java\jetbrick\template\parser\ast\AstText.java,296
org.antlr:antlr4-runtime:jar:4.10.1,MethodCallExpr,org.antlr.v4.runtime.Token,getCharPositionInLine,C:\Users\tyin363\Documents\repos\subchen__jetbrick-template-2x\jetbrick-template\src\main\java\jetbrick\template\parser\AstCodeVisitor.java,409
JDK:java.base:N/A:N/A,MethodCallExpr,java.lang.Number,doubleValue,C:\Users\tyin363\Documents\repos\subchen__jetbrick-template-2x\jetbrick-template\src\main\java\jetbrick\template\parser\ast\ALU.java,133
CLIENT:client-code:N/A:N/A,FieldAccessExpr,jetbrick.template.parser.ast.AstDirectiveCall,argumentList,C:\Users\tyin363\Documents\repos\subchen__jetbrick-template-2x\jetbrick-template\src\main\java\jetbrick\template\parser\ast\AstDirectiveCall.java,38
CLIENT:client-code:N/A:N/A,MethodCallExpr,jetbrick.template.runtime.InterpretException,set,C:\Users\tyin363\Documents\repos\subchen__jetbrick-template-2x\jetbrick-template\src\main\java\jetbrick\template\parser\ast\AstInvokeMethod.java,81
CLIENT:client-code:N/A:N/A,ClassOrInterfaceType,jetbrick.template.parser.ast.Position,Position,C:\Users\tyin363\Documents\repos\subchen__jetbrick-template-2x\jetbrick-template\src\main\java\jetbrick\template\parser\ast\AstInvokeFunction.java,37
JDK:java.base:N/A:N/A,ClassOrInterfaceType,java.lang.RuntimeException,RuntimeException,C:\Users\tyin363\Documents\repos\subchen__jetbrick-template-2x\jetbrick-template\src\main\java\jetbrick\template\parser\ast\AstInvokeFunction.java,77
JDK:java.base:N/A:N/A,ClassOrInterfaceType,java.nio.charset.Charset,Charset,C:\Users\tyin363\Documents\repos\subchen__jetbrick-template-2x\jetbrick-template\src\main\java\jetbrick\template\runtime\JetWriter.java,45
JDK:java.base:N/A:N/A,ClassOrInterfaceType,java.lang.String,String,C:\Users\tyin363\Documents\repos\subchen__jetbrick-template-2x\jetbrick-template\src\main\java\jetbrick\template\Errors.java,62
CLIENT:client-code:N/A:N/A,ClassOrInterfaceType,jetbrick.template.resolver.property.FieldGetter,FieldGetter,C:\Users\tyin363\Documents\repos\subchen__jetbrick-template-2x\jetbrick-template\src\main\java\jetbrick\template\resolver\property\DefaultGetterResolver.java,86
CLIENT:client-code:N/A:N/A,ClassOrInterfaceType,jetbrick.template.runtime.InterpretContext,InterpretContext,C:\Users\tyin363\Documents\repos\subchen__jetbrick-template-2x\jetbrick-template\src\main\java\jetbrick\template\parser\ast\AstDirectiveMacro.java,41
CLIENT:client-code:N/A:N/A,FieldAccessExpr,jetbrick.template.parser.Symbols,OPTION_TRIM_LEADING_WHITESPACES,C:\Users\tyin363\Documents\repos\subchen__jetbrick-template-2x\jetbrick-template\src\main\java\jetbrick\template\parser\AstCodeVisitor.java,189
CLIENT:client-code:N/A:N/A,NameExpr,jetbrick.template.parser.ast.AstOperatorEquals,rhs,C:\Users\tyin363\Documents\repos\subchen__jetbrick-template-2x\jetbrick-template\src\main\java\jetbrick\template\parser\ast\AstOperatorEquals.java,47
JDK:java.base:N/A:N/A,ClassOrInterfaceType,java.lang.Object,Object,C:\Users\tyin363\Documents\repos\subchen__jetbrick-template-2x\jetbrick-template\src\main\java\jetbrick\template\JetTemplateImpl.java,145
CLIENT:client-code:N/A:N/A,NameExpr,jetbrick.template.parser.ast.AstTernarySimplifyOperator,objectExpression,C:\Users\tyin363\Documents\repos\subchen__jetbrick-template-2x\jetbrick-template\src\main\java\jetbrick\template\parser\ast\AstTernarySimplifyOperator.java,36
CLIENT:client-code:N/A:N/A,ClassOrInterfaceType,jetbrick.template.JetConfig,JetConfig,C:\Users\tyin363\Documents\repos\subchen__jetbrick-template-2x\jetbrick-template\src\main\java\jetbrick\template\JetEngine.java,44
JDK:java.base:N/A:N/A,MethodCallExpr,java.lang.String,getBytes,C:\Users\tyin363\Documents\repos\subchen__jetbrick-template-2x\jetbrick-template\src\main\java\jetbrick\template\runtime\writer\JetOutputStreamPrinter.java,133
CLIENT:client-code:N/A:N/A,MethodCallExpr,jetbrick.template.runtime.ValueContext,setLocal,C:\Users\tyin363\Documents\repos\subchen__jetbrick-template-2x\jetbrick-template\src\main\java\jetbrick\template\runtime\ValueStack.java,112
com.github.subchen:jetbrick-commons:jar:2.1.9,MethodCallExpr,jetbrick.config.Config,asBoolean,C:\Users\tyin363\Documents\repos\subchen__jetbrick-template-2x\jetbrick-template\src\main\java\jetbrick\template\JetConfig.java,111
CLIENT:client-code:N/A:N/A,NameExpr,jetbrick.template.parser.ast.AstText,encoder,C:\Users\tyin363\Documents\repos\subchen__jetbrick-template-2x\jetbrick-template\src\main\java\jetbrick\template\parser\ast\AstText.java,228
JDK:java.base:N/A:N/A,ClassOrInterfaceType,java.lang.Object,Object,C:\Users\tyin363\Documents\repos\subchen__jetbrick-template-2x\jetbrick-template\src\main\java\jetbrick\template\runtime\buildin\JetMethods.java,117
CLIENT:client-code:N/A:N/A,MethodCallExpr,jetbrick.template.runtime.JetTagContext,getValueStack,C:\Users\tyin363\Documents\repos\subchen__jetbrick-template-2x\jetbrick-template\src\main\java\jetbrick\template\runtime\buildin\JetTags.java,38
JDK:java.base:N/A:N/A,MethodCallExpr,java.util.Map,put,C:\Users\tyin363\Documents\repos\subchen__jetbrick-template-2x\jetbrick-template\src\main\java\jetbrick\template\runtime\InterpretContextImpl.java,164
CLIENT:client-code:N/A:N/A,NameExpr,jetbrick.template.parser.ast.AstText,text,C:\Users\tyin363\Documents\repos\subchen__jetbrick-template-2x\jetbrick-template\src\main\java\jetbrick\template\parser\ast\AstText.java,198
CLIENT:client-code:N/A:N/A,ClassOrInterfaceType,jetbrick.template.parser.ast.AstNode,AstNode,C:\Users\tyin363\Documents\repos\subchen__jetbrick-template-2x\jetbrick-template\src\main\java\jetbrick\template\parser\AstCodeVisitor.java,292
JDK:java.base:N/A:N/A,ClassOrInterfaceType,java.lang.Class,Class,C:\Users\tyin363\Documents\repos\subchen__jetbrick-template-2x\jetbrick-template\src\main\java\jetbrick\template\parser\ast\AstDirectiveMacro.java,32
CLIENT:client-code:N/A:N/A,NameExpr,jetbrick.template.parser.AstCodeVisitor,parseCtx,C:\Users\tyin363\Documents\repos\subchen__jetbrick-template-2x\jetbrick-template\src\main\java\jetbrick\template\parser\AstCodeVisitor.java,119
JDK:java.base:N/A:N/A,ClassOrInterfaceType,java.util.List,List,C:\Users\tyin363\Documents\repos\subchen__jetbrick-template-2x\jetbrick-template\src\main\java\jetbrick\template\runtime\buildin\JetMethods.java,117
JDK:java.base:N/A:N/A,ClassOrInterfaceType,java.lang.StringBuffer,StringBuffer,C:\Users\tyin363\Documents\repos\subchen__jetbrick-template-2x\jetbrick-template\src\main\java\jetbrick\template\resolver\method\MethodInvokerResolver.java,73
CLIENT:client-code:N/A:N/A,MethodCallExpr,jetbrick.template.parser.ast.AstText,trimDirectiveWhitespaces,C:\Users\tyin363\Documents\repos\subchen__jetbrick-template-2x\jetbrick-template\src\main\java\jetbrick\template\parser\ast\AstStatementList.java,180
com.github.subchen:jetbrick-commons:jar:2.1.9,MethodCallExpr,jetbrick.util.StringEscapeUtils,unescapeUrl,C:\Users\tyin363\Documents\repos\subchen__jetbrick-template-2x\jetbrick-template\src\main\java\jetbrick\template\runtime\buildin\JetMethods.java,291
CLIENT:client-code:N/A:N/A,ClassOrInterfaceType,jetbrick.template.JetTemplate,JetTemplate,C:\Users\tyin363\Documents\repos\subchen__jetbrick-template-2x\jetbrick-template\src\main\java\jetbrick\template\runtime\TemplateStack.java,38
CLIENT:client-code:N/A:N/A,ClassOrInterfaceType,jetbrick.template.parser.ast.AstExpression,AstExpression,C:\Users\tyin363\Documents\repos\subchen__jetbrick-template-2x\jetbrick-template\src\main\java\jetbrick\template\parser\ast\AstDirectiveFor.java,28
CLIENT:client-code:N/A:N/A,ClassOrInterfaceType,jetbrick.template.parser.ast.AstDirectiveCall,AstDirectiveCall,C:\Users\tyin363\Documents\repos\subchen__jetbrick-template-2x\jetbrick-template\src\main\java\jetbrick\template\parser\ast\AstStatementList.java,204
CLIENT:client-code:N/A:N/A,ClassOrInterfaceType,jetbrick.template.parser.ast.AstDirectiveBreak,AstDirectiveBreak,C:\Users\tyin363\Documents\repos\subchen__jetbrick-template-2x\jetbrick-template\src\main\java\jetbrick\template\parser\AstCodeVisitor.java,325
CLIENT:client-code:N/A:N/A,FieldAccessExpr,jetbrick.template.runtime.writer.JetWriterPrinter,os,C:\Users\tyin363\Documents\repos\subchen__jetbrick-template-2x\jetbrick-template\src\main\java\jetbrick\template\runtime\writer\JetWriterPrinter.java,33
CLIENT:client-code:N/A:N/A,ClassOrInterfaceType,jetbrick.template.runtime.InterpretContext,InterpretContext,C:\Users\tyin363\Documents\repos\subchen__jetbrick-template-2x\jetbrick-template\src\main\java\jetbrick\template\runtime\InterpretContextImpl.java,30
CLIENT:client-code:N/A:N/A,NameExpr,jetbrick.template.parser.ast.AstExpression,position,C:\Users\tyin363\Documents\repos\subchen__jetbrick-template-2x\jetbrick-template\src\main\java\jetbrick\template\parser\ast\AstInvokeMethod.java,81
JDK:java.base:N/A:N/A,ClassOrInterfaceType,java.lang.String,String,C:\Users\tyin363\Documents\repos\subchen__jetbrick-template-2x\jetbrick-template\src\main\java\jetbrick\template\parser\ast\AstInvokeMethodStatic.java,38
JDK:java.base:N/A:N/A,MethodCallExpr,java.lang.Object,toString,C:\Users\tyin363\Documents\repos\subchen__jetbrick-template-2x\jetbrick-template\src\main\java\jetbrick\template\parser\ast\AstValueEscaped.java,39
JDK:java.base:N/A:N/A,ClassOrInterfaceType,java.lang.IllegalStateException,IllegalStateException,C:\Users\tyin363\Documents\repos\subchen__jetbrick-template-2x\jetbrick-template\src\main\java\jetbrick\template\runtime\ValueStack.java,172
JDK:java.base:N/A:N/A,ObjectCreationExpr,java.util.ArrayList,ArrayList,C:\Users\tyin363\Documents\repos\subchen__jetbrick-template-2x\jetbrick-template\src\main\java\jetbrick\template\parser\ParserContext.java,219
CLIENT:client-code:N/A:N/A,MethodCallExpr,jetbrick.template.JetEngine,getGlobalContext,C:\Users\tyin363\Documents\repos\subchen__jetbrick-template-2x\jetbrick-template\src\main\java\jetbrick\template\runtime\InterpretContextImpl.java,45
JDK:java.base:N/A:N/A,ClassOrInterfaceType,java.lang.Object,Object,C:\Users\tyin363\Documents\repos\subchen__jetbrick-template-2x\jetbrick-template\src\main\java\jetbrick\template\parser\ast\AstExpressionList.java,39
JDK:java.base:N/A:N/A,ClassOrInterfaceType,java.lang.String,String,C:\Users\tyin363\Documents\repos\subchen__jetbrick-template-2x\jetbrick-template\src\main\java\jetbrick\template\Errors.java,63
CLIENT:client-code:N/A:N/A,FieldAccessExpr,jetbrick.template.parser.ast.AstOperatorEquals,operator,C:\Users\tyin363\Documents\repos\subchen__jetbrick-template-2x\jetbrick-template\src\main\java\jetbrick\template\parser\ast\AstOperatorEquals.java,32
CLIENT:client-code:N/A:N/A,MethodCallExpr,jetbrick.template.parser.ParserContext,getTrimDirectiveCommentsSuffix,C:\Users\tyin363\Documents\repos\subchen__jetbrick-template-2x\jetbrick-template\src\main\java\jetbrick\template\parser\ast\AstStatementList.java,124
JDK:java.base:N/A:N/A,ClassOrInterfaceType,java.lang.Object,Object,C:\Users\tyin363\Documents\repos\subchen__jetbrick-template-2x\jetbrick-template\src\main\java\jetbrick\template\parser\ast\ALU.java,455
CLIENT:client-code:N/A:N/A,ClassOrInterfaceType,jetbrick.template.JetSecurityManager,JetSecurityManager,C:\Users\tyin363\Documents\repos\subchen__jetbrick-template-2x\jetbrick-template\src\main\java\jetbrick\template\resolver\property\Getter.java,26
CLIENT:client-code:N/A:N/A,ClassOrInterfaceType,jetbrick.template.parser.ast.AstExpression,AstExpression,C:\Users\tyin363\Documents\repos\subchen__jetbrick-template-2x\jetbrick-template\src\main\java\jetbrick\template\parser\ast\AstInvokeNewArray.java,34
CLIENT:client-code:N/A:N/A,ClassOrInterfaceType,jetbrick.template.parser.ast.AstStatement,AstStatement,C:\Users\tyin363\Documents\repos\subchen__jetbrick-template-2x\jetbrick-template\src\main\java\jetbrick\template\parser\ast\AstValue.java,27
JDK:java.base:N/A:N/A,ClassOrInterfaceType,java.lang.Byte,Byte,C:\Users\tyin363\Documents\repos\subchen__jetbrick-template-2x\jetbrick-template\src\main\java\jetbrick\template\parser\ast\ALU.java,355
CLIENT:client-code:N/A:N/A,MethodCallExpr,jetbrick.template.runtime.InterpretContext,getGlobalResolver,C:\Users\tyin363\Documents\repos\subchen__jetbrick-template-2x\jetbrick-template\src\main\java\jetbrick\template\parser\ast\AstDirectiveTag.java,59
CLIENT:client-code:N/A:N/A,NameExpr,jetbrick.template.parser.ast.AstOperatorUnary,expression,C:\Users\tyin363\Documents\repos\subchen__jetbrick-template-2x\jetbrick-template\src\main\java\jetbrick\template\parser\ast\AstOperatorUnary.java,51
JDK:java.base:N/A:N/A,MethodCallExpr,java.lang.Number,doubleValue,C:\Users\tyin363\Documents\repos\subchen__jetbrick-template-2x\jetbrick-template\src\main\java\jetbrick\template\parser\ast\ALU.java,395
JDK:java.base:N/A:N/A,MethodCallExpr,java.util.List,size,C:\Users\tyin363\Documents\repos\subchen__jetbrick-template-2x\jetbrick-template\src\main\java\jetbrick\template\parser\ast\AstStatementList.java,284
JDK:java.base:N/A:N/A,ClassOrInterfaceType,java.lang.String,String,C:\Users\tyin363\Documents\repos\subchen__jetbrick-template-2x\jetbrick-template\src\main\java\jetbrick\template\parser\ast\AstText.java,34
JDK:java.base:N/A:N/A,ClassOrInterfaceType,java.lang.Byte,Byte,C:\Users\tyin363\Documents\repos\subchen__jetbrick-template-2x\jetbrick-template\src\main\java\jetbrick\template\parser\ast\ALU.java,358
JDK:java.base:N/A:N/A,ClassOrInterfaceType,java.lang.Class,Class,C:\Users\tyin363\Documents\repos\subchen__jetbrick-template-2x\jetbrick-template\src\main\java\jetbrick\template\parser\ast\AstDirectiveMacro.java,29
CLIENT:client-code:N/A:N/A,ClassOrInterfaceType,jetbrick.template.JetTemplate,JetTemplate,C:\Users\tyin363\Documents\repos\subchen__jetbrick-template-2x\jetbrick-template\src\main\java\jetbrick\template\runtime\TemplateStack.java,35
CLIENT:client-code:N/A:N/A,ClassOrInterfaceType,jetbrick.template.JetSecurityManager,JetSecurityManager,C:\Users\tyin363\Documents\repos\subchen__jetbrick-template-2x\jetbrick-template\src\main\java\jetbrick\template\parser\ast\AstInvokeNewObject.java,65
CLIENT:client-code:N/A:N/A,ClassOrInterfaceType,jetbrick.template.parser.ast.AstDirectiveIf,AstDirectiveIf,C:\Users\tyin363\Documents\repos\subchen__jetbrick-template-2x\jetbrick-template\src\main\java\jetbrick\template\parser\AstCodeVisitor.java,280
JDK:java.base:N/A:N/A,ClassOrInterfaceType,java.lang.String,String,C:\Users\tyin363\Documents\repos\subchen__jetbrick-template-2x\jetbrick-template\src\main\java\jetbrick\template\resolver\function\FunctionInvokerResolver.java,95
CLIENT:client-code:N/A:N/A,MethodCallExpr,jetbrick.template.runtime.InterpretContext,setWriter,C:\Users\tyin363\Documents\repos\subchen__jetbrick-template-2x\jetbrick-template\src\main\java\jetbrick\template\runtime\JetTagContext.java,50
JDK:java.base:N/A:N/A,ClassOrInterfaceType,java.lang.Class,Class,C:\Users\tyin363\Documents\repos\subchen__jetbrick-template-2x\jetbrick-template\src\main\java\jetbrick\template\JetTemplateImpl.java,178
CLIENT:client-code:N/A:N/A,NameExpr,jetbrick.template.runtime.writer.JetOutputStreamPrinterEx,os,C:\Users\tyin363\Documents\repos\subchen__jetbrick-template-2x\jetbrick-template\src\main\java\jetbrick\template\runtime\writer\JetOutputStreamPrinterEx.java,98
JDK:java.base:N/A:N/A,ClassOrInterfaceType,java.lang.Object,Object,C:\Users\tyin363\Documents\repos\subchen__jetbrick-template-2x\jetbrick-template\src\main\java\jetbrick\template\parser\ast\AstExpressionList.java,41
CLIENT:client-code:N/A:N/A,ClassOrInterfaceType,jetbrick.template.parser.ast.AstExpression,AstExpression,C:\Users\tyin363\Documents\repos\subchen__jetbrick-template-2x\jetbrick-template\src\main\java\jetbrick\template\parser\AstCodeVisitor.java,624
JDK:java.base:N/A:N/A,ClassOrInterfaceType,java.lang.String,String,C:\Users\tyin363\Documents\repos\subchen__jetbrick-template-2x\jetbrick-template\src\main\java\jetbrick\template\resolver\clazz\ClassResolver.java,110
JDK:java.base:N/A:N/A,ClassOrInterfaceType,java.lang.String,String,C:\Users\tyin363\Documents\repos\subchen__jetbrick-template-2x\jetbrick-template\src\main\java\jetbrick\template\Errors.java,59
CLIENT:client-code:N/A:N/A,ClassOrInterfaceType,jetbrick.template.JetTemplateOption,JetTemplateOption,C:\Users\tyin363\Documents\repos\subchen__jetbrick-template-2x\jetbrick-template\src\main\java\jetbrick\template\JetTemplateImpl.java,52
CLIENT:client-code:N/A:N/A,NameExpr,jetbrick.template.runtime.InterpretContextImpl,templateStack,C:\Users\tyin363\Documents\repos\subchen__jetbrick-template-2x\jetbrick-template\src\main\java\jetbrick\template\runtime\InterpretContextImpl.java,154
JDK:java.base:N/A:N/A,ClassOrInterfaceType,java.lang.String,String,C:\Users\tyin363\Documents\repos\subchen__jetbrick-template-2x\jetbrick-template\src\main\java\jetbrick\template\JetConfig.java,127
CLIENT:client-code:N/A:N/A,ClassOrInterfaceType,jetbrick.template.parser.ast.AstExpression,AstExpression,C:\Users\tyin363\Documents\repos\subchen__jetbrick-template-2x\jetbrick-template\src\main\java\jetbrick\template\parser\ast\AstInvokeNewArray.java,31
com.github.subchen:jetbrick-commons:jar:2.1.9,MethodCallExpr,jetbrick.util.StringEscapeUtils,unescapeUrl,C:\Users\tyin363\Documents\repos\subchen__jetbrick-template-2x\jetbrick-template\src\main\java\jetbrick\template\runtime\buildin\JetMethods.java,295
CLIENT:client-code:N/A:N/A,ClassOrInterfaceType,jetbrick.template.parser.ast.AstExpression,AstExpression,C:\Users\tyin363\Documents\repos\subchen__jetbrick-template-2x\jetbrick-template\src\main\java\jetbrick\template\parser\AstCodeVisitor.java,359
CLIENT:client-code:N/A:N/A,FieldAccessExpr,jetbrick.template.Errors,VARIABLE_TYPE_INCONSISTENT,C:\Users\tyin363\Documents\repos\subchen__jetbrick-template-2x\jetbrick-template\src\main\java\jetbrick\template\runtime\ValueStack.java,161
CLIENT:client-code:N/A:N/A,MethodCallExpr,jetbrick.template.parser.AstCodeVisitor,resolveClass,C:\Users\tyin363\Documents\repos\subchen__jetbrick-template-2x\jetbrick-template\src\main\java\jetbrick\template\parser\AstCodeVisitor.java,219
CLIENT:client-code:N/A:N/A,ClassOrInterfaceType,jetbrick.template.parser.ast.Position,Position,C:\Users\tyin363\Documents\repos\subchen__jetbrick-template-2x\jetbrick-template\src\main\java\jetbrick\template\parser\AstCodeVisitor.java,879
JDK:java.base:N/A:N/A,MethodCallExpr,java.lang.Class,isAssignableFrom,C:\Users\tyin363\Documents\repos\subchen__jetbrick-template-2x\jetbrick-template\src\main\java\jetbrick\template\parser\ast\ALU.java,348
CLIENT:client-code:N/A:N/A,MethodCallExpr,jetbrick.template.resolver.GlobalResolver,resolveMethod,C:\Users\tyin363\Documents\repos\subchen__jetbrick-template-2x\jetbrick-template\src\main\java\jetbrick\template\parser\ast\AstInvokeMethod.java,77
JDK:java.base:N/A:N/A,ClassOrInterfaceType,java.lang.String,String,C:\Users\tyin363\Documents\repos\subchen__jetbrick-template-2x\jetbrick-template\src\main\java\jetbrick\template\runtime\ValueContext.java,88
JDK:java.base:N/A:N/A,ClassOrInterfaceType,java.lang.String,String,C:\Users\tyin363\Documents\repos\subchen__jetbrick-template-2x\jetbrick-template\src\main\java\jetbrick\template\loader\FileSystemResourceLoader.java,36
CLIENT:client-code:N/A:N/A,NameExpr,jetbrick.template.runtime.InterpretContextImpl,templateStack,C:\Users\tyin363\Documents\repos\subchen__jetbrick-template-2x\jetbrick-template\src\main\java\jetbrick\template\runtime\InterpretContextImpl.java,155
JDK:java.base:N/A:N/A,ClassOrInterfaceType,java.lang.String,String,C:\Users\tyin363\Documents\repos\subchen__jetbrick-template-2x\jetbrick-template\src\main\java\jetbrick\template\Errors.java,60
CLIENT:client-code:N/A:N/A,ClassOrInterfaceType,jetbrick.template.parser.ast.AstExpression,AstExpression,C:\Users\tyin363\Documents\repos\subchen__jetbrick-template-2x\jetbrick-template\src\main\java\jetbrick\template\parser\AstCodeVisitor.java,625
JDK:java.base:N/A:N/A,ClassOrInterfaceType,java.lang.String,String,C:\Users\tyin363\Documents\repos\subchen__jetbrick-template-2x\jetbrick-template\src\main\java\jetbrick\template\runtime\buildin\JetMethods.java,270
CLIENT:client-code:N/A:N/A,ClassOrInterfaceType,jetbrick.template.parser.ast.AstOperatorBinary,AstOperatorBinary,C:\Users\tyin363\Documents\repos\subchen__jetbrick-template-2x\jetbrick-template\src\main\java\jetbrick\template\parser\AstCodeVisitor.java,559
JDK:java.base:N/A:N/A,ClassOrInterfaceType,java.lang.String,String,C:\Users\tyin363\Documents\repos\subchen__jetbrick-template-2x\jetbrick-template\src\main\java\jetbrick\template\loader\ClasspathResourceLoader.java,34
JDK:java.base:N/A:N/A,ClassOrInterfaceType,java.lang.Object,Object,C:\Users\tyin363\Documents\repos\subchen__jetbrick-template-2x\jetbrick-template\src\main\java\jetbrick\template\runtime\ValueStack.java,37
CLIENT:client-code:N/A:N/A,NameExpr,jetbrick.template.parser.ast.AstStatementList.ListIterator,list,C:\Users\tyin363\Documents\repos\subchen__jetbrick-template-2x\jetbrick-template\src\main\java\jetbrick\template\parser\ast\AstStatementList.java,268
CLIENT:client-code:N/A:N/A,MethodCallExpr,jetbrick.template.runtime.InterpretContext,getWriter,C:\Users\tyin363\Documents\repos\subchen__jetbrick-template-2x\jetbrick-template\src\main\java\jetbrick\template\parser\ast\AstValueEscaped.java,41
CLIENT:client-code:N/A:N/A,NameExpr,jetbrick.template.runtime.ValueStack,UNUSED_INDEX,C:\Users\tyin363\Documents\repos\subchen__jetbrick-template-2x\jetbrick-template\src\main\java\jetbrick\template\runtime\ValueStack.java,75
CLIENT:client-code:N/A:N/A,ClassOrInterfaceType,jetbrick.template.JetSecurityManager,JetSecurityManager,C:\Users\tyin363\Documents\repos\subchen__jetbrick-template-2x\jetbrick-template\src\main\java\jetbrick\template\loader\AbstractResourceLoader.java,41
CLIENT:client-code:N/A:N/A,NameExpr,jetbrick.template.parser.ast.ALU,INTEGER,C:\Users\tyin363\Documents\repos\subchen__jetbrick-template-2x\jetbrick-template\src\main\java\jetbrick\template\parser\ast\ALU.java,78
JDK:java.base:N/A:N/A,ClassOrInterfaceType,java.lang.Class,Class,C:\Users\tyin363\Documents\repos\subchen__jetbrick-template-2x\jetbrick-template\src\main\java\jetbrick\template\parser\ast\AstExpression.java,37
com.github.subchen:jetbrick-commons:jar:2.1.9,MethodCallExpr,jetbrick.bean.MethodInfo,isStatic,C:\Users\tyin363\Documents\repos\subchen__jetbrick-template-2x\jetbrick-template\src\main\java\jetbrick\template\resolver\method\MethodInvokerResolver.java,52
CLIENT:client-code:N/A:N/A,MethodCallExpr,jetbrick.template.resolver.GlobalResolver,resolveClass,C:\Users\tyin363\Documents\repos\subchen__jetbrick-template-2x\jetbrick-template\src\main\java\jetbrick\template\parser\ParserContext.java,156
CLIENT:client-code:N/A:N/A,MethodCallExpr,jetbrick.template.Errors,typeName,C:\Users\tyin363\Documents\repos\subchen__jetbrick-template-2x\jetbrick-template\src\main\java\jetbrick\template\parser\ast\ALU.java,182
CLIENT:client-code:N/A:N/A,ClassOrInterfaceType,jetbrick.template.parser.ast.Position,Position,C:\Users\tyin363\Documents\repos\subchen__jetbrick-template-2x\jetbrick-template\src\main\java\jetbrick\template\parser\ast\AstDirective.java,25
JDK:java.base:N/A:N/A,MethodCallExpr,java.lang.Object,toString,C:\Users\tyin363\Documents\repos\subchen__jetbrick-template-2x\jetbrick-template\src\main\java\jetbrick\template\runtime\buildin\JetMethods.java,66
JDK:java.base:N/A:N/A,MethodCallExpr,java.lang.Class,getName,C:\Users\tyin363\Documents\repos\subchen__jetbrick-template-2x\jetbrick-template\src\main\java\jetbrick\template\JetSecurityManagerImpl.java,128
CLIENT:client-code:N/A:N/A,NameExpr,jetbrick.template.parser.ast.AstText,text,C:\Users\tyin363\Documents\repos\subchen__jetbrick-template-2x\jetbrick-template\src\main\java\jetbrick\template\parser\ast\AstText.java,112
JDK:java.base:N/A:N/A,ClassOrInterfaceType,java.lang.Object,Object,C:\Users\tyin363\Documents\repos\subchen__jetbrick-template-2x\jetbrick-template\src\main\java\jetbrick\template\parser\ast\AstInvokeFunction.java,57
CLIENT:client-code:N/A:N/A,NameExpr,jetbrick.template.parser.ast.ALU,DOUBLE,C:\Users\tyin363\Documents\repos\subchen__jetbrick-template-2x\jetbrick-template\src\main\java\jetbrick\template\parser\ast\ALU.java,479
JDK:java.base:N/A:N/A,ClassOrInterfaceType,java.lang.String,String,C:\Users\tyin363\Documents\repos\subchen__jetbrick-template-2x\jetbrick-template\src\main\java\jetbrick\template\resolver\clazz\ClassResolver.java,46
JDK:java.base:N/A:N/A,ClassOrInterfaceType,java.lang.Object,Object,C:\Users\tyin363\Documents\repos\subchen__jetbrick-template-2x\jetbrick-template\src\main\java\jetbrick\template\parser\ast\AstInvokeMethod.java,100
CLIENT:client-code:N/A:N/A,NameExpr,jetbrick.template.parser.ast.AstText.Jdk9CharArrayEncoder,text,C:\Users\tyin363\Documents\repos\subchen__jetbrick-template-2x\jetbrick-template\src\main\java\jetbrick\template\parser\ast\AstText.java,274
CLIENT:client-code:N/A:N/A,NameExpr,jetbrick.template.JetTemplateImpl,config,C:\Users\tyin363\Documents\repos\subchen__jetbrick-template-2x\jetbrick-template\src\main\java\jetbrick\template\JetTemplateImpl.java,140
CLIENT:client-code:N/A:N/A,MethodCallExpr,jetbrick.template.resolver.SignatureUtils,getMethodSignature,C:\Users\tyin363\Documents\repos\subchen__jetbrick-template-2x\jetbrick-template\src\main\java\jetbrick\template\parser\ast\AstInvokeNewObject.java,60
CLIENT:client-code:N/A:N/A,ObjectCreationExpr,jetbrick.template.runtime.InterpretException,InterpretException,C:\Users\tyin363\Documents\repos\subchen__jetbrick-template-2x\jetbrick-template\src\main\java\jetbrick\template\parser\ast\AstOperatorBinary.java,63
CLIENT:client-code:N/A:N/A,NameExpr,jetbrick.template.parser.ast.AstDirectiveMacro,statements,C:\Users\tyin363\Documents\repos\subchen__jetbrick-template-2x\jetbrick-template\src\main\java\jetbrick\template\parser\ast\AstDirectiveMacro.java,58
CLIENT:client-code:N/A:N/A,MethodCallExpr,jetbrick.template.parser.ast.AstText,getText,C:\Users\tyin363\Documents\repos\subchen__jetbrick-template-2x\jetbrick-template\src\main\java\jetbrick\template\parser\ast\AstStatementList.java,96
CLIENT:client-code:N/A:N/A,NameExpr,jetbrick.template.resolver.GlobalResolver,functionInvokerResolver,C:\Users\tyin363\Documents\repos\subchen__jetbrick-template-2x\jetbrick-template\src\main\java\jetbrick\template\resolver\GlobalResolver.java,148
JDK:java.base:N/A:N/A,ClassOrInterfaceType,java.lang.String,String,C:\Users\tyin363\Documents\repos\subchen__jetbrick-template-2x\jetbrick-template\src\main\java\jetbrick\template\resolver\GlobalResolver.java,161
CLIENT:client-code:N/A:N/A,ObjectCreationExpr,jetbrick.template.runtime.writer.TrimLeadingWhitespacesOutputStream,TrimLeadingWhitespacesOutputStream,C:\Users\tyin363\Documents\repos\subchen__jetbrick-template-2x\jetbrick-template\src\main\java\jetbrick\template\runtime\JetWriter.java,48
JDK:java.base:N/A:N/A,ClassOrInterfaceType,java.lang.Number,Number,C:\Users\tyin363\Documents\repos\subchen__jetbrick-template-2x\jetbrick-template\src\main\java\jetbrick\template\parser\ast\ALU.java,349
JDK:java.base:N/A:N/A,ClassOrInterfaceType,java.lang.Class,Class,C:\Users\tyin363\Documents\repos\subchen__jetbrick-template-2x\jetbrick-template\src\main\java\jetbrick\template\resolver\method\MethodInvokerResolver.java,137
CLIENT:client-code:N/A:N/A,ClassOrInterfaceType,jetbrick.template.parser.ast.AstType,AstType,C:\Users\tyin363\Documents\repos\subchen__jetbrick-template-2x\jetbrick-template\src\main\java\jetbrick\template\parser\AstCodeVisitor.java,683
JDK:java.base:N/A:N/A,MethodCallExpr,java.lang.StringBuffer,append,C:\Users\tyin363\Documents\repos\subchen__jetbrick-template-2x\jetbrick-template\src\main\java\jetbrick\template\resolver\tag\TagInvokerResolver.java,82
CLIENT:client-code:N/A:N/A,FieldAccessExpr,jetbrick.template.runtime.writer.JetWriterPrinterEx,charset,C:\Users\tyin363\Documents\repos\subchen__jetbrick-template-2x\jetbrick-template\src\main\java\jetbrick\template\runtime\writer\JetWriterPrinterEx.java,33
CLIENT:client-code:N/A:N/A,ObjectCreationExpr,jetbrick.template.runtime.InterpretException,InterpretException,C:\Users\tyin363\Documents\repos\subchen__jetbrick-template-2x\jetbrick-template\src\main\java\jetbrick\template\parser\ast\AstInvokeFunction.java,78
CLIENT:client-code:N/A:N/A,ClassOrInterfaceType,jetbrick.template.parser.ast.Position,Position,C:\Users\tyin363\Documents\repos\subchen__jetbrick-template-2x\jetbrick-template\src\main\java\jetbrick\template\parser\AstCodeVisitor.java,906
CLIENT:client-code:N/A:N/A,FieldAccessExpr,jetbrick.template.parser.ast.Tokens,DIV,C:\Users\tyin363\Documents\repos\subchen__jetbrick-template-2x\jetbrick-template\src\main\java\jetbrick\template\parser\AstCodeVisitor.java,565
JDK:java.base:N/A:N/A,MethodCallExpr,java.lang.String,split,C:\Users\tyin363\Documents\repos\subchen__jetbrick-template-2x\jetbrick-template\src\main\java\jetbrick\template\parser\Source.java,34
CLIENT:client-code:N/A:N/A,ClassOrInterfaceType,jetbrick.template.JetSecurityManager,JetSecurityManager,C:\Users\tyin363\Documents\repos\subchen__jetbrick-template-2x\jetbrick-template\src\main\java\jetbrick\template\parser\ast\AstInvokeFunction.java,73
com.github.subchen:jetbrick-commons:jar:2.1.9,ClassOrInterfaceType,jetbrick.io.resource.ResourceNotFoundException,ResourceNotFoundException,C:\Users\tyin363\Documents\repos\subchen__jetbrick-template-2x\jetbrick-template\src\main\java\jetbrick\template\runtime\buildin\JetFunctions.java,88
JDK:java.base:N/A:N/A,MethodCallExpr,java.lang.Float,valueOf,C:\Users\tyin363\Documents\repos\subchen__jetbrick-template-2x\jetbrick-template\src\main\java\jetbrick\template\parser\AstCodeVisitor.java,759
JDK:java.base:N/A:N/A,ClassOrInterfaceType,java.lang.String,String,C:\Users\tyin363\Documents\repos\subchen__jetbrick-template-2x\jetbrick-template\src\main\java\jetbrick\template\resolver\clazz\ClassResolver.java,45
CLIENT:client-code:N/A:N/A,ClassOrInterfaceType,jetbrick.template.runtime.JetWriter,JetWriter,C:\Users\tyin363\Documents\repos\subchen__jetbrick-template-2x\jetbrick-template\src\main\java\jetbrick\template\runtime\InterpretContextImpl.java,40
CLIENT:client-code:N/A:N/A,ClassOrInterfaceType,jetbrick.template.runtime.InterpretException,InterpretException,C:\Users\tyin363\Documents\repos\subchen__jetbrick-template-2x\jetbrick-template\src\main\java\jetbrick\template\parser\ast\AstDirectiveInclude.java,44
CLIENT:client-code:N/A:N/A,ClassOrInterfaceType,jetbrick.template.runtime.InterpretException,InterpretException,C:\Users\tyin363\Documents\repos\subchen__jetbrick-template-2x\jetbrick-template\src\main\java\jetbrick\template\parser\ast\AstInvokeNewArray.java,73
CLIENT:client-code:N/A:N/A,ClassOrInterfaceType,jetbrick.template.JetTemplateMacro,JetTemplateMacro,C:\Users\tyin363\Documents\repos\subchen__jetbrick-template-2x\jetbrick-template\src\main\java\jetbrick\template\runtime\InterpretContext.java,70
JDK:java.base:N/A:N/A,ClassOrInterfaceType,java.lang.String,String,C:\Users\tyin363\Documents\repos\subchen__jetbrick-template-2x\jetbrick-template\src\main\java\jetbrick\template\JetEngineImpl.java,105
CLIENT:client-code:N/A:N/A,ClassOrInterfaceType,jetbrick.template.JetTemplate,JetTemplate,C:\Users\tyin363\Documents\repos\subchen__jetbrick-template-2x\jetbrick-template\src\main\java\jetbrick\template\JetEngineImpl.java,105
CLIENT:client-code:N/A:N/A,ClassOrInterfaceType,jetbrick.template.JetAnnotations.Methods,Methods,C:\Users\tyin363\Documents\repos\subchen__jetbrick-template-2x\jetbrick-template\src\main\java\jetbrick\template\resolver\GlobalResolver.java,68
CLIENT:client-code:N/A:N/A,FieldAccessExpr,jetbrick.template.JetEngineImpl,config,C:\Users\tyin363\Documents\repos\subchen__jetbrick-template-2x\jetbrick-template\src\main\java\jetbrick\template\JetEngineImpl.java,52
JDK:java.base:N/A:N/A,MethodCallExpr,java.lang.Number,intValue,C:\Users\tyin363\Documents\repos\subchen__jetbrick-template-2x\jetbrick-template\src\main\java\jetbrick\template\parser\ast\ALU.java,304
JDK:java.base:N/A:N/A,ClassOrInterfaceType,java.lang.Number,Number,C:\Users\tyin363\Documents\repos\subchen__jetbrick-template-2x\jetbrick-template\src\main\java\jetbrick\template\parser\ast\ALU.java,348
CLIENT:client-code:N/A:N/A,MethodCallExpr,jetbrick.template.runtime.JetForIterator,getOuter,C:\Users\tyin363\Documents\repos\subchen__jetbrick-template-2x\jetbrick-template\src\main\java\jetbrick\template\parser\ast\AstDirectiveFor.java,82
CLIENT:client-code:N/A:N/A,ClassOrInterfaceType,jetbrick.template.parser.ast.AstExpression,AstExpression,C:\Users\tyin363\Documents\repos\subchen__jetbrick-template-2x\jetbrick-template\src\main\java\jetbrick\template\parser\ast\AstInvokeMethodStatic.java,31
com.github.subchen:jetbrick-commons:jar:2.1.9,ClassOrInterfaceType,jetbrick.bean.PropertyInfo,PropertyInfo,C:\Users\tyin363\Documents\repos\subchen__jetbrick-template-2x\jetbrick-template\src\main\java\jetbrick\template\resolver\property\PropertyGetter.java,33
JDK:java.base:N/A:N/A,MethodCallExpr,java.lang.Number,longValue,C:\Users\tyin363\Documents\repos\subchen__jetbrick-template-2x\jetbrick-template\src\main\java\jetbrick\template\parser\ast\ALU.java,330
CLIENT:client-code:N/A:N/A,FieldAccessExpr,jetbrick.template.Errors,OPTION_VALUE_INVALID,C:\Users\tyin363\Documents\repos\subchen__jetbrick-template-2x\jetbrick-template\src\main\java\jetbrick\template\parser\AstCodeVisitor.java,201
JDK:java.base:N/A:N/A,MethodCallExpr,java.util.List,size,C:\Users\tyin363\Documents\repos\subchen__jetbrick-template-2x\jetbrick-template\src\main\java\jetbrick\template\runtime\JetForIterator.java,46
JDK:java.base:N/A:N/A,ClassOrInterfaceType,java.lang.Object,Object,C:\Users\tyin363\Documents\repos\subchen__jetbrick-template-2x\jetbrick-template\src\main\java\jetbrick\template\parser\ast\ALU.java,236
CLIENT:client-code:N/A:N/A,ClassOrInterfaceType,jetbrick.template.parser.ast.AstExpression,AstExpression,C:\Users\tyin363\Documents\repos\subchen__jetbrick-template-2x\jetbrick-template\src\main\java\jetbrick\template\parser\AstCodeVisitor.java,610
CLIENT:client-code:N/A:N/A,MethodCallExpr,jetbrick.template.JetTemplateImpl,doInterpret,C:\Users\tyin363\Documents\repos\subchen__jetbrick-template-2x\jetbrick-template\src\main\java\jetbrick\template\JetTemplateImpl.java,147
JDK:java.base:N/A:N/A,ClassOrInterfaceType,java.lang.Class,Class,C:\Users\tyin363\Documents\repos\subchen__jetbrick-template-2x\jetbrick-template\src\main\java\jetbrick\template\parser\ast\AstInvokeField.java,64
CLIENT:client-code:N/A:N/A,ClassOrInterfaceType,jetbrick.template.parser.ast.AstDirectiveBreak,AstDirectiveBreak,C:\Users\tyin363\Documents\repos\subchen__jetbrick-template-2x\jetbrick-template\src\main\java\jetbrick\template\parser\AstCodeVisitor.java,322
CLIENT:client-code:N/A:N/A,FieldAccessExpr,jetbrick.template.parser.ast.AstDirectiveContinue,conditionExpression,C:\Users\tyin363\Documents\repos\subchen__jetbrick-template-2x\jetbrick-template\src\main\java\jetbrick\template\parser\ast\AstDirectiveContinue.java,29
com.github.subchen:jetbrick-commons:jar:2.1.9,ClassOrInterfaceType,jetbrick.bean.MethodInfo,MethodInfo,C:\Users\tyin363\Documents\repos\subchen__jetbrick-template-2x\jetbrick-template\src\main\java\jetbrick\template\resolver\tag\TagInvokerResolver.java,52
CLIENT:client-code:N/A:N/A,ClassOrInterfaceType,jetbrick.template.JetSecurityManager,JetSecurityManager,C:\Users\tyin363\Documents\repos\subchen__jetbrick-template-2x\jetbrick-template\src\main\java\jetbrick\template\JetConfig.java,68
JDK:java.base:N/A:N/A,MethodCallExpr,java.util.Set,add,C:\Users\tyin363\Documents\repos\subchen__jetbrick-template-2x\jetbrick-template\src\main\java\jetbrick\template\JetSecurityManagerImpl.java,86
JDK:java.base:N/A:N/A,ClassOrInterfaceType,java.lang.Object,Object,C:\Users\tyin363\Documents\repos\subchen__jetbrick-template-2x\jetbrick-template\src\main\java\jetbrick\template\parser\ast\AstDirectiveSet.java,37
JDK:java.base:N/A:N/A,ClassOrInterfaceType,java.lang.Class,Class,C:\Users\tyin363\Documents\repos\subchen__jetbrick-template-2x\jetbrick-template\src\main\java\jetbrick\template\resolver\GlobalResolver.java,137
CLIENT:client-code:N/A:N/A,MethodCallExpr,jetbrick.template.runtime.InterpretException,set,C:\Users\tyin363\Documents\repos\subchen__jetbrick-template-2x\jetbrick-template\src\main\java\jetbrick\template\parser\ast\AstInvokeNewArray.java,73
JDK:java.base:N/A:N/A,MethodCallExpr,java.util.List,add,C:\Users\tyin363\Documents\repos\subchen__jetbrick-template-2x\jetbrick-template\src\main\java\jetbrick\template\resolver\tag\TagInvokerResolver.java,93
CLIENT:client-code:N/A:N/A,NameExpr,jetbrick.template.loader.resource.SourceResource,source,C:\Users\tyin363\Documents\repos\subchen__jetbrick-template-2x\jetbrick-template\src\main\java\jetbrick\template\loader\resource\SourceResource.java,54
CLIENT:client-code:N/A:N/A,FieldAccessExpr,jetbrick.template.parser.ast.AstOperatorEquals,rhs,C:\Users\tyin363\Documents\repos\subchen__jetbrick-template-2x\jetbrick-template\src\main\java\jetbrick\template\parser\ast\AstOperatorEquals.java,34
CLIENT:client-code:N/A:N/A,MethodCallExpr,jetbrick.template.resolver.function.FunctionInvokerResolver,register,C:\Users\tyin363\Documents\repos\subchen__jetbrick-template-2x\jetbrick-template\src\main\java\jetbrick\template\resolver\function\FunctionInvokerResolver.java,53
CLIENT:client-code:N/A:N/A,NameExpr,jetbrick.template.resolver.method.ExtensionMethodInvoker,varArgsClass,C:\Users\tyin363\Documents\repos\subchen__jetbrick-template-2x\jetbrick-template\src\main\java\jetbrick\template\resolver\method\ExtensionMethodInvoker.java,53
JDK:java.base:N/A:N/A,ClassOrInterfaceType,java.lang.String,String,C:\Users\tyin363\Documents\repos\subchen__jetbrick-template-2x\jetbrick-template\src\main\java\jetbrick\template\loader\AbstractResourceLoader.java,26
JDK:java.base:N/A:N/A,MethodCallExpr,java.lang.Number,longValue,C:\Users\tyin363\Documents\repos\subchen__jetbrick-template-2x\jetbrick-template\src\main\java\jetbrick\template\parser\ast\ALU.java,327
JDK:java.base:N/A:N/A,ObjectCreationExpr,java.security.AccessControlException,AccessControlException,C:\Users\tyin363\Documents\repos\subchen__jetbrick-template-2x\jetbrick-template\src\main\java\jetbrick\template\JetSecurityManagerImpl.java,112
CLIENT:client-code:N/A:N/A,MethodCallExpr,jetbrick.template.parser.ast.AstStatementList,splitStatementList,C:\Users\tyin363\Documents\repos\subchen__jetbrick-template-2x\jetbrick-template\src\main\java\jetbrick\template\parser\ast\AstStatementList.java,37
JDK:java.base:N/A:N/A,MethodCallExpr,java.util.List,toArray,C:\Users\tyin363\Documents\repos\subchen__jetbrick-template-2x\jetbrick-template\src\main\java\jetbrick\template\parser\ast\AstConstantMap.java,33
JDK:java.base:N/A:N/A,ClassOrInterfaceType,java.lang.Class,Class,C:\Users\tyin363\Documents\repos\subchen__jetbrick-template-2x\jetbrick-template\src\main\java\jetbrick\template\resolver\SignatureUtils.java,56
CLIENT:client-code:N/A:N/A,ClassOrInterfaceType,jetbrick.template.runtime.JetWriter,JetWriter,C:\Users\tyin363\Documents\repos\subchen__jetbrick-template-2x\jetbrick-template\src\main\java\jetbrick\template\runtime\buildin\JetFunctions.java,116
JDK:java.base:N/A:N/A,ClassOrInterfaceType,java.lang.Class,Class,C:\Users\tyin363\Documents\repos\subchen__jetbrick-template-2x\jetbrick-template\src\main\java\jetbrick\template\runtime\ValueStack.java,186
CLIENT:client-code:N/A:N/A,ClassOrInterfaceType,jetbrick.template.parser.ast.AstDirective,AstDirective,C:\Users\tyin363\Documents\repos\subchen__jetbrick-template-2x\jetbrick-template\src\main\java\jetbrick\template\parser\ast\AstDirectiveBreak.java,24
JDK:java.base:N/A:N/A,MethodCallExpr,java.lang.StringBuffer,append,C:\Users\tyin363\Documents\repos\subchen__jetbrick-template-2x\jetbrick-template\src\main\java\jetbrick\template\resolver\tag\TagInvokerResolver.java,84
JDK:java.base:N/A:N/A,ClassOrInterfaceType,java.lang.Object,Object,C:\Users\tyin363\Documents\repos\subchen__jetbrick-template-2x\jetbrick-template\src\main\java\jetbrick\template\runtime\ValueStack.java,58
CLIENT:client-code:N/A:N/A,FieldAccessExpr,jetbrick.template.Errors,DIRECTIVE_OUTSIDE_OF_FOR,C:\Users\tyin363\Documents\repos\subchen__jetbrick-template-2x\jetbrick-template\src\main\java\jetbrick\template\parser\AstCodeVisitor.java,864
CLIENT:client-code:N/A:N/A,MethodCallExpr,jetbrick.template.runtime.InterpretContext,getSecurityManager,C:\Users\tyin363\Documents\repos\subchen__jetbrick-template-2x\jetbrick-template\src\main\java\jetbrick\template\parser\ast\AstInvokeNewObject.java,65
JDK:java.base:N/A:N/A,ClassOrInterfaceType,java.lang.Byte,Byte,C:\Users\tyin363\Documents\repos\subchen__jetbrick-template-2x\jetbrick-template\src\main\java\jetbrick\template\parser\ast\ALU.java,336
JDK:java.base:N/A:N/A,MethodCallExpr,java.lang.Object,getClass,C:\Users\tyin363\Documents\repos\subchen__jetbrick-template-2x\jetbrick-template\src\main\java\jetbrick\template\parser\AstCodeVisitor.java,382
CLIENT:client-code:N/A:N/A,MethodCallExpr,jetbrick.template.parser.ast.AstTemplate,execute,C:\Users\tyin363\Documents\repos\subchen__jetbrick-template-2x\jetbrick-template\src\main\java\jetbrick\template\JetTemplateImpl.java,160
CLIENT:client-code:N/A:N/A,MethodCallExpr,jetbrick.template.JetEngineImpl,doCreateGlobalResolver,C:\Users\tyin363\Documents\repos\subchen__jetbrick-template-2x\jetbrick-template\src\main\java\jetbrick\template\JetEngineImpl.java,62
CLIENT:client-code:N/A:N/A,ClassOrInterfaceType,jetbrick.template.runtime.InterpretException,InterpretException,C:\Users\tyin363\Documents\repos\subchen__jetbrick-template-2x\jetbrick-template\src\main\java\jetbrick\template\parser\ast\AstDirectiveInclude.java,47
CLIENT:client-code:N/A:N/A,ClassOrInterfaceType,jetbrick.template.parser.ast.AstStatementList,AstStatementList,C:\Users\tyin363\Documents\repos\subchen__jetbrick-template-2x\jetbrick-template\src\main\java\jetbrick\template\runtime\JetTagContext.java,27
JDK:java.base:N/A:N/A,ClassOrInterfaceType,java.lang.Number,Number,C:\Users\tyin363\Documents\repos\subchen__jetbrick-template-2x\jetbrick-template\src\main\java\jetbrick\template\parser\ast\ALU.java,350
CLIENT:client-code:N/A:N/A,NameExpr,jetbrick.template.JetConfig,importMethods,C:\Users\tyin363\Documents\repos\subchen__jetbrick-template-2x\jetbrick-template\src\main\java\jetbrick\template\JetConfig.java,105
JDK:java.base:N/A:N/A,ClassOrInterfaceType,java.lang.String,String,C:\Users\tyin363\Documents\repos\subchen__jetbrick-template-2x\jetbrick-template\src\main\java\jetbrick\template\TemplateException.java,37
CLIENT:client-code:N/A:N/A,FieldAccessExpr,jetbrick.template.Errors,VARIABLE_TYPE_MISMATCH,C:\Users\tyin363\Documents\repos\subchen__jetbrick-template-2x\jetbrick-template\src\main\java\jetbrick\template\parser\ast\AstDirectiveInclude.java,50
CLIENT:client-code:N/A:N/A,MethodCallExpr,jetbrick.template.resolver.function.FunctionInvokerResolver,register,C:\Users\tyin363\Documents\repos\subchen__jetbrick-template-2x\jetbrick-template\src\main\java\jetbrick\template\resolver\GlobalResolver.java,155
JDK:java.base:N/A:N/A,ClassOrInterfaceType,java.lang.RuntimeException,RuntimeException,C:\Users\tyin363\Documents\repos\subchen__jetbrick-template-2x\jetbrick-template\src\main\java\jetbrick\template\parser\ast\AstInvokeMethodStatic.java,93
CLIENT:client-code:N/A:N/A,ClassOrInterfaceType,jetbrick.template.runtime.JetWriter,JetWriter,C:\Users\tyin363\Documents\repos\subchen__jetbrick-template-2x\jetbrick-template\src\main\java\jetbrick\template\runtime\writer\JetOutputStreamPrinterEx.java,27
org.antlr:antlr4-runtime:jar:4.10.1,ClassOrInterfaceType,org.antlr.v4.runtime.tree.TerminalNode,TerminalNode,C:\Users\tyin363\Documents\repos\subchen__jetbrick-template-2x\jetbrick-template\src\main\java\jetbrick\template\parser\AstCodeVisitor.java,722
CLIENT:client-code:N/A:N/A,ClassOrInterfaceType,jetbrick.template.parser.ast.Position,Position,C:\Users\tyin363\Documents\repos\subchen__jetbrick-template-2x\jetbrick-template\src\main\java\jetbrick\template\parser\ast\AstDirective.java,29
JDK:java.base:N/A:N/A,MethodCallExpr,java.util.Map,put,C:\Users\tyin363\Documents\repos\subchen__jetbrick-template-2x\jetbrick-template\src\main\java\jetbrick\template\JetGlobalContext.java,56
JDK:java.base:N/A:N/A,ClassOrInterfaceType,java.lang.String,String,C:\Users\tyin363\Documents\repos\subchen__jetbrick-template-2x\jetbrick-template\src\main\java\jetbrick\template\JetConfig.java,203
JDK:java.base:N/A:N/A,ClassOrInterfaceType,java.io.Writer,Writer,C:\Users\tyin363\Documents\repos\subchen__jetbrick-template-2x\jetbrick-template\src\main\java\jetbrick\template\JetTemplateImpl.java,139
CLIENT:client-code:N/A:N/A,MethodCallExpr,jetbrick.template.JetTemplateImpl,doInterpret,C:\Users\tyin363\Documents\repos\subchen__jetbrick-template-2x\jetbrick-template\src\main\java\jetbrick\template\JetTemplateImpl.java,141
JDK:java.base:N/A:N/A,ClassOrInterfaceType,java.lang.Short,Short,C:\Users\tyin363\Documents\repos\subchen__jetbrick-template-2x\jetbrick-template\src\main\java\jetbrick\template\parser\ast\ALU.java,53
JDK:java.base:N/A:N/A,MethodCallExpr,java.lang.String,length,C:\Users\tyin363\Documents\repos\subchen__jetbrick-template-2x\jetbrick-template\src\main\java\jetbrick\template\parser\AstCodeVisitor.java,128
JDK:java.base:N/A:N/A,ClassOrInterfaceType,java.lang.String,String,C:\Users\tyin363\Documents\repos\subchen__jetbrick-template-2x\jetbrick-template\src\main\java\jetbrick\template\resolver\clazz\ClassResolver.java,50
JDK:java.base:N/A:N/A,ClassOrInterfaceType,java.lang.String,String,C:\Users\tyin363\Documents\repos\subchen__jetbrick-template-2x\jetbrick-template\src\main\java\jetbrick\template\parser\ParserContext.java,228
JDK:java.base:N/A:N/A,MethodCallExpr,java.lang.Class,getComponentType,C:\Users\tyin363\Documents\repos\subchen__jetbrick-template-2x\jetbrick-template\src\main\java\jetbrick\template\resolver\function\ExtensionFunctionInvoker.java,40
CLIENT:client-code:N/A:N/A,NameExpr,jetbrick.template.runtime.writer.JetWriterPrinter,error,C:\Users\tyin363\Documents\repos\subchen__jetbrick-template-2x\jetbrick-template\src\main\java\jetbrick\template\runtime\writer\JetWriterPrinter.java,148
JDK:java.base:N/A:N/A,ClassOrInterfaceType,java.lang.Class,Class,C:\Users\tyin363\Documents\repos\subchen__jetbrick-template-2x\jetbrick-template\src\main\java\jetbrick\template\JetTemplateOption.java,32
CLIENT:client-code:N/A:N/A,MethodCallExpr,jetbrick.template.runtime.JetWriter,getCharset,C:\Users\tyin363\Documents\repos\subchen__jetbrick-template-2x\jetbrick-template\src\main\java\jetbrick\template\parser\ast\AstText.java,212
CLIENT:client-code:N/A:N/A,NameExpr,jetbrick.template.parser.ParserContext,strict,C:\Users\tyin363\Documents\repos\subchen__jetbrick-template-2x\jetbrick-template\src\main\java\jetbrick\template\parser\ParserContext.java,204
CLIENT:client-code:N/A:N/A,ClassOrInterfaceType,jetbrick.template.parser.ast.AstExpression,AstExpression,C:\Users\tyin363\Documents\repos\subchen__jetbrick-template-2x\jetbrick-template\src\main\java\jetbrick\template\parser\AstCodeVisitor.java,349
JDK:java.base:N/A:N/A,MethodCallExpr,java.lang.String,equals,C:\Users\tyin363\Documents\repos\subchen__jetbrick-template-2x\jetbrick-template\src\main\java\jetbrick\template\resolver\property\DefaultGetterResolver.java,71
JDK:java.base:N/A:N/A,MethodCallExpr,java.util.Set,add,C:\Users\tyin363\Documents\repos\subchen__jetbrick-template-2x\jetbrick-template\src\main\java\jetbrick\template\JetSecurityManagerImpl.java,84
CLIENT:client-code:N/A:N/A,MethodCallExpr,jetbrick.template.resolver.clazz.ClassResolver,resolveClass,C:\Users\tyin363\Documents\repos\subchen__jetbrick-template-2x\jetbrick-template\src\main\java\jetbrick\template\resolver\GlobalResolver.java,196
CLIENT:client-code:N/A:N/A,ClassOrInterfaceType,jetbrick.template.runtime.InterpretException,InterpretException,C:\Users\tyin363\Documents\repos\subchen__jetbrick-template-2x\jetbrick-template\src\main\java\jetbrick\template\parser\ast\AstDirectiveInclude.java,50
JDK:java.base:N/A:N/A,MethodCallExpr,java.util.List,remove,C:\Users\tyin363\Documents\repos\subchen__jetbrick-template-2x\jetbrick-template\src\main\java\jetbrick\template\parser\ast\AstStatementList.java,277
JDK:java.base:N/A:N/A,ClassOrInterfaceType,java.lang.Exception,Exception,C:\Users\tyin363\Documents\repos\subchen__jetbrick-template-2x\jetbrick-template\src\main\java\jetbrick\template\parser\ast\AstInvokeFieldStatic.java,72
CLIENT:client-code:N/A:N/A,NameExpr,jetbrick.template.parser.SyntaxException,position,C:\Users\tyin363\Documents\repos\subchen__jetbrick-template-2x\jetbrick-template\src\main\java\jetbrick\template\parser\SyntaxException.java,64
CLIENT:client-code:N/A:N/A,ClassOrInterfaceType,jetbrick.template.runtime.buildin.JetTags,JetTags,C:\Users\tyin363\Documents\repos\subchen__jetbrick-template-2x\jetbrick-template\src\main\java\jetbrick\template\JetEngineImpl.java,182
JDK:java.base:N/A:N/A,ClassOrInterfaceType,java.io.File,File,C:\Users\tyin363\Documents\repos\subchen__jetbrick-template-2x\jetbrick-template\src\main\java\jetbrick\template\JetSecurityManagerImpl.java,50
JDK:java.base:N/A:N/A,ClassOrInterfaceType,java.lang.String,String,C:\Users\tyin363\Documents\repos\subchen__jetbrick-template-2x\jetbrick-template\src\main\java\jetbrick\template\runtime\writer\JetOutputStreamPrinter.java,105
JDK:java.base:N/A:N/A,ClassOrInterfaceType,java.util.List,List,C:\Users\tyin363\Documents\repos\subchen__jetbrick-template-2x\jetbrick-template\src\main\java\jetbrick\template\JetTemplateImpl.java,129
CLIENT:client-code:N/A:N/A,NameExpr,jetbrick.template.runtime.writer.JetOutputStreamPrinter,os,C:\Users\tyin363\Documents\repos\subchen__jetbrick-template-2x\jetbrick-template\src\main\java\jetbrick\template\runtime\writer\JetOutputStreamPrinter.java,64
CLIENT:client-code:N/A:N/A,MethodCallExpr,jetbrick.template.parser.ast.ALU,isTrue,C:\Users\tyin363\Documents\repos\subchen__jetbrick-template-2x\jetbrick-template\src\main\java\jetbrick\template\parser\ast\AstDirectiveBreak.java,36
CLIENT:client-code:N/A:N/A,ClassOrInterfaceType,jetbrick.template.JetTemplate,JetTemplate,C:\Users\tyin363\Documents\repos\subchen__jetbrick-template-2x\jetbrick-template\src\main\java\jetbrick\template\JetEngineImpl.java,110
JDK:java.base:N/A:N/A,ClassOrInterfaceType,java.util.EmptyStackException,EmptyStackException,C:\Users\tyin363\Documents\repos\subchen__jetbrick-template-2x\jetbrick-template\src\main\java\jetbrick\template\runtime\ValueStack.java,151
com.github.subchen:jetbrick-commons:jar:2.1.9,ObjectCreationExpr,jetbrick.collection.iterator.LoopIterator,LoopIterator,C:\Users\tyin363\Documents\repos\subchen__jetbrick-template-2x\jetbrick-template\src\main\java\jetbrick\template\runtime\buildin\JetFunctions.java,60
com.github.subchen:jetbrick-commons:jar:2.1.9,MethodCallExpr,jetbrick.util.StringUtils,removeStart,C:\Users\tyin363\Documents\repos\subchen__jetbrick-template-2x\jetbrick-template\src\main\java\jetbrick\template\Errors.java,122
CLIENT:client-code:N/A:N/A,NameExpr,jetbrick.template.JetEngineImpl,log,C:\Users\tyin363\Documents\repos\subchen__jetbrick-template-2x\jetbrick-template\src\main\java\jetbrick\template\JetEngineImpl.java,58
JDK:java.base:N/A:N/A,MethodCallExpr,java.lang.Number,intValue,C:\Users\tyin363\Documents\repos\subchen__jetbrick-template-2x\jetbrick-template\src\main\java\jetbrick\template\parser\ast\ALU.java,308
CLIENT:client-code:N/A:N/A,NameExpr,jetbrick.template.resolver.method.ClassBuildinMethodInvoker,length,C:\Users\tyin363\Documents\repos\subchen__jetbrick-template-2x\jetbrick-template\src\main\java\jetbrick\template\resolver\method\ClassBuildinMethodInvoker.java,53
JDK:java.base:N/A:N/A,MethodCallExpr,java.lang.Integer,valueOf,C:\Users\tyin363\Documents\repos\subchen__jetbrick-template-2x\jetbrick-template\src\main\java\jetbrick\template\parser\ast\ALU.java,150
CLIENT:client-code:N/A:N/A,ClassOrInterfaceType,jetbrick.template.parser.ParserContext,ParserContext,C:\Users\tyin363\Documents\repos\subchen__jetbrick-template-2x\jetbrick-template\src\main\java\jetbrick\template\parser\AstBuilder.java,33
CLIENT:client-code:N/A:N/A,MethodCallExpr,jetbrick.template.parser.ast.AstText,getText,C:\Users\tyin363\Documents\repos\subchen__jetbrick-template-2x\jetbrick-template\src\main\java\jetbrick\template\parser\ast\AstStatementList.java,99
CLIENT:client-code:N/A:N/A,ClassOrInterfaceType,jetbrick.template.runtime.JetWriter,JetWriter,C:\Users\tyin363\Documents\repos\subchen__jetbrick-template-2x\jetbrick-template\src\main\java\jetbrick\template\runtime\InterpretContextImpl.java,36
JDK:java.base:N/A:N/A,ClassOrInterfaceType,java.lang.Object,Object,C:\Users\tyin363\Documents\repos\subchen__jetbrick-template-2x\jetbrick-template\src\main\java\jetbrick\template\runtime\writer\TrimLeadingWhitespacesWriter.java,36
JDK:java.base:N/A:N/A,MethodCallExpr,java.lang.Long,valueOf,C:\Users\tyin363\Documents\repos\subchen__jetbrick-template-2x\jetbrick-template\src\main\java\jetbrick\template\parser\ast\ALU.java,281
CLIENT:client-code:N/A:N/A,ClassOrInterfaceType,jetbrick.template.loader.ResourceLoader,ResourceLoader,C:\Users\tyin363\Documents\repos\subchen__jetbrick-template-2x\jetbrick-template\src\main\java\jetbrick\template\loader\AbstractResourceLoader.java,25
JDK:java.base:N/A:N/A,ClassOrInterfaceType,java.lang.IllegalStateException,IllegalStateException,C:\Users\tyin363\Documents\repos\subchen__jetbrick-template-2x\jetbrick-template\src\main\java\jetbrick\template\parser\ast\ALU.java,319
JDK:java.base:N/A:N/A,ClassOrInterfaceType,java.lang.Object,Object,C:\Users\tyin363\Documents\repos\subchen__jetbrick-template-2x\jetbrick-template\src\main\java\jetbrick\template\parser\AstBuilder.java,60
JDK:java.base:N/A:N/A,MethodCallExpr,java.util.List,toArray,C:\Users\tyin363\Documents\repos\subchen__jetbrick-template-2x\jetbrick-template\src\main\java\jetbrick\template\parser\ast\AstStatementList.java,43
CLIENT:client-code:N/A:N/A,ClassOrInterfaceType,jetbrick.template.parser.ast.AstStatementList,AstStatementList,C:\Users\tyin363\Documents\repos\subchen__jetbrick-template-2x\jetbrick-template\src\main\java\jetbrick\template\runtime\JetTagContext.java,29
JDK:java.base:N/A:N/A,ClassOrInterfaceType,java.io.Writer,Writer,C:\Users\tyin363\Documents\repos\subchen__jetbrick-template-2x\jetbrick-template\src\main\java\jetbrick\template\runtime\JetWriter.java,31
CLIENT:client-code:N/A:N/A,ObjectCreationExpr,jetbrick.template.JetGlobalContext,JetGlobalContext,C:\Users\tyin363\Documents\repos\subchen__jetbrick-template-2x\jetbrick-template\src\main\java\jetbrick\template\JetEngineImpl.java,197
JDK:java.base:N/A:N/A,ClassOrInterfaceType,java.lang.String,String,C:\Users\tyin363\Documents\repos\subchen__jetbrick-template-2x\jetbrick-template\src\main\java\jetbrick\template\Errors.java,170
CLIENT:client-code:N/A:N/A,NameExpr,jetbrick.template.JetSecurityManagerImpl,disallowStaticField,C:\Users\tyin363\Documents\repos\subchen__jetbrick-template-2x\jetbrick-template\src\main\java\jetbrick\template\JetSecurityManagerImpl.java,147
CLIENT:client-code:N/A:N/A,ClassOrInterfaceType,jetbrick.template.parser.ast.Position,Position,C:\Users\tyin363\Documents\repos\subchen__jetbrick-template-2x\jetbrick-template\src\main\java\jetbrick\template\parser\ast\AstDirective.java,23
com.github.subchen:jetbrick-commons:jar:2.1.9,MethodCallExpr,jetbrick.bean.ConstructorInfo,getConstructor,C:\Users\tyin363\Documents\repos\subchen__jetbrick-template-2x\jetbrick-template\src\main\java\jetbrick\template\parser\ast\AstInvokeNewObject.java,68
JDK:java.base:N/A:N/A,ClassOrInterfaceType,java.util.HashSet,HashSet,C:\Users\tyin363\Documents\repos\subchen__jetbrick-template-2x\jetbrick-template\src\main\java\jetbrick\template\JetSecurityManagerImpl.java,43
JDK:java.base:N/A:N/A,ClassOrInterfaceType,java.lang.Number,Number,C:\Users\tyin363\Documents\repos\subchen__jetbrick-template-2x\jetbrick-template\src\main\java\jetbrick\template\runtime\buildin\JetMethods.java,73
CLIENT:client-code:N/A:N/A,NameExpr,jetbrick.template.parser.ast.AstDirectiveReturn,expression,C:\Users\tyin363\Documents\repos\subchen__jetbrick-template-2x\jetbrick-template\src\main\java\jetbrick\template\parser\ast\AstDirectiveReturn.java,48
CLIENT:client-code:N/A:N/A,ClassOrInterfaceType,jetbrick.template.parser.ast.AstStatementList.ListIterator,ListIterator,C:\Users\tyin363\Documents\repos\subchen__jetbrick-template-2x\jetbrick-template\src\main\java\jetbrick\template\parser\ast\AstStatementList.java,120
CLIENT:client-code:N/A:N/A,MethodCallExpr,jetbrick.template.Errors,format,C:\Users\tyin363\Documents\repos\subchen__jetbrick-template-2x\jetbrick-template\src\main\java\jetbrick\template\JetGlobalContext.java,40
JDK:java.base:N/A:N/A,MethodCallExpr,java.lang.Throwable,initCause,C:\Users\tyin363\Documents\repos\subchen__jetbrick-template-2x\jetbrick-template\src\main\java\jetbrick\template\parser\SyntaxException.java,48
CLIENT:client-code:N/A:N/A,NameExpr,jetbrick.template.runtime.ValueStack,UNUSED_INDEX,C:\Users\tyin363\Documents\repos\subchen__jetbrick-template-2x\jetbrick-template\src\main\java\jetbrick\template\runtime\ValueStack.java,82
CLIENT:client-code:N/A:N/A,NameExpr,jetbrick.template.parser.ast.AstText,text,C:\Users\tyin363\Documents\repos\subchen__jetbrick-template-2x\jetbrick-template\src\main\java\jetbrick\template\parser\ast\AstText.java,110
CLIENT:client-code:N/A:N/A,NameExpr,jetbrick.template.parser.ast.ALU,LONG,C:\Users\tyin363\Documents\repos\subchen__jetbrick-template-2x\jetbrick-template\src\main\java\jetbrick\template\parser\ast\ALU.java,444
JDK:java.base:N/A:N/A,ClassOrInterfaceType,java.io.IOException,IOException,C:\Users\tyin363\Documents\repos\subchen__jetbrick-template-2x\jetbrick-template\src\main\java\jetbrick\template\runtime\writer\JetWriterPrinter.java,65
CLIENT:client-code:N/A:N/A,ClassOrInterfaceType,jetbrick.template.parser.ast.AstConstant,AstConstant,C:\Users\tyin363\Documents\repos\subchen__jetbrick-template-2x\jetbrick-template\src\main\java\jetbrick\template\parser\AstCodeVisitor.java,363
JDK:java.base:N/A:N/A,ClassOrInterfaceType,java.lang.Object,Object,C:\Users\tyin363\Documents\repos\subchen__jetbrick-template-2x\jetbrick-template\src\main\java\jetbrick\template\runtime\JetForIterator.java,80
JDK:java.base:N/A:N/A,MethodCallExpr,java.util.Set,add,C:\Users\tyin363\Documents\repos\subchen__jetbrick-template-2x\jetbrick-template\src\main\java\jetbrick\template\JetSecurityManagerImpl.java,82
CLIENT:client-code:N/A:N/A,ClassOrInterfaceType,jetbrick.template.parser.ast.AstStatementList,AstStatementList,C:\Users\tyin363\Documents\repos\subchen__jetbrick-template-2x\jetbrick-template\src\main\java\jetbrick\template\parser\AstCodeVisitor.java,91
CLIENT:client-code:N/A:N/A,ClassOrInterfaceType,jetbrick.template.JetTemplate,JetTemplate,C:\Users\tyin363\Documents\repos\subchen__jetbrick-template-2x\jetbrick-template\src\main\java\jetbrick\template\JetEngineImpl.java,112
JDK:java.base:N/A:N/A,MethodCallExpr,java.util.Map,put,C:\Users\tyin363\Documents\repos\subchen__jetbrick-template-2x\jetbrick-template\src\main\java\jetbrick\template\parser\ParserContext.java,193
JDK:java.base:N/A:N/A,ClassOrInterfaceType,java.lang.String,String,C:\Users\tyin363\Documents\repos\subchen__jetbrick-template-2x\jetbrick-template\src\main\java\jetbrick\template\JetTemplateMacro.java,56
CLIENT:client-code:N/A:N/A,ObjectCreationExpr,jetbrick.template.runtime.InterpretException,InterpretException,C:\Users\tyin363\Documents\repos\subchen__jetbrick-template-2x\jetbrick-template\src\main\java\jetbrick\template\parser\ast\AstOperatorBinary.java,69
CLIENT:client-code:N/A:N/A,ClassOrInterfaceType,jetbrick.template.parser.ast.AstExpression,AstExpression,C:\Users\tyin363\Documents\repos\subchen__jetbrick-template-2x\jetbrick-template\src\main\java\jetbrick\template\parser\AstCodeVisitor.java,351
CLIENT:client-code:N/A:N/A,ObjectCreationExpr,jetbrick.template.runtime.writer.JetWriterPrinter,JetWriterPrinter,C:\Users\tyin363\Documents\repos\subchen__jetbrick-template-2x\jetbrick-template\src\main\java\jetbrick\template\runtime\JetWriter.java,36
com.github.subchen:jetbrick-commons:jar:2.1.9,ObjectCreationExpr,jetbrick.collection.ListMap,ListMap,C:\Users\tyin363\Documents\repos\subchen__jetbrick-template-2x\jetbrick-template\src\main\java\jetbrick\template\parser\ast\AstConstantMap.java,38
CLIENT:client-code:N/A:N/A,MethodCallExpr,jetbrick.template.Errors,format,C:\Users\tyin363\Documents\repos\subchen__jetbrick-template-2x\jetbrick-template\src\main\java\jetbrick\template\parser\ParserContext.java,178
JDK:java.base:N/A:N/A,ClassOrInterfaceType,java.io.PrintWriter,PrintWriter,C:\Users\tyin363\Documents\repos\subchen__jetbrick-template-2x\jetbrick-template\src\main\java\jetbrick\template\runtime\JetWriter.java,32
JDK:java.base:N/A:N/A,ClassOrInterfaceType,java.lang.String,String,C:\Users\tyin363\Documents\repos\subchen__jetbrick-template-2x\jetbrick-template\src\main\java\jetbrick\template\Errors.java,167
JDK:java.base:N/A:N/A,ClassOrInterfaceType,java.lang.Class,Class,C:\Users\tyin363\Documents\repos\subchen__jetbrick-template-2x\jetbrick-template\src\main\java\jetbrick\template\parser\AstCodeVisitor.java,455
CLIENT:client-code:N/A:N/A,ClassOrInterfaceType,jetbrick.template.runtime.InterpretContext,InterpretContext,C:\Users\tyin363\Documents\repos\subchen__jetbrick-template-2x\jetbrick-template\src\main\java\jetbrick\template\parser\ast\AstInvokeField.java,60
JDK:java.base:N/A:N/A,ClassOrInterfaceType,java.util.HashSet,HashSet,C:\Users\tyin363\Documents\repos\subchen__jetbrick-template-2x\jetbrick-template\src\main\java\jetbrick\template\JetSecurityManagerImpl.java,42
com.github.subchen:jetbrick-commons:jar:2.1.9,ClassOrInterfaceType,jetbrick.io.resource.FileSystemResource,FileSystemResource,C:\Users\tyin363\Documents\repos\subchen__jetbrick-template-2x\jetbrick-template\src\main\java\jetbrick\template\loader\FileSystemResourceLoader.java,43
JDK:java.base:N/A:N/A,ClassOrInterfaceType,java.lang.Byte,Byte,C:\Users\tyin363\Documents\repos\subchen__jetbrick-template-2x\jetbrick-template\src\main\java\jetbrick\template\parser\ast\ALU.java,332
JDK:java.base:N/A:N/A,ClassOrInterfaceType,java.lang.IllegalStateException,IllegalStateException,C:\Users\tyin363\Documents\repos\subchen__jetbrick-template-2x\jetbrick-template\src\main\java\jetbrick\template\runtime\ValueStack.java,149
CLIENT:client-code:N/A:N/A,FieldAccessExpr,jetbrick.template.parser.ast.Tokens,AST_BLOCK_FOR,C:\Users\tyin363\Documents\repos\subchen__jetbrick-template-2x\jetbrick-template\src\main\java\jetbrick\template\parser\AstCodeVisitor.java,104
CLIENT:client-code:N/A:N/A,ClassOrInterfaceType,jetbrick.template.parser.ast.AstConstant,AstConstant,C:\Users\tyin363\Documents\repos\subchen__jetbrick-template-2x\jetbrick-template\src\main\java\jetbrick\template\parser\AstCodeVisitor.java,362
CLIENT:client-code:N/A:N/A,FieldAccessExpr,jetbrick.template.parser.ast.AstOperatorUnary,operator,C:\Users\tyin363\Documents\repos\subchen__jetbrick-template-2x\jetbrick-template\src\main\java\jetbrick\template\parser\ast\AstOperatorUnary.java,45
CLIENT:client-code:N/A:N/A,ClassOrInterfaceType,jetbrick.template.JetConfig,JetConfig,C:\Users\tyin363\Documents\repos\subchen__jetbrick-template-2x\jetbrick-template\src\main\java\jetbrick\template\JetEngineImpl.java,51
CLIENT:client-code:N/A:N/A,MethodCallExpr,jetbrick.template.runtime.InterpretContext,getSecurityManager,C:\Users\tyin363\Documents\repos\subchen__jetbrick-template-2x\jetbrick-template\src\main\java\jetbrick\template\parser\ast\AstInvokeNewArray.java,44
JDK:java.base:N/A:N/A,MethodCallExpr,java.io.Writer,close,C:\Users\tyin363\Documents\repos\subchen__jetbrick-template-2x\jetbrick-template\src\main\java\jetbrick\template\runtime\writer\JetWriterPrinter.java,158
CLIENT:client-code:N/A:N/A,MethodCallExpr,jetbrick.template.JetConfig,isTrimDirectiveWhitespaces,C:\Users\tyin363\Documents\repos\subchen__jetbrick-template-2x\jetbrick-template\src\main\java\jetbrick\template\JetTemplateImpl.java,107
JDK:java.base:N/A:N/A,MethodCallExpr,java.lang.String,concat,C:\Users\tyin363\Documents\repos\subchen__jetbrick-template-2x\jetbrick-template\src\main\java\jetbrick\template\parser\ast\ALU.java,70
org.slf4j:slf4j-api:jar:1.7.7,MethodCallExpr,org.slf4j.Logger,isInfoEnabled,C:\Users\tyin363\Documents\repos\subchen__jetbrick-template-2x\jetbrick-template\src\main\java\jetbrick\template\resolver\function\FunctionInvokerResolver.java,70
JDK:java.base:N/A:N/A,MethodCallExpr,java.lang.System,currentTimeMillis,C:\Users\tyin363\Documents\repos\subchen__jetbrick-template-2x\jetbrick-template\src\main\java\jetbrick\template\resolver\GlobalResolver.java,76
org.antlr:antlr4-runtime:jar:4.10.1,MethodCallExpr,org.antlr.v4.runtime.tree.TerminalNode,getSymbol,C:\Users\tyin363\Documents\repos\subchen__jetbrick-template-2x\jetbrick-template\src\main\java\jetbrick\template\parser\AstCodeVisitor.java,518
CLIENT:client-code:N/A:N/A,MethodCallExpr,jetbrick.template.runtime.ValueStack,setLocal,C:\Users\tyin363\Documents\repos\subchen__jetbrick-template-2x\jetbrick-template\src\main\java\jetbrick\template\parser\ast\AstDirectiveFor.java,58
CLIENT:client-code:N/A:N/A,ClassOrInterfaceType,jetbrick.template.parser.ast.AstNode,AstNode,C:\Users\tyin363\Documents\repos\subchen__jetbrick-template-2x\jetbrick-template\src\main\java\jetbrick\template\parser\AstCodeVisitor.java,336
JDK:java.base:N/A:N/A,ClassOrInterfaceType,java.lang.Object,Object,C:\Users\tyin363\Documents\repos\subchen__jetbrick-template-2x\jetbrick-template\src\main\java\jetbrick\template\parser\ast\AstDirectiveIf.java,38
JDK:java.base:N/A:N/A,MethodCallExpr,java.lang.Object,getClass,C:\Users\tyin363\Documents\repos\subchen__jetbrick-template-2x\jetbrick-template\src\main\java\jetbrick\template\parser\ast\ALU.java,295
JDK:java.base:N/A:N/A,ClassOrInterfaceType,java.lang.IllegalStateException,IllegalStateException,C:\Users\tyin363\Documents\repos\subchen__jetbrick-template-2x\jetbrick-template\src\main\java\jetbrick\template\parser\ast\AstOperatorBinary.java,126
CLIENT:client-code:N/A:N/A,ClassOrInterfaceType,jetbrick.template.parser.ast.AstExpression,AstExpression,C:\Users\tyin363\Documents\repos\subchen__jetbrick-template-2x\jetbrick-template\src\main\java\jetbrick\template\parser\AstCodeVisitor.java,352
CLIENT:client-code:N/A:N/A,MethodCallExpr,jetbrick.template.runtime.InterpretContext,getEngine,C:\Users\tyin363\Documents\repos\subchen__jetbrick-template-2x\jetbrick-template\src\main\java\jetbrick\template\runtime\JetTagContext.java,71
CLIENT:client-code:N/A:N/A,NameExpr,jetbrick.template.parser.ast.AstExpression,position,C:\Users\tyin363\Documents\repos\subchen__jetbrick-template-2x\jetbrick-template\src\main\java\jetbrick\template\parser\ast\AstInvokeMethodStatic.java,80
CLIENT:client-code:N/A:N/A,NameExpr,jetbrick.template.runtime.InterpretContext,threadLocal,C:\Users\tyin363\Documents\repos\subchen__jetbrick-template-2x\jetbrick-template\src\main\java\jetbrick\template\runtime\InterpretContextImpl.java,52
JDK:java.base:N/A:N/A,ClassOrInterfaceType,java.lang.Class,Class,C:\Users\tyin363\Documents\repos\subchen__jetbrick-template-2x\jetbrick-template\src\main\java\jetbrick\template\resolver\GlobalResolver.java,147
CLIENT:client-code:N/A:N/A,NameExpr,jetbrick.template.runtime.writer.JetWriterPrinter,error,C:\Users\tyin363\Documents\repos\subchen__jetbrick-template-2x\jetbrick-template\src\main\java\jetbrick\template\runtime\writer\JetWriterPrinter.java,160
JDK:java.base:N/A:N/A,MethodCallExpr,java.lang.Number,intValue,C:\Users\tyin363\Documents\repos\subchen__jetbrick-template-2x\jetbrick-template\src\main\java\jetbrick\template\parser\ast\ALU.java,311
CLIENT:client-code:N/A:N/A,ClassOrInterfaceType,jetbrick.template.parser.ast.AstExpressionList,AstExpressionList,C:\Users\tyin363\Documents\repos\subchen__jetbrick-template-2x\jetbrick-template\src\main\java\jetbrick\template\parser\AstCodeVisitor.java,701
JDK:java.base:N/A:N/A,MethodCallExpr,java.lang.Object,getClass,C:\Users\tyin363\Documents\repos\subchen__jetbrick-template-2x\jetbrick-template\src\main\java\jetbrick\template\parser\ast\ALU.java,294
JDK:java.base:N/A:N/A,MethodCallExpr,java.util.Arrays,copyOf,C:\Users\tyin363\Documents\repos\subchen__jetbrick-template-2x\jetbrick-template\src\main\java\jetbrick\template\runtime\ValueStack.java,60
CLIENT:client-code:N/A:N/A,MethodCallExpr,jetbrick.template.Errors,typeName,C:\Users\tyin363\Documents\repos\subchen__jetbrick-template-2x\jetbrick-template\src\main\java\jetbrick\template\parser\ast\ALU.java,190
CLIENT:client-code:N/A:N/A,ClassOrInterfaceType,jetbrick.template.parser.ast.AstExpression,AstExpression,C:\Users\tyin363\Documents\repos\subchen__jetbrick-template-2x\jetbrick-template\src\main\java\jetbrick\template\parser\AstCodeVisitor.java,337
org.slf4j:slf4j-api:jar:1.7.7,MethodCallExpr,org.slf4j.Logger,debug,C:\Users\tyin363\Documents\repos\subchen__jetbrick-template-2x\jetbrick-template\src\main\java\jetbrick\template\resolver\method\MethodInvokerResolver.java,83
CLIENT:client-code:N/A:N/A,ObjectCreationExpr,jetbrick.template.resolver.method.ExtensionMethodInvoker,ExtensionMethodInvoker,C:\Users\tyin363\Documents\repos\subchen__jetbrick-template-2x\jetbrick-template\src\main\java\jetbrick\template\resolver\method\MethodInvokerResolver.java,142
CLIENT:client-code:N/A:N/A,ObjectCreationExpr,jetbrick.template.parser.AstCodeVisitor,AstCodeVisitor,C:\Users\tyin363\Documents\repos\subchen__jetbrick-template-2x\jetbrick-template\src\main\java\jetbrick\template\parser\AstBuilder.java,48
CLIENT:client-code:N/A:N/A,ClassOrInterfaceType,jetbrick.template.runtime.InterpretContext,InterpretContext,C:\Users\tyin363\Documents\repos\subchen__jetbrick-template-2x\jetbrick-template\src\main\java\jetbrick\template\parser\ast\AstInvokeField.java,46
CLIENT:client-code:N/A:N/A,MethodCallExpr,jetbrick.template.parser.ast.Position,getLine,C:\Users\tyin363\Documents\repos\subchen__jetbrick-template-2x\jetbrick-template\src\main\java\jetbrick\template\Errors.java,154
JDK:java.base:N/A:N/A,MethodCallExpr,java.lang.Class,getName,C:\Users\tyin363\Documents\repos\subchen__jetbrick-template-2x\jetbrick-template\src\main\java\jetbrick\template\JetSecurityManagerImpl.java,137
CLIENT:client-code:N/A:N/A,MethodCallExpr,jetbrick.template.Errors,format,C:\Users\tyin363\Documents\repos\subchen__jetbrick-template-2x\jetbrick-template\src\main\java\jetbrick\template\parser\ast\ALU.java,341
CLIENT:client-code:N/A:N/A,MethodCallExpr,jetbrick.template.resolver.function.FunctionInvokerResolver,register,C:\Users\tyin363\Documents\repos\subchen__jetbrick-template-2x\jetbrick-template\src\main\java\jetbrick\template\resolver\GlobalResolver.java,148
JDK:java.base:N/A:N/A,MethodCallExpr,java.io.Writer,close,C:\Users\tyin363\Documents\repos\subchen__jetbrick-template-2x\jetbrick-template\src\main\java\jetbrick\template\runtime\writer\JetWriterPrinterEx.java,103
CLIENT:client-code:N/A:N/A,NameExpr,jetbrick.template.JetConfig,trimDirectiveComments,C:\Users\tyin363\Documents\repos\subchen__jetbrick-template-2x\jetbrick-template\src\main\java\jetbrick\template\JetConfig.java,196
JDK:java.base:N/A:N/A,ClassOrInterfaceType,java.lang.Object,Object,C:\Users\tyin363\Documents\repos\subchen__jetbrick-template-2x\jetbrick-template\src\main\java\jetbrick\template\parser\ast\AstOperatorNullAsDefault.java,36
JDK:java.base:N/A:N/A,MethodCallExpr,java.lang.Long,valueOf,C:\Users\tyin363\Documents\repos\subchen__jetbrick-template-2x\jetbrick-template\src\main\java\jetbrick\template\parser\ast\ALU.java,267
CLIENT:client-code:N/A:N/A,MethodCallExpr,jetbrick.template.parser.ast.ALU,gt,C:\Users\tyin363\Documents\repos\subchen__jetbrick-template-2x\jetbrick-template\src\main\java\jetbrick\template\parser\ast\AstOperatorBinary.java,115
JDK:java.base:N/A:N/A,ClassOrInterfaceType,java.lang.Short,Short,C:\Users\tyin363\Documents\repos\subchen__jetbrick-template-2x\jetbrick-template\src\main\java\jetbrick\template\parser\ast\ALU.java,329
CLIENT:client-code:N/A:N/A,FieldAccessExpr,jetbrick.template.runtime.InterpretContext,SIGNAL_BREAK,C:\Users\tyin363\Documents\repos\subchen__jetbrick-template-2x\jetbrick-template\src\main\java\jetbrick\template\parser\ast\AstDirectiveBreak.java,37
CLIENT:client-code:N/A:N/A,ClassOrInterfaceType,jetbrick.template.runtime.InterpretException,InterpretException,C:\Users\tyin363\Documents\repos\subchen__jetbrick-template-2x\jetbrick-template\src\main\java\jetbrick\template\parser\ast\AstInvokeNewArray.java,80
CLIENT:client-code:N/A:N/A,FieldAccessExpr,jetbrick.template.JetEngineImpl,globalResolver,C:\Users\tyin363\Documents\repos\subchen__jetbrick-template-2x\jetbrick-template\src\main\java\jetbrick\template\JetEngineImpl.java,62
JDK:java.base:N/A:N/A,ObjectCreationExpr,java.lang.IllegalStateException,IllegalStateException,C:\Users\tyin363\Documents\repos\subchen__jetbrick-template-2x\jetbrick-template\src\main\java\jetbrick\template\parser\ast\AstText.java,230
CLIENT:client-code:N/A:N/A,NameExpr,jetbrick.template.resolver.GlobalResolver,functionInvokerResolver,C:\Users\tyin363\Documents\repos\subchen__jetbrick-template-2x\jetbrick-template\src\main\java\jetbrick\template\resolver\GlobalResolver.java,155
com.github.subchen:jetbrick-commons:jar:2.1.9,MethodCallExpr,jetbrick.util.StringUtils,substringBetween,C:\Users\tyin363\Documents\repos\subchen__jetbrick-template-2x\jetbrick-template\src\main\java\jetbrick\template\parser\AstCodeVisitor.java,399
com.github.subchen:jetbrick-commons:jar:2.1.9,ObjectCreationExpr,jetbrick.io.resource.ResourceNotFoundException,ResourceNotFoundException,C:\Users\tyin363\Documents\repos\subchen__jetbrick-template-2x\jetbrick-template\src\main\java\jetbrick\template\JetEngineImpl.java,150
JDK:java.base:N/A:N/A,MethodCallExpr,java.util.List,size,C:\Users\tyin363\Documents\repos\subchen__jetbrick-template-2x\jetbrick-template\src\main\java\jetbrick\template\runtime\JetForIterator.java,55
JDK:java.base:N/A:N/A,ClassOrInterfaceType,java.lang.Number,Number,C:\Users\tyin363\Documents\repos\subchen__jetbrick-template-2x\jetbrick-template\src\main\java\jetbrick\template\runtime\buildin\JetMethods.java,74
JDK:java.base:N/A:N/A,ClassOrInterfaceType,java.lang.Object,Object,C:\Users\tyin363\Documents\repos\subchen__jetbrick-template-2x\jetbrick-template\src\main\java\jetbrick\template\parser\ast\AstOperatorNullAsDefault.java,35
CLIENT:client-code:N/A:N/A,NameExpr,jetbrick.template.runtime.JetForIterator,iterator,C:\Users\tyin363\Documents\repos\subchen__jetbrick-template-2x\jetbrick-template\src\main\java\jetbrick\template\runtime\JetForIterator.java,89
JDK:java.base:N/A:N/A,ClassOrInterfaceType,java.lang.IllegalStateException,IllegalStateException,C:\Users\tyin363\Documents\repos\subchen__jetbrick-template-2x\jetbrick-template\src\main\java\jetbrick\template\parser\ast\ALU.java,315
org.antlr:antlr4-runtime:jar:4.10.1,ClassOrInterfaceType,org.antlr.v4.runtime.Parser,Parser,C:\Users\tyin363\Documents\repos\subchen__jetbrick-template-2x\jetbrick-template\src\main\java\jetbrick\template\parser\AstBuilder.java,83
JDK:java.base:N/A:N/A,MethodCallExpr,java.lang.Integer,valueOf,C:\Users\tyin363\Documents\repos\subchen__jetbrick-template-2x\jetbrick-template\src\main\java\jetbrick\template\Errors.java,186
JDK:java.base:N/A:N/A,MethodCallExpr,java.lang.StackTraceElement,getClassName,C:\Users\tyin363\Documents\repos\subchen__jetbrick-template-2x\jetbrick-template\src\main\java\jetbrick\template\Errors.java,99
CLIENT:client-code:N/A:N/A,FieldAccessExpr,jetbrick.template.Errors,EXPRESSION_OBJECT_IS_NULL,C:\Users\tyin363\Documents\repos\subchen__jetbrick-template-2x\jetbrick-template\src\main\java\jetbrick\template\parser\ast\AstOperatorUnary.java,53
CLIENT:client-code:N/A:N/A,ClassOrInterfaceType,jetbrick.template.runtime.InterpretContext,InterpretContext,C:\Users\tyin363\Documents\repos\subchen__jetbrick-template-2x\jetbrick-template\src\main\java\jetbrick\template\parser\ast\AstStatementList.java,210
CLIENT:client-code:N/A:N/A,NameExpr,jetbrick.template.parser.ast.ALU,INTEGER,C:\Users\tyin363\Documents\repos\subchen__jetbrick-template-2x\jetbrick-template\src\main\java\jetbrick\template\parser\ast\ALU.java,101
CLIENT:client-code:N/A:N/A,MethodCallExpr,jetbrick.template.runtime.InterpretException,set,C:\Users\tyin363\Documents\repos\subchen__jetbrick-template-2x\jetbrick-template\src\main\java\jetbrick\template\parser\ast\AstInvokeNewArray.java,80
org.slf4j:slf4j-api:jar:1.7.7,MethodCallExpr,org.slf4j.Logger,info,C:\Users\tyin363\Documents\repos\subchen__jetbrick-template-2x\jetbrick-template\src\main\java\jetbrick\template\JetEngineImpl.java,58
CLIENT:client-code:N/A:N/A,FieldAccessExpr,jetbrick.template.runtime.InterpretContext,SIGNAL_RETURN,C:\Users\tyin363\Documents\repos\subchen__jetbrick-template-2x\jetbrick-template\src\main\java\jetbrick\template\parser\ast\AstDirectiveReturn.java,52
JDK:java.base:N/A:N/A,ClassOrInterfaceType,java.lang.Class,Class,C:\Users\tyin363\Documents\repos\subchen__jetbrick-template-2x\jetbrick-template\src\main\java\jetbrick\template\runtime\buildin\JetFunctions.java,110
CLIENT:client-code:N/A:N/A,NameExpr,jetbrick.template.parser.ast.ALU,LONG,C:\Users\tyin363\Documents\repos\subchen__jetbrick-template-2x\jetbrick-template\src\main\java\jetbrick\template\parser\ast\ALU.java,174
CLIENT:client-code:N/A:N/A,ClassOrInterfaceType,jetbrick.template.parser.ast.AstOperatorUnary,AstOperatorUnary,C:\Users\tyin363\Documents\repos\subchen__jetbrick-template-2x\jetbrick-template\src\main\java\jetbrick\template\parser\AstCodeVisitor.java,545
JDK:java.base:N/A:N/A,ClassOrInterfaceType,java.lang.Object,Object,C:\Users\tyin363\Documents\repos\subchen__jetbrick-template-2x\jetbrick-template\src\main\java\jetbrick\template\parser\ast\AstInvokeFunction.java,47
JDK:java.base:N/A:N/A,ObjectCreationExpr,java.text.DecimalFormat,DecimalFormat,C:\Users\tyin363\Documents\repos\subchen__jetbrick-template-2x\jetbrick-template\src\main\java\jetbrick\template\runtime\buildin\JetMethods.java,145
JDK:java.base:N/A:N/A,ObjectCreationExpr,java.lang.IllegalStateException,IllegalStateException,C:\Users\tyin363\Documents\repos\subchen__jetbrick-template-2x\jetbrick-template\src\main\java\jetbrick\template\parser\ast\ALU.java,136
CLIENT:client-code:N/A:N/A,FieldAccessExpr,jetbrick.template.parser.ast.Tokens,LE,C:\Users\tyin363\Documents\repos\subchen__jetbrick-template-2x\jetbrick-template\src\main\java\jetbrick\template\parser\ast\AstOperatorBinary.java,111
JDK:java.base:N/A:N/A,MethodCallExpr,java.lang.String,charAt,C:\Users\tyin363\Documents\repos\subchen__jetbrick-template-2x\jetbrick-template\src\main\java\jetbrick\template\JetSecurityManagerImpl.java,80
JDK:java.base:N/A:N/A,MethodCallExpr,java.lang.Class,isAssignableFrom,C:\Users\tyin363\Documents\repos\subchen__jetbrick-template-2x\jetbrick-template\src\main\java\jetbrick\template\parser\ast\ALU.java,436
CLIENT:client-code:N/A:N/A,FieldAccessExpr,jetbrick.template.parser.ast.AstStatementList.ListIterator,index,C:\Users\tyin363\Documents\repos\subchen__jetbrick-template-2x\jetbrick-template\src\main\java\jetbrick\template\parser\ast\AstStatementList.java,230
JDK:java.base:N/A:N/A,FieldAccessExpr,java.lang.Boolean,FALSE,C:\Users\tyin363\Documents\repos\subchen__jetbrick-template-2x\jetbrick-template\src\main\java\jetbrick\template\parser\ast\ALU.java,377
JDK:java.base:N/A:N/A,MethodCallExpr,java.util.List,size,C:\Users\tyin363\Documents\repos\subchen__jetbrick-template-2x\jetbrick-template\src\main\java\jetbrick\template\parser\AstCodeVisitor.java,816
CLIENT:client-code:N/A:N/A,FieldAccessExpr,jetbrick.template.JetTemplateImpl,securityManager,C:\Users\tyin363\Documents\repos\subchen__jetbrick-template-2x\jetbrick-template\src\main\java\jetbrick\template\JetTemplateImpl.java,59
CLIENT:client-code:N/A:N/A,MethodCallExpr,jetbrick.template.resolver.function.FunctionInvokerResolver,doGetFunctionInvoker,C:\Users\tyin363\Documents\repos\subchen__jetbrick-template-2x\jetbrick-template\src\main\java\jetbrick\template\resolver\function\FunctionInvokerResolver.java,102
CLIENT:client-code:N/A:N/A,ObjectCreationExpr,jetbrick.template.runtime.writer.JetWriterPrinterEx,JetWriterPrinterEx,C:\Users\tyin363\Documents\repos\subchen__jetbrick-template-2x\jetbrick-template\src\main\java\jetbrick\template\runtime\JetWriter.java,41
JDK:java.base:N/A:N/A,ClassOrInterfaceType,java.lang.String,String,C:\Users\tyin363\Documents\repos\subchen__jetbrick-template-2x\jetbrick-template\src\main\java\jetbrick\template\JetEngine.java,53
CLIENT:client-code:N/A:N/A,NameExpr,jetbrick.template.JetTemplateImpl,config,C:\Users\tyin363\Documents\repos\subchen__jetbrick-template-2x\jetbrick-template\src\main\java\jetbrick\template\JetTemplateImpl.java,146
CLIENT:client-code:N/A:N/A,MethodCallExpr,jetbrick.template.parser.SyntaxException,set,C:\Users\tyin363\Documents\repos\subchen__jetbrick-template-2x\jetbrick-template\src\main\java\jetbrick\template\parser\AstCodeVisitor.java,367
CLIENT:client-code:N/A:N/A,NameExpr,jetbrick.template.parser.AstCodeVisitor,parseCtx,C:\Users\tyin363\Documents\repos\subchen__jetbrick-template-2x\jetbrick-template\src\main\java\jetbrick\template\parser\AstCodeVisitor.java,606
JDK:java.base:N/A:N/A,MethodCallExpr,java.lang.System,currentTimeMillis,C:\Users\tyin363\Documents\repos\subchen__jetbrick-template-2x\jetbrick-template\src\main\java\jetbrick\template\resolver\GlobalResolver.java,79
CLIENT:client-code:N/A:N/A,FieldAccessExpr,jetbrick.template.parser.ast.AstDirectiveMacro,name,C:\Users\tyin363\Documents\repos\subchen__jetbrick-template-2x\jetbrick-template\src\main\java\jetbrick\template\parser\ast\AstDirectiveMacro.java,34
com.github.subchen:jetbrick-commons:jar:2.1.9,ClassOrInterfaceType,jetbrick.bean.MethodInfo,MethodInfo,C:\Users\tyin363\Documents\repos\subchen__jetbrick-template-2x\jetbrick-template\src\main\java\jetbrick\template\resolver\tag\TagInvokerResolver.java,44
JDK:java.base:N/A:N/A,ClassOrInterfaceType,java.lang.String,String,C:\Users\tyin363\Documents\repos\subchen__jetbrick-template-2x\jetbrick-template\src\main\java\jetbrick\template\JetTemplateMacro.java,52
CLIENT:client-code:N/A:N/A,ClassOrInterfaceType,jetbrick.template.runtime.InterpretContext,InterpretContext,C:\Users\tyin363\Documents\repos\subchen__jetbrick-template-2x\jetbrick-template\src\main\java\jetbrick\template\parser\ast\AstExpression.java,35
JDK:java.base:N/A:N/A,ClassOrInterfaceType,java.lang.Object,Object,C:\Users\tyin363\Documents\repos\subchen__jetbrick-template-2x\jetbrick-template\src\main\java\jetbrick\template\parser\ast\AstInvokeFunction.java,46
CLIENT:client-code:N/A:N/A,NameExpr,jetbrick.template.JetEngineImpl,log,C:\Users\tyin363\Documents\repos\subchen__jetbrick-template-2x\jetbrick-template\src\main\java\jetbrick\template\JetEngineImpl.java,56
CLIENT:client-code:N/A:N/A,ClassOrInterfaceType,jetbrick.template.parser.Source,Source,C:\Users\tyin363\Documents\repos\subchen__jetbrick-template-2x\jetbrick-template\src\main\java\jetbrick\template\parser\SyntaxException.java,32
com.github.subchen:jetbrick-commons:jar:2.1.9,ObjectCreationExpr,jetbrick.io.resource.ClasspathResource,ClasspathResource,C:\Users\tyin363\Documents\repos\subchen__jetbrick-template-2x\jetbrick-template\src\main\java\jetbrick\template\loader\ClasspathResourceLoader.java,40
CLIENT:client-code:N/A:N/A,MethodCallExpr,jetbrick.template.resolver.method.MethodInvoker,checkAccess,C:\Users\tyin363\Documents\repos\subchen__jetbrick-template-2x\jetbrick-template\src\main\java\jetbrick\template\parser\ast\AstInvokeMethod.java,91
CLIENT:client-code:N/A:N/A,MethodCallExpr,jetbrick.template.runtime.JetTagContext,getBodyContent,C:\Users\tyin363\Documents\repos\subchen__jetbrick-template-2x\jetbrick-template\src\main\java\jetbrick\template\runtime\buildin\JetTags.java,37
com.github.subchen:jetbrick-commons:jar:2.1.9,MethodCallExpr,jetbrick.util.PathUtils,normalize,C:\Users\tyin363\Documents\repos\subchen__jetbrick-template-2x\jetbrick-template\src\main\java\jetbrick\template\JetEngineImpl.java,119
CLIENT:client-code:N/A:N/A,MethodCallExpr,jetbrick.template.runtime.InterpretException,set,C:\Users\tyin363\Documents\repos\subchen__jetbrick-template-2x\jetbrick-template\src\main\java\jetbrick\template\parser\ast\AstDirectiveInclude.java,50
JDK:java.base:N/A:N/A,ClassOrInterfaceType,java.io.IOException,IOException,C:\Users\tyin363\Documents\repos\subchen__jetbrick-template-2x\jetbrick-template\src\main\java\jetbrick\template\parser\ast\AstText.java,303
JDK:java.base:N/A:N/A,MethodCallExpr,java.lang.StringBuffer,append,C:\Users\tyin363\Documents\repos\subchen__jetbrick-template-2x\jetbrick-template\src\main\java\jetbrick\template\resolver\tag\TagInvokerResolver.java,76
JDK:java.base:N/A:N/A,MethodCallExpr,java.util.ArrayList,iterator,C:\Users\tyin363\Documents\repos\subchen__jetbrick-template-2x\jetbrick-template\src\main\java\jetbrick\template\runtime\JetForIterator.java,62
JDK:java.base:N/A:N/A,ClassOrInterfaceType,java.util.List,List,C:\Users\tyin363\Documents\repos\subchen__jetbrick-template-2x\jetbrick-template\src\main\java\jetbrick\template\resolver\method\MethodInvokerResolver.java,43
CLIENT:client-code:N/A:N/A,NameExpr,jetbrick.template.parser.ast.AstStatementList,EMPTY_ARRAY,C:\Users\tyin363\Documents\repos\subchen__jetbrick-template-2x\jetbrick-template\src\main\java\jetbrick\template\parser\ast\AstStatementList.java,43
JDK:java.base:N/A:N/A,MethodCallExpr,java.lang.Class,getName,C:\Users\tyin363\Documents\repos\subchen__jetbrick-template-2x\jetbrick-template\src\main\java\jetbrick\template\parser\ast\AstInvokeFieldStatic.java,73
JDK:java.base:N/A:N/A,ClassOrInterfaceType,java.lang.String,String,C:\Users\tyin363\Documents\repos\subchen__jetbrick-template-2x\jetbrick-template\src\main\java\jetbrick\template\TemplateException.java,29
org.slf4j:slf4j-api:jar:1.7.7,MethodCallExpr,org.slf4j.Logger,info,C:\Users\tyin363\Documents\repos\subchen__jetbrick-template-2x\jetbrick-template\src\main\java\jetbrick\template\JetEngineImpl.java,56
CLIENT:client-code:N/A:N/A,NameExpr,jetbrick.template.parser.ast.AstText,text,C:\Users\tyin363\Documents\repos\subchen__jetbrick-template-2x\jetbrick-template\src\main\java\jetbrick\template\parser\ast\AstText.java,121
JDK:java.base:N/A:N/A,MethodCallExpr,java.lang.System,arraycopy,C:\Users\tyin363\Documents\repos\subchen__jetbrick-template-2x\jetbrick-template\src\main\java\jetbrick\template\resolver\tag\TagInvokerResolver.java,125
CLIENT:client-code:N/A:N/A,MethodCallExpr,jetbrick.template.parser.SyntaxException,set,C:\Users\tyin363\Documents\repos\subchen__jetbrick-template-2x\jetbrick-template\src\main\java\jetbrick\template\parser\AstBuilder.java,95
JDK:java.base:N/A:N/A,ClassOrInterfaceType,java.lang.String,String,C:\Users\tyin363\Documents\repos\subchen__jetbrick-template-2x\jetbrick-template\src\main\java\jetbrick\template\parser\ast\AstDirectiveTag.java,35
CLIENT:client-code:N/A:N/A,NameExpr,jetbrick.template.runtime.InterpretContext,threadLocal,C:\Users\tyin363\Documents\repos\subchen__jetbrick-template-2x\jetbrick-template\src\main\java\jetbrick\template\runtime\InterpretContextImpl.java,56
CLIENT:client-code:N/A:N/A,MethodCallExpr,jetbrick.template.parser.ast.ALU,getNumberType,C:\Users\tyin363\Documents\repos\subchen__jetbrick-template-2x\jetbrick-template\src\main\java\jetbrick\template\parser\ast\ALU.java,439
JDK:java.base:N/A:N/A,ClassOrInterfaceType,java.lang.String,String,C:\Users\tyin363\Documents\repos\subchen__jetbrick-template-2x\jetbrick-template\src\main\java\jetbrick\template\parser\ast\AstInvokeField.java,96
CLIENT:client-code:N/A:N/A,MethodCallExpr,jetbrick.template.runtime.ValueStack,push,C:\Users\tyin363\Documents\repos\subchen__jetbrick-template-2x\jetbrick-template\src\main\java\jetbrick\template\runtime\InterpretContextImpl.java,127
CLIENT:client-code:N/A:N/A,ClassOrInterfaceType,jetbrick.template.runtime.TemplateStack,TemplateStack,C:\Users\tyin363\Documents\repos\subchen__jetbrick-template-2x\jetbrick-template\src\main\java\jetbrick\template\runtime\InterpretContextImpl.java,75
JDK:java.base:N/A:N/A,ClassOrInterfaceType,java.lang.Short,Short,C:\Users\tyin363\Documents\repos\subchen__jetbrick-template-2x\jetbrick-template\src\main\java\jetbrick\template\parser\ast\ALU.java,332
CLIENT:client-code:N/A:N/A,FieldAccessExpr,jetbrick.template.runtime.InterpretContext,SIGNAL_BREAK,C:\Users\tyin363\Documents\repos\subchen__jetbrick-template-2x\jetbrick-template\src\main\java\jetbrick\template\parser\ast\AstDirectiveBreak.java,40
CLIENT:client-code:N/A:N/A,FieldAccessExpr,jetbrick.template.runtime.InterpretContextImpl,templateStack,C:\Users\tyin363\Documents\repos\subchen__jetbrick-template-2x\jetbrick-template\src\main\java\jetbrick\template\runtime\InterpretContextImpl.java,44
org.slf4j:slf4j-api:jar:1.7.7,MethodCallExpr,org.slf4j.LoggerFactory,getLogger,C:\Users\tyin363\Documents\repos\subchen__jetbrick-template-2x\jetbrick-template\src\main\java\jetbrick\template\runtime\buildin\JetFunctions.java,131
com.github.subchen:jetbrick-commons:jar:2.1.9,MethodCallExpr,jetbrick.bean.Executable,isPublic,C:\Users\tyin363\Documents\repos\subchen__jetbrick-template-2x\jetbrick-template\src\main\java\jetbrick\template\resolver\method\MethodInvokerResolver.java,52
JDK:java.base:N/A:N/A,MethodCallExpr,java.lang.Number,longValue,C:\Users\tyin363\Documents\repos\subchen__jetbrick-template-2x\jetbrick-template\src\main\java\jetbrick\template\parser\ast\ALU.java,334
CLIENT:client-code:N/A:N/A,MethodCallExpr,jetbrick.template.runtime.InterpretContext,getGlobalResolver,C:\Users\tyin363\Documents\repos\subchen__jetbrick-template-2x\jetbrick-template\src\main\java\jetbrick\template\parser\ast\AstInvokeMethod.java,77
CLIENT:client-code:N/A:N/A,ClassOrInterfaceType,jetbrick.template.parser.ast.AstText.Jdk9CharArrayEncoder,Jdk9CharArrayEncoder,C:\Users\tyin363\Documents\repos\subchen__jetbrick-template-2x\jetbrick-template\src\main\java\jetbrick\template\parser\ast\AstText.java,215
JDK:java.base:N/A:N/A,MethodCallExpr,java.util.Collections,emptyList,C:\Users\tyin363\Documents\repos\subchen__jetbrick-template-2x\jetbrick-template\src\main\java\jetbrick\template\parser\ParserContext.java,217
CLIENT:client-code:N/A:N/A,NameExpr,jetbrick.template.parser.ast.AstDirectiveFor,identifier,C:\Users\tyin363\Documents\repos\subchen__jetbrick-template-2x\jetbrick-template\src\main\java\jetbrick\template\parser\ast\AstDirectiveFor.java,58
com.github.subchen:jetbrick-commons:jar:2.1.9,MethodCallExpr,jetbrick.util.JavaKeywordsUtils,isKeyword,C:\Users\tyin363\Documents\repos\subchen__jetbrick-template-2x\jetbrick-template\src\main\java\jetbrick\template\parser\AstCodeVisitor.java,838
JDK:java.base:N/A:N/A,MethodCallExpr,java.lang.StringBuilder,append,C:\Users\tyin363\Documents\repos\subchen__jetbrick-template-2x\jetbrick-template\src\main\java\jetbrick\template\Errors.java,186
CLIENT:client-code:N/A:N/A,NameExpr,jetbrick.template.JetEngineImpl,cache,C:\Users\tyin363\Documents\repos\subchen__jetbrick-template-2x\jetbrick-template\src\main\java\jetbrick\template\JetEngineImpl.java,97
CLIENT:client-code:N/A:N/A,ClassOrInterfaceType,jetbrick.template.runtime.InterpretException,InterpretException,C:\Users\tyin363\Documents\repos\subchen__jetbrick-template-2x\jetbrick-template\src\main\java\jetbrick\template\parser\ast\AstInvokeNewObject.java,79
CLIENT:client-code:N/A:N/A,ClassOrInterfaceType,jetbrick.template.parser.ast.AstNode,AstNode,C:\Users\tyin363\Documents\repos\subchen__jetbrick-template-2x\jetbrick-template\src\main\java\jetbrick\template\parser\AstCodeVisitor.java,605
CLIENT:client-code:N/A:N/A,NameExpr,jetbrick.template.parser.ast.ALU,SHORT,C:\Users\tyin363\Documents\repos\subchen__jetbrick-template-2x\jetbrick-template\src\main\java\jetbrick\template\parser\ast\ALU.java,100
JDK:java.base:N/A:N/A,FieldAccessExpr,java.lang.Boolean,TRUE,C:\Users\tyin363\Documents\repos\subchen__jetbrick-template-2x\jetbrick-template\src\main\java\jetbrick\template\parser\ast\ALU.java,455
JDK:java.base:N/A:N/A,ClassOrInterfaceType,java.lang.String,String,C:\Users\tyin363\Documents\repos\subchen__jetbrick-template-2x\jetbrick-template\src\main\java\jetbrick\template\resolver\function\FunctionInvokerResolver.java,43
CLIENT:client-code:N/A:N/A,FieldAccessExpr,jetbrick.template.Errors,OPERATION_BINARY_UNDEFINED,C:\Users\tyin363\Documents\repos\subchen__jetbrick-template-2x\jetbrick-template\src\main\java\jetbrick\template\parser\ast\ALU.java,315
JDK:java.base:N/A:N/A,ClassOrInterfaceType,java.lang.Object,Object,C:\Users\tyin363\Documents\repos\subchen__jetbrick-template-2x\jetbrick-template\src\main\java\jetbrick\template\parser\ast\AstValueEscaped.java,37
org.slf4j:slf4j-api:jar:1.7.7,MethodCallExpr,org.slf4j.LoggerFactory,getLogger,C:\Users\tyin363\Documents\repos\subchen__jetbrick-template-2x\jetbrick-template\src\main\java\jetbrick\template\resolver\function\FunctionInvokerResolver.java,40
CLIENT:client-code:N/A:N/A,NameExpr,jetbrick.template.runtime.ValueContext,symbols,C:\Users\tyin363\Documents\repos\subchen__jetbrick-template-2x\jetbrick-template\src\main\java\jetbrick\template\runtime\ValueContext.java,39
CLIENT:client-code:N/A:N/A,ClassOrInterfaceType,jetbrick.template.parser.ast.AstDirective,AstDirective,C:\Users\tyin363\Documents\repos\subchen__jetbrick-template-2x\jetbrick-template\src\main\java\jetbrick\template\parser\ast\AstDirectiveNoop.java,27
com.github.subchen:jetbrick-commons:jar:2.1.9,FieldAccessExpr,jetbrick.util.ArrayUtils,EMPTY_CLASS_ARRAY,C:\Users\tyin363\Documents\repos\subchen__jetbrick-template-2x\jetbrick-template\src\main\java\jetbrick\template\resolver\ParameterUtils.java,34
CLIENT:client-code:N/A:N/A,FieldAccessExpr,jetbrick.template.parser.ast.AstInvokeFunction,last,C:\Users\tyin363\Documents\repos\subchen__jetbrick-template-2x\jetbrick-template\src\main\java\jetbrick\template\parser\ast\AstInvokeFunction.java,69
CLIENT:client-code:N/A:N/A,ClassOrInterfaceType,jetbrick.template.JetEngineImpl,JetEngineImpl,C:\Users\tyin363\Documents\repos\subchen__jetbrick-template-2x\jetbrick-template\src\main\java\jetbrick\template\JetEngine.java,54
CLIENT:client-code:N/A:N/A,NameExpr,jetbrick.template.parser.ast.AstDirectiveReturn,expression,C:\Users\tyin363\Documents\repos\subchen__jetbrick-template-2x\jetbrick-template\src\main\java\jetbrick\template\parser\ast\AstDirectiveReturn.java,43
CLIENT:client-code:N/A:N/A,MethodCallExpr,jetbrick.template.parser.ast.ALU,ushr,C:\Users\tyin363\Documents\repos\subchen__jetbrick-template-2x\jetbrick-template\src\main\java\jetbrick\template\parser\ast\AstOperatorBinary.java,106
CLIENT:client-code:N/A:N/A,NameExpr,jetbrick.template.JetConfig,autoscanSkiperrors,C:\Users\tyin363\Documents\repos\subchen__jetbrick-template-2x\jetbrick-template\src\main\java\jetbrick\template\JetConfig.java,111
CLIENT:client-code:N/A:N/A,ObjectCreationExpr,jetbrick.template.runtime.InterpretException,InterpretException,C:\Users\tyin363\Documents\repos\subchen__jetbrick-template-2x\jetbrick-template\src\main\java\jetbrick\template\parser\ast\AstInvokeFunction.java,66
CLIENT:client-code:N/A:N/A,MethodCallExpr,jetbrick.template.Errors,format,C:\Users\tyin363\Documents\repos\subchen__jetbrick-template-2x\jetbrick-template\src\main\java\jetbrick\template\parser\ParserContext.java,187
JDK:java.base:N/A:N/A,ClassOrInterfaceType,java.lang.String,String,C:\Users\tyin363\Documents\repos\subchen__jetbrick-template-2x\jetbrick-template\src\main\java\jetbrick\template\resolver\clazz\ClassResolver.java,57
CLIENT:client-code:N/A:N/A,ClassOrInterfaceType,jetbrick.template.runtime.InterpretException,InterpretException,C:\Users\tyin363\Documents\repos\subchen__jetbrick-template-2x\jetbrick-template\src\main\java\jetbrick\template\parser\ast\AstDirectiveStop.java,34
CLIENT:client-code:N/A:N/A,ClassOrInterfaceType,jetbrick.template.parser.ast.AstStatement,AstStatement,C:\Users\tyin363\Documents\repos\subchen__jetbrick-template-2x\jetbrick-template\src\main\java\jetbrick\template\parser\ast\AstStatementList.java,148
CLIENT:client-code:N/A:N/A,ClassOrInterfaceType,jetbrick.template.parser.ast.AstNode,AstNode,C:\Users\tyin363\Documents\repos\subchen__jetbrick-template-2x\jetbrick-template\src\main\java\jetbrick\template\parser\AstCodeVisitor.java,342
JDK:java.base:N/A:N/A,ClassOrInterfaceType,java.util.List,List,C:\Users\tyin363\Documents\repos\subchen__jetbrick-template-2x\jetbrick-template\src\main\java\jetbrick\template\JetTemplateImpl.java,122
CLIENT:client-code:N/A:N/A,ClassOrInterfaceType,jetbrick.template.resolver.clazz.ClassResolver,ClassResolver,C:\Users\tyin363\Documents\repos\subchen__jetbrick-template-2x\jetbrick-template\src\main\java\jetbrick\template\resolver\clazz\ClassResolver.java,34
CLIENT:client-code:N/A:N/A,MethodCallExpr,jetbrick.template.runtime.InterpretException,set,C:\Users\tyin363\Documents\repos\subchen__jetbrick-template-2x\jetbrick-template\src\main\java\jetbrick\template\parser\ast\AstDirectiveInclude.java,47
CLIENT:client-code:N/A:N/A,FieldAccessExpr,jetbrick.template.parser.ast.AstOperatorBinary,rhs,C:\Users\tyin363\Documents\repos\subchen__jetbrick-template-2x\jetbrick-template\src\main\java\jetbrick\template\parser\ast\AstOperatorBinary.java,52
CLIENT:client-code:N/A:N/A,NameExpr,jetbrick.template.parser.ast.AstDirectiveCall,name,C:\Users\tyin363\Documents\repos\subchen__jetbrick-template-2x\jetbrick-template\src\main\java\jetbrick\template\parser\ast\AstDirectiveCall.java,56
org.antlr:antlr4-runtime:jar:4.10.1,MethodCallExpr,org.antlr.v4.runtime.Token,getLine,C:\Users\tyin363\Documents\repos\subchen__jetbrick-template-2x\jetbrick-template\src\main\java\jetbrick\template\parser\AstCodeVisitor.java,883
CLIENT:client-code:N/A:N/A,ClassOrInterfaceType,jetbrick.template.parser.ast.AstOperatorUnary,AstOperatorUnary,C:\Users\tyin363\Documents\repos\subchen__jetbrick-template-2x\jetbrick-template\src\main\java\jetbrick\template\parser\AstCodeVisitor.java,541
JDK:java.base:N/A:N/A,ClassOrInterfaceType,java.lang.String,String,C:\Users\tyin363\Documents\repos\subchen__jetbrick-template-2x\jetbrick-template\src\main\java\jetbrick\template\resolver\function\FunctionInvokerResolver.java,42
JDK:java.base:N/A:N/A,ClassOrInterfaceType,java.lang.IllegalArgumentException,IllegalArgumentException,C:\Users\tyin363\Documents\repos\subchen__jetbrick-template-2x\jetbrick-template\src\main\java\jetbrick\template\Errors.java,91
CLIENT:client-code:N/A:N/A,NameExpr,jetbrick.template.runtime.writer.TrimLeadingWhitespacesWriter,first,C:\Users\tyin363\Documents\repos\subchen__jetbrick-template-2x\jetbrick-template\src\main\java\jetbrick\template\runtime\writer\TrimLeadingWhitespacesWriter.java,63
CLIENT:client-code:N/A:N/A,MethodCallExpr,jetbrick.template.resolver.method.MethodInvokerResolver,doGetMethodInvoker,C:\Users\tyin363\Documents\repos\subchen__jetbrick-template-2x\jetbrick-template\src\main\java\jetbrick\template\resolver\method\MethodInvokerResolver.java,105
CLIENT:client-code:N/A:N/A,NameExpr,jetbrick.template.JetConfig,importTags,C:\Users\tyin363\Documents\repos\subchen__jetbrick-template-2x\jetbrick-template\src\main\java\jetbrick\template\JetConfig.java,107
CLIENT:client-code:N/A:N/A,ClassOrInterfaceType,jetbrick.template.parser.ast.AstExpression,AstExpression,C:\Users\tyin363\Documents\repos\subchen__jetbrick-template-2x\jetbrick-template\src\main\java\jetbrick\template\parser\AstCodeVisitor.java,343
CLIENT:client-code:N/A:N/A,NameExpr,jetbrick.template.runtime.writer.JetWriterPrinter,error,C:\Users\tyin363\Documents\repos\subchen__jetbrick-template-2x\jetbrick-template\src\main\java\jetbrick\template\runtime\writer\JetWriterPrinter.java,154
JDK:java.base:N/A:N/A,ClassOrInterfaceType,java.lang.StackTraceElement,StackTraceElement,C:\Users\tyin363\Documents\repos\subchen__jetbrick-template-2x\jetbrick-template\src\main\java\jetbrick\template\Errors.java,93
CLIENT:client-code:N/A:N/A,NameExpr,jetbrick.template.parser.ast.AstOperatorEquals,operator,C:\Users\tyin363\Documents\repos\subchen__jetbrick-template-2x\jetbrick-template\src\main\java\jetbrick\template\parser\ast\AstOperatorEquals.java,42
CLIENT:client-code:N/A:N/A,NameExpr,jetbrick.template.runtime.JetForIterator,iterator,C:\Users\tyin363\Documents\repos\subchen__jetbrick-template-2x\jetbrick-template\src\main\java\jetbrick\template\runtime\JetForIterator.java,94
JDK:java.base:N/A:N/A,MethodCallExpr,java.lang.ThreadLocal,set,C:\Users\tyin363\Documents\repos\subchen__jetbrick-template-2x\jetbrick-template\src\main\java\jetbrick\template\runtime\InterpretContextImpl.java,52
CLIENT:client-code:N/A:N/A,ClassOrInterfaceType,jetbrick.template.parser.ast.AstExpression,AstExpression,C:\Users\tyin363\Documents\repos\subchen__jetbrick-template-2x\jetbrick-template\src\main\java\jetbrick\template\parser\AstCodeVisitor.java,607
CLIENT:client-code:N/A:N/A,MethodCallExpr,jetbrick.template.runtime.JetForIterator,hasNext,C:\Users\tyin363\Documents\repos\subchen__jetbrick-template-2x\jetbrick-template\src\main\java\jetbrick\template\parser\ast\AstDirectiveFor.java,55
JDK:java.base:N/A:N/A,ClassOrInterfaceType,java.util.List,List,C:\Users\tyin363\Documents\repos\subchen__jetbrick-template-2x\jetbrick-template\src\main\java\jetbrick\template\parser\AstCodeVisitor.java,97
CLIENT:client-code:N/A:N/A,NameExpr,jetbrick.template.resolver.GlobalResolver,classResolver,C:\Users\tyin363\Documents\repos\subchen__jetbrick-template-2x\jetbrick-template\src\main\java\jetbrick\template\resolver\GlobalResolver.java,53
JDK:java.base:N/A:N/A,ClassOrInterfaceType,java.lang.String,String,C:\Users\tyin363\Documents\repos\subchen__jetbrick-template-2x\jetbrick-template\src\main\java\jetbrick\template\JetTemplateMacro.java,48
CLIENT:client-code:N/A:N/A,MethodCallExpr,jetbrick.template.JetSecurityManager,checkAccess,C:\Users\tyin363\Documents\repos\subchen__jetbrick-template-2x\jetbrick-template\src\main\java\jetbrick\template\resolver\method\ExtensionMethodInvoker.java,48
CLIENT:client-code:N/A:N/A,ClassOrInterfaceType,jetbrick.template.TemplateException,TemplateException,C:\Users\tyin363\Documents\repos\subchen__jetbrick-template-2x\jetbrick-template\src\main\java\jetbrick\template\resolver\GlobalResolver.java,114
JDK:java.base:N/A:N/A,ClassOrInterfaceType,java.lang.Object,Object,C:\Users\tyin363\Documents\repos\subchen__jetbrick-template-2x\jetbrick-template\src\main\java\jetbrick\template\parser\ast\AstIdentifier.java,43
JDK:java.base:N/A:N/A,ClassOrInterfaceType,java.nio.charset.Charset,Charset,C:\Users\tyin363\Documents\repos\subchen__jetbrick-template-2x\jetbrick-template\src\main\java\jetbrick\template\runtime\JetWriter.java,31
CLIENT:client-code:N/A:N/A,NameExpr,jetbrick.template.resolver.macro.MacroResolver,lastCheckTimestamp,C:\Users\tyin363\Documents\repos\subchen__jetbrick-template-2x\jetbrick-template\src\main\java\jetbrick\template\resolver\macro\MacroResolver.java,85
CLIENT:client-code:N/A:N/A,ClassOrInterfaceType,jetbrick.template.parser.ast.Position,Position,C:\Users\tyin363\Documents\repos\subchen__jetbrick-template-2x\jetbrick-template\src\main\java\jetbrick\template\parser\ast\AstTernarySimplifyOperator.java,28
com.github.subchen:jetbrick-commons:jar:2.1.9,MethodCallExpr,jetbrick.bean.MethodInfo,getMethod,C:\Users\tyin363\Documents\repos\subchen__jetbrick-template-2x\jetbrick-template\src\main\java\jetbrick\template\resolver\function\FunctionInvokerResolver.java,65
CLIENT:client-code:N/A:N/A,NameExpr,jetbrick.template.parser.ast.AstConstantMapEntry,name,C:\Users\tyin363\Documents\repos\subchen__jetbrick-template-2x\jetbrick-template\src\main\java\jetbrick\template\parser\ast\AstConstantMapEntry.java,38
JDK:java.base:N/A:N/A,MethodCallExpr,java.lang.String,valueOf,C:\Users\tyin363\Documents\repos\subchen__jetbrick-template-2x\jetbrick-template\src\main\java\jetbrick\template\Errors.java,165
CLIENT:client-code:N/A:N/A,MethodCallExpr,jetbrick.template.runtime.InterpretException,set,C:\Users\tyin363\Documents\repos\subchen__jetbrick-template-2x\jetbrick-template\src\main\java\jetbrick\template\parser\ast\AstInvokeNewObject.java,79
CLIENT:client-code:N/A:N/A,MethodCallExpr,jetbrick.template.resolver.function.FunctionInvoker,invoke,C:\Users\tyin363\Documents\repos\subchen__jetbrick-template-2x\jetbrick-template\src\main\java\jetbrick\template\parser\ast\AstInvokeFunction.java,85
JDK:java.base:N/A:N/A,MethodCallExpr,java.util.Map,put,C:\Users\tyin363\Documents\repos\subchen__jetbrick-template-2x\jetbrick-template\src\main\java\jetbrick\template\parser\ParserContext.java,202
JDK:java.base:N/A:N/A,MethodCallExpr,java.lang.StringBuffer,append,C:\Users\tyin363\Documents\repos\subchen__jetbrick-template-2x\jetbrick-template\src\main\java\jetbrick\template\resolver\tag\TagInvokerResolver.java,80
CLIENT:client-code:N/A:N/A,MethodCallExpr,jetbrick.template.JetTemplateOption,getSymbols,C:\Users\tyin363\Documents\repos\subchen__jetbrick-template-2x\jetbrick-template\src\main\java\jetbrick\template\runtime\InterpretContextImpl.java,127
CLIENT:client-code:N/A:N/A,ClassOrInterfaceType,jetbrick.template.parser.ast.AstDirective,AstDirective,C:\Users\tyin363\Documents\repos\subchen__jetbrick-template-2x\jetbrick-template\src\main\java\jetbrick\template\parser\ast\AstDirectiveCall.java,30
CLIENT:client-code:N/A:N/A,MethodCallExpr,jetbrick.template.parser.ParserContext,defineSymbol,C:\Users\tyin363\Documents\repos\subchen__jetbrick-template-2x\jetbrick-template\src\main\java\jetbrick\template\parser\ParserContext.java,173
JDK:java.base:N/A:N/A,ClassOrInterfaceType,java.lang.IllegalStateException,IllegalStateException,C:\Users\tyin363\Documents\repos\subchen__jetbrick-template-2x\jetbrick-template\src\main\java\jetbrick\template\JetGlobalContext.java,40
JDK:java.base:N/A:N/A,MethodCallExpr,java.lang.Class,isAssignableFrom,C:\Users\tyin363\Documents\repos\subchen__jetbrick-template-2x\jetbrick-template\src\main\java\jetbrick\template\parser\ast\ALU.java,166
JDK:java.base:N/A:N/A,ClassOrInterfaceType,java.lang.String,String,C:\Users\tyin363\Documents\repos\subchen__jetbrick-template-2x\jetbrick-template\src\main\java\jetbrick\template\runtime\buildin\JetFunctions.java,130
CLIENT:client-code:N/A:N/A,ClassOrInterfaceType,jetbrick.template.parser.ast.AstOperatorUnary,AstOperatorUnary,C:\Users\tyin363\Documents\repos\subchen__jetbrick-template-2x\jetbrick-template\src\main\java\jetbrick\template\parser\AstCodeVisitor.java,539
CLIENT:client-code:N/A:N/A,NameExpr,jetbrick.template.runtime.ValueContext,symbols,C:\Users\tyin363\Documents\repos\subchen__jetbrick-template-2x\jetbrick-template\src\main\java\jetbrick\template\runtime\ValueContext.java,40
JDK:java.base:N/A:N/A,ClassOrInterfaceType,java.lang.String,String,C:\Users\tyin363\Documents\repos\subchen__jetbrick-template-2x\jetbrick-template\src\main\java\jetbrick\template\parser\AstCodeVisitor.java,214
CLIENT:client-code:N/A:N/A,FieldAccessExpr,jetbrick.template.parser.ast.AstText,line,C:\Users\tyin363\Documents\repos\subchen__jetbrick-template-2x\jetbrick-template\src\main\java\jetbrick\template\parser\ast\AstText.java,36
JDK:java.base:N/A:N/A,MethodCallExpr,java.util.Random,nextInt,C:\Users\tyin363\Documents\repos\subchen__jetbrick-template-2x\jetbrick-template\src\main\java\jetbrick\template\runtime\buildin\JetFunctions.java,46
CLIENT:client-code:N/A:N/A,NameExpr,jetbrick.template.parser.ast.AstDirectiveCall,name,C:\Users\tyin363\Documents\repos\subchen__jetbrick-template-2x\jetbrick-template\src\main\java\jetbrick\template\parser\ast\AstDirectiveCall.java,54
CLIENT:client-code:N/A:N/A,ClassOrInterfaceType,jetbrick.template.parser.ParserContext,ParserContext,C:\Users\tyin363\Documents\repos\subchen__jetbrick-template-2x\jetbrick-template\src\main\java\jetbrick\template\parser\ast\AstStatementList.java,30
JDK:java.base:N/A:N/A,MethodCallExpr,java.lang.StringBuilder,append,C:\Users\tyin363\Documents\repos\subchen__jetbrick-template-2x\jetbrick-template\src\main\java\jetbrick\template\Errors.java,190
CLIENT:client-code:N/A:N/A,ClassOrInterfaceType,jetbrick.template.runtime.InterpretException,InterpretException,C:\Users\tyin363\Documents\repos\subchen__jetbrick-template-2x\jetbrick-template\src\main\java\jetbrick\template\parser\ast\AstDirectiveTag.java,78
JDK:java.base:N/A:N/A,ClassOrInterfaceType,java.lang.Object,Object,C:\Users\tyin363\Documents\repos\subchen__jetbrick-template-2x\jetbrick-template\src\main\java\jetbrick\template\parser\ast\ALU.java,485
CLIENT:client-code:N/A:N/A,NameExpr,jetbrick.template.runtime.JetForIterator,size,C:\Users\tyin363\Documents\repos\subchen__jetbrick-template-2x\jetbrick-template\src\main\java\jetbrick\template\runtime\JetForIterator.java,113
JDK:java.base:N/A:N/A,ClassOrInterfaceType,java.lang.Class,Class,C:\Users\tyin363\Documents\repos\subchen__jetbrick-template-2x\jetbrick-template\src\main\java\jetbrick\template\parser\ast\ALU.java,119
CLIENT:client-code:N/A:N/A,NameExpr,jetbrick.template.parser.ast.AstInvokeIndexGet,indexExpression,C:\Users\tyin363\Documents\repos\subchen__jetbrick-template-2x\jetbrick-template\src\main\java\jetbrick\template\parser\ast\AstInvokeIndexGet.java,53
CLIENT:client-code:N/A:N/A,NameExpr,jetbrick.template.parser.ast.AstExpression,position,C:\Users\tyin363\Documents\repos\subchen__jetbrick-template-2x\jetbrick-template\src\main\java\jetbrick\template\parser\ast\AstOperatorBinary.java,127
CLIENT:client-code:N/A:N/A,FieldAccessExpr,jetbrick.template.parser.ast.ALU,VOID,C:\Users\tyin363\Documents\repos\subchen__jetbrick-template-2x\jetbrick-template\src\main\java\jetbrick\template\parser\ast\AstInvokeField.java,53
JDK:java.base:N/A:N/A,ClassOrInterfaceType,java.lang.String,String,C:\Users\tyin363\Documents\repos\subchen__jetbrick-template-2x\jetbrick-template\src\main\java\jetbrick\template\JetEngineImpl.java,90
JDK:java.base:N/A:N/A,MethodCallExpr,java.lang.StringBuilder,append,C:\Users\tyin363\Documents\repos\subchen__jetbrick-template-2x\jetbrick-template\src\main\java\jetbrick\template\resolver\SignatureUtils.java,60
CLIENT:client-code:N/A:N/A,FieldAccessExpr,jetbrick.template.runtime.InterpretContext,SIGNAL_CONTINUE,C:\Users\tyin363\Documents\repos\subchen__jetbrick-template-2x\jetbrick-template\src\main\java\jetbrick\template\parser\ast\AstDirectiveContinue.java,40
CLIENT:client-code:N/A:N/A,ClassOrInterfaceType,jetbrick.template.JetTemplate,JetTemplate,C:\Users\tyin363\Documents\repos\subchen__jetbrick-template-2x\jetbrick-template\src\main\java\jetbrick\template\JetTemplateMacro.java,40
JDK:java.base:N/A:N/A,ClassOrInterfaceType,java.lang.Byte,Byte,C:\Users\tyin363\Documents\repos\subchen__jetbrick-template-2x\jetbrick-template\src\main\java\jetbrick\template\parser\ast\ALU.java,55
com.github.subchen:jetbrick-commons:jar:2.1.9,ClassOrInterfaceType,jetbrick.bean.MethodInfo,MethodInfo,C:\Users\tyin363\Documents\repos\subchen__jetbrick-template-2x\jetbrick-template\src\main\java\jetbrick\template\resolver\tag\TagInvokerResolver.java,67
JDK:java.base:N/A:N/A,MethodCallExpr,java.lang.Comparable,compareTo,C:\Users\tyin363\Documents\repos\subchen__jetbrick-template-2x\jetbrick-template\src\main\java\jetbrick\template\parser\ast\ALU.java,455
CLIENT:client-code:N/A:N/A,NameExpr,jetbrick.template.runtime.writer.JetWriterPrinter,error,C:\Users\tyin363\Documents\repos\subchen__jetbrick-template-2x\jetbrick-template\src\main\java\jetbrick\template\runtime\writer\JetWriterPrinter.java,135
JDK:java.base:N/A:N/A,MethodCallExpr,java.lang.Object,toString,C:\Users\tyin363\Documents\repos\subchen__jetbrick-template-2x\jetbrick-template\src\main\java\jetbrick\template\runtime\buildin\JetMethods.java,49
CLIENT:client-code:N/A:N/A,ObjectCreationExpr,jetbrick.template.parser.Source,Source,C:\Users\tyin363\Documents\repos\subchen__jetbrick-template-2x\jetbrick-template\src\main\java\jetbrick\template\JetTemplateImpl.java,98
com.github.subchen:jetbrick-commons:jar:2.1.9,ClassOrInterfaceType,jetbrick.bean.FieldInfo,FieldInfo,C:\Users\tyin363\Documents\repos\subchen__jetbrick-template-2x\jetbrick-template\src\main\java\jetbrick\template\parser\ast\AstText.java,262
CLIENT:client-code:N/A:N/A,FieldAccessExpr,jetbrick.template.Errors,METHOD_NOT_FOUND,C:\Users\tyin363\Documents\repos\subchen__jetbrick-template-2x\jetbrick-template\src\main\java\jetbrick\template\parser\ast\AstInvokeMethod.java,81
JDK:java.base:N/A:N/A,ClassOrInterfaceType,java.lang.String,String,C:\Users\tyin363\Documents\repos\subchen__jetbrick-template-2x\jetbrick-template\src\main\java\jetbrick\template\parser\ast\AstInvokeField.java,68
org.antlr:antlr4-runtime:jar:4.10.1,MethodCallExpr,org.antlr.v4.runtime.Token,getLine,C:\Users\tyin363\Documents\repos\subchen__jetbrick-template-2x\jetbrick-template\src\main\java\jetbrick\template\parser\AstCodeVisitor.java,886
CLIENT:client-code:N/A:N/A,MethodCallExpr,jetbrick.template.runtime.InterpretContext,getEngine,C:\Users\tyin363\Documents\repos\subchen__jetbrick-template-2x\jetbrick-template\src\main\java\jetbrick\template\runtime\buildin\JetFunctions.java,90
CLIENT:client-code:N/A:N/A,ClassOrInterfaceType,jetbrick.template.JetTemplateMacro,JetTemplateMacro,C:\Users\tyin363\Documents\repos\subchen__jetbrick-template-2x\jetbrick-template\src\main\java\jetbrick\template\runtime\buildin\JetFunctions.java,111
JDK:java.base:N/A:N/A,MethodCallExpr,java.lang.Float,valueOf,C:\Users\tyin363\Documents\repos\subchen__jetbrick-template-2x\jetbrick-template\src\main\java\jetbrick\template\parser\ast\ALU.java,131
JDK:java.base:N/A:N/A,ClassOrInterfaceType,java.lang.String,String,C:\Users\tyin363\Documents\repos\subchen__jetbrick-template-2x\jetbrick-template\src\main\java\jetbrick\template\parser\ast\AstDirectiveTag.java,62
JDK:java.base:N/A:N/A,ClassOrInterfaceType,java.util.List,List,C:\Users\tyin363\Documents\repos\subchen__jetbrick-template-2x\jetbrick-template\src\main\java\jetbrick\template\resolver\GlobalResolver.java,67
JDK:java.base:N/A:N/A,ClassOrInterfaceType,java.lang.Short,Short,C:\Users\tyin363\Documents\repos\subchen__jetbrick-template-2x\jetbrick-template\src\main\java\jetbrick\template\parser\ast\ALU.java,306
CLIENT:client-code:N/A:N/A,FieldAccessExpr,jetbrick.template.parser.ast.AstInvokeMethodStatic,last,C:\Users\tyin363\Documents\repos\subchen__jetbrick-template-2x\jetbrick-template\src\main\java\jetbrick\template\parser\ast\AstInvokeMethodStatic.java,43
JDK:java.base:N/A:N/A,MethodCallExpr,java.io.Writer,close,C:\Users\tyin363\Documents\repos\subchen__jetbrick-template-2x\jetbrick-template\src\main\java\jetbrick\template\runtime\writer\TrimLeadingWhitespacesWriter.java,84
CLIENT:client-code:N/A:N/A,MethodCallExpr,jetbrick.template.parser.ast.ALU,getNumberType,C:\Users\tyin363\Documents\repos\subchen__jetbrick-template-2x\jetbrick-template\src\main\java\jetbrick\template\parser\ast\ALU.java,169
CLIENT:client-code:N/A:N/A,ObjectCreationExpr,jetbrick.template.parser.SyntaxException,SyntaxException,C:\Users\tyin363\Documents\repos\subchen__jetbrick-template-2x\jetbrick-template\src\main\java\jetbrick\template\parser\AstCodeVisitor.java,782
CLIENT:client-code:N/A:N/A,NameExpr,jetbrick.template.resolver.clazz.ClassResolver,importedClassMap,C:\Users\tyin363\Documents\repos\subchen__jetbrick-template-2x\jetbrick-template\src\main\java\jetbrick\template\resolver\clazz\ClassResolver.java,83
CLIENT:client-code:N/A:N/A,FieldAccessExpr,jetbrick.template.parser.ParserContext,nullSafe,C:\Users\tyin363\Documents\repos\subchen__jetbrick-template-2x\jetbrick-template\src\main\java\jetbrick\template\parser\ParserContext.java,66
CLIENT:client-code:N/A:N/A,MethodCallExpr,jetbrick.template.parser.AstCodeVisitor,resolveClass,C:\Users\tyin363\Documents\repos\subchen__jetbrick-template-2x\jetbrick-template\src\main\java\jetbrick\template\parser\AstCodeVisitor.java,304
JDK:java.base:N/A:N/A,MethodCallExpr,java.util.List,get,C:\Users\tyin363\Documents\repos\subchen__jetbrick-template-2x\jetbrick-template\src\main\java\jetbrick\template\runtime\InterpretContextImpl.java,164
CLIENT:client-code:N/A:N/A,ClassOrInterfaceType,jetbrick.template.parser.ast.AstOperatorBinary,AstOperatorBinary,C:\Users\tyin363\Documents\repos\subchen__jetbrick-template-2x\jetbrick-template\src\main\java\jetbrick\template\parser\AstCodeVisitor.java,577
JDK:java.base:N/A:N/A,MethodCallExpr,java.lang.StringBuffer,append,C:\Users\tyin363\Documents\repos\subchen__jetbrick-template-2x\jetbrick-template\src\main\java\jetbrick\template\resolver\method\MethodInvokerResolver.java,78
JDK:java.base:N/A:N/A,ClassOrInterfaceType,java.lang.Class,Class,C:\Users\tyin363\Documents\repos\subchen__jetbrick-template-2x\jetbrick-template\src\main\java\jetbrick\template\resolver\method\ClassBuildinMethodInvoker.java,39
CLIENT:client-code:N/A:N/A,MethodCallExpr,jetbrick.template.parser.Source,getFilename,C:\Users\tyin363\Documents\repos\subchen__jetbrick-template-2x\jetbrick-template\src\main\java\jetbrick\template\Errors.java,147
CLIENT:client-code:N/A:N/A,FieldAccessExpr,jetbrick.template.parser.ast.AstInvokeFunction,last,C:\Users\tyin363\Documents\repos\subchen__jetbrick-template-2x\jetbrick-template\src\main\java\jetbrick\template\parser\ast\AstInvokeFunction.java,41
CLIENT:client-code:N/A:N/A,MethodCallExpr,jetbrick.template.parser.ParserContext,getLoadMacroFiles,C:\Users\tyin363\Documents\repos\subchen__jetbrick-template-2x\jetbrick-template\src\main\java\jetbrick\template\JetTemplateImpl.java,129
CLIENT:client-code:N/A:N/A,FieldAccessExpr,jetbrick.template.resolver.function.ExtensionFunctionInvoker,method,C:\Users\tyin363\Documents\repos\subchen__jetbrick-template-2x\jetbrick-template\src\main\java\jetbrick\template\resolver\function\ExtensionFunctionInvoker.java,35
JDK:java.base:N/A:N/A,ClassOrInterfaceType,java.lang.Object,Object,C:\Users\tyin363\Documents\repos\subchen__jetbrick-template-2x\jetbrick-template\src\main\java\jetbrick\template\parser\ast\AstOperatorBinary.java,58
JDK:java.base:N/A:N/A,MethodCallExpr,java.lang.Class,getName,C:\Users\tyin363\Documents\repos\subchen__jetbrick-template-2x\jetbrick-template\src\main\java\jetbrick\template\JetSecurityManagerImpl.java,146
CLIENT:client-code:N/A:N/A,FieldAccessExpr,jetbrick.template.runtime.InterpretContext,SIGNAL_NONE,C:\Users\tyin363\Documents\repos\subchen__jetbrick-template-2x\jetbrick-template\src\main\java\jetbrick\template\parser\ast\AstTemplate.java,40
com.github.subchen:jetbrick-commons:jar:2.1.9,ClassOrInterfaceType,jetbrick.bean.FieldInfo,FieldInfo,C:\Users\tyin363\Documents\repos\subchen__jetbrick-template-2x\jetbrick-template\src\main\java\jetbrick\template\parser\ast\AstText.java,261
CLIENT:client-code:N/A:N/A,NameExpr,jetbrick.template.runtime.JetForIterator,iterator,C:\Users\tyin363\Documents\repos\subchen__jetbrick-template-2x\jetbrick-template\src\main\java\jetbrick\template\runtime\JetForIterator.java,65
CLIENT:client-code:N/A:N/A,MethodCallExpr,jetbrick.template.parser.ast.AstStatement,execute,C:\Users\tyin363\Documents\repos\subchen__jetbrick-template-2x\jetbrick-template\src\main\java\jetbrick\template\parser\ast\AstStatementList.java,212
CLIENT:client-code:N/A:N/A,FieldAccessExpr,jetbrick.template.parser.Source,lines,C:\Users\tyin363\Documents\repos\subchen__jetbrick-template-2x\jetbrick-template\src\main\java\jetbrick\template\parser\Source.java,34
CLIENT:client-code:N/A:N/A,ClassOrInterfaceType,jetbrick.template.parser.ast.AstExpression,AstExpression,C:\Users\tyin363\Documents\repos\subchen__jetbrick-template-2x\jetbrick-template\src\main\java\jetbrick\template\parser\AstCodeVisitor.java,331
CLIENT:client-code:N/A:N/A,NameExpr,jetbrick.template.parser.ast.AstInvokeIndexGet,indexExpression,C:\Users\tyin363\Documents\repos\subchen__jetbrick-template-2x\jetbrick-template\src\main\java\jetbrick\template\parser\ast\AstInvokeIndexGet.java,55
CLIENT:client-code:N/A:N/A,ClassOrInterfaceType,jetbrick.template.runtime.InterpretContext,InterpretContext,C:\Users\tyin363\Documents\repos\subchen__jetbrick-template-2x\jetbrick-template\src\main\java\jetbrick\template\parser\ast\AstDirectiveReturn.java,35
CLIENT:client-code:N/A:N/A,ClassOrInterfaceType,jetbrick.template.JetTemplate,JetTemplate,C:\Users\tyin363\Documents\repos\subchen__jetbrick-template-2x\jetbrick-template\src\main\java\jetbrick\template\JetEngineImpl.java,124
CLIENT:client-code:N/A:N/A,ClassOrInterfaceType,jetbrick.template.JetTemplateMacro,JetTemplateMacro,C:\Users\tyin363\Documents\repos\subchen__jetbrick-template-2x\jetbrick-template\src\main\java\jetbrick\template\JetTemplateImpl.java,178
CLIENT:client-code:N/A:N/A,MethodCallExpr,jetbrick.template.JetConfig,isTrimLeadingWhitespaces,C:\Users\tyin363\Documents\repos\subchen__jetbrick-template-2x\jetbrick-template\src\main\java\jetbrick\template\JetTemplateImpl.java,106
JDK:java.base:N/A:N/A,ClassOrInterfaceType,java.lang.String,String,C:\Users\tyin363\Documents\repos\subchen__jetbrick-template-2x\jetbrick-template\src\main\java\jetbrick\template\parser\ast\AstDirectiveCall.java,35
JDK:java.base:N/A:N/A,ClassOrInterfaceType,java.lang.Object,Object,C:\Users\tyin363\Documents\repos\subchen__jetbrick-template-2x\jetbrick-template\src\main\java\jetbrick\template\runtime\InterpretContextImpl.java,158
CLIENT:client-code:N/A:N/A,NameExpr,jetbrick.template.resolver.GlobalResolver,defaultGetterResolver,C:\Users\tyin363\Documents\repos\subchen__jetbrick-template-2x\jetbrick-template\src\main\java\jetbrick\template\resolver\GlobalResolver.java,54
JDK:java.base:N/A:N/A,ObjectCreationExpr,java.lang.String,String,C:\Users\tyin363\Documents\repos\subchen__jetbrick-template-2x\jetbrick-template\src\main\java\jetbrick\template\runtime\writer\JetWriterPrinter.java,77
CLIENT:client-code:N/A:N/A,NameExpr,jetbrick.template.runtime.InterpretContextImpl,securityManager,C:\Users\tyin363\Documents\repos\subchen__jetbrick-template-2x\jetbrick-template\src\main\java\jetbrick\template\runtime\InterpretContextImpl.java,155
CLIENT:client-code:N/A:N/A,ObjectCreationExpr,jetbrick.template.runtime.InterpretException,InterpretException,C:\Users\tyin363\Documents\repos\subchen__jetbrick-template-2x\jetbrick-template\src\main\java\jetbrick\template\parser\ast\AstInvokeFunction.java,94
JDK:java.base:N/A:N/A,MethodCallExpr,java.lang.Class,isAssignableFrom,C:\Users\tyin363\Documents\repos\subchen__jetbrick-template-2x\jetbrick-template\src\main\java\jetbrick\template\parser\ast\ALU.java,196
CLIENT:client-code:N/A:N/A,ObjectCreationExpr,jetbrick.template.parser.SyntaxException,SyntaxException,C:\Users\tyin363\Documents\repos\subchen__jetbrick-template-2x\jetbrick-template\src\main\java\jetbrick\template\parser\AstCodeVisitor.java,253
JDK:java.base:N/A:N/A,ClassOrInterfaceType,java.util.Enumeration,Enumeration,C:\Users\tyin363\Documents\repos\subchen__jetbrick-template-2x\jetbrick-template\src\main\java\jetbrick\template\runtime\JetForIterator.java,60
CLIENT:client-code:N/A:N/A,MethodCallExpr,jetbrick.template.JetConfig,initialize,C:\Users\tyin363\Documents\repos\subchen__jetbrick-template-2x\jetbrick-template\src\main\java\jetbrick\template\JetConfig.java,100
CLIENT:client-code:N/A:N/A,NameExpr,jetbrick.template.parser.ast.AstText,text,C:\Users\tyin363\Documents\repos\subchen__jetbrick-template-2x\jetbrick-template\src\main\java\jetbrick\template\parser\ast\AstText.java,97
CLIENT:client-code:N/A:N/A,NameExpr,jetbrick.template.runtime.InterpretContextImpl,engine,C:\Users\tyin363\Documents\repos\subchen__jetbrick-template-2x\jetbrick-template\src\main\java\jetbrick\template\runtime\InterpretContextImpl.java,121
CLIENT:client-code:N/A:N/A,MethodCallExpr,jetbrick.template.Errors,typeName,C:\Users\tyin363\Documents\repos\subchen__jetbrick-template-2x\jetbrick-template\src\main\java\jetbrick\template\parser\ast\ALU.java,427
JDK:java.base:N/A:N/A,ClassOrInterfaceType,java.lang.String,String,C:\Users\tyin363\Documents\repos\subchen__jetbrick-template-2x\jetbrick-template\src\main\java\jetbrick\template\parser\AstCodeVisitor.java,723
JDK:java.base:N/A:N/A,MethodCallExpr,java.lang.System,currentTimeMillis,C:\Users\tyin363\Documents\repos\subchen__jetbrick-template-2x\jetbrick-template\src\main\java\jetbrick\template\resolver\macro\MacroResolver.java,80
CLIENT:client-code:N/A:N/A,ClassOrInterfaceType,jetbrick.template.parser.ast.AstExpressionList,AstExpressionList,C:\Users\tyin363\Documents\repos\subchen__jetbrick-template-2x\jetbrick-template\src\main\java\jetbrick\template\parser\ast\AstDirectiveTag.java,35
CLIENT:client-code:N/A:N/A,MethodCallExpr,jetbrick.template.parser.ast.ALU,mul,C:\Users\tyin363\Documents\repos\subchen__jetbrick-template-2x\jetbrick-template\src\main\java\jetbrick\template\parser\ast\AstOperatorBinary.java,82
CLIENT:client-code:N/A:N/A,MethodCallExpr,jetbrick.template.runtime.InterpretException,set,C:\Users\tyin363\Documents\repos\subchen__jetbrick-template-2x\jetbrick-template\src\main\java\jetbrick\template\parser\ast\AstDirectiveTag.java,78
CLIENT:client-code:N/A:N/A,ClassOrInterfaceType,jetbrick.template.parser.ast.AstStatement,AstStatement,C:\Users\tyin363\Documents\repos\subchen__jetbrick-template-2x\jetbrick-template\src\main\java\jetbrick\template\parser\ast\AstDirective.java,22
CLIENT:client-code:N/A:N/A,ClassOrInterfaceType,jetbrick.template.parser.ast.Position,Position,C:\Users\tyin363\Documents\repos\subchen__jetbrick-template-2x\jetbrick-template\src\main\java\jetbrick\template\parser\AstCodeVisitor.java,396
CLIENT:client-code:N/A:N/A,FieldAccessExpr,jetbrick.template.parser.ast.AstInvokeIndexGet,nullSafe,C:\Users\tyin363\Documents\repos\subchen__jetbrick-template-2x\jetbrick-template\src\main\java\jetbrick\template\parser\ast\AstInvokeIndexGet.java,38
com.github.subchen:jetbrick-commons:jar:2.1.9,MethodCallExpr,jetbrick.bean.ConstructorInfo,newInstance,C:\Users\tyin363\Documents\repos\subchen__jetbrick-template-2x\jetbrick-template\src\main\java\jetbrick\template\parser\ast\AstInvokeNewObject.java,77
CLIENT:client-code:N/A:N/A,ClassOrInterfaceType,jetbrick.template.resolver.function.ExtensionFunctionInvoker,ExtensionFunctionInvoker,C:\Users\tyin363\Documents\repos\subchen__jetbrick-template-2x\jetbrick-template\src\main\java\jetbrick\template\resolver\function\FunctionInvokerResolver.java,120
JDK:java.base:N/A:N/A,MethodCallExpr,java.lang.StringBuilder,append,C:\Users\tyin363\Documents\repos\subchen__jetbrick-template-2x\jetbrick-template\src\main\java\jetbrick\template\resolver\SignatureUtils.java,63
CLIENT:client-code:N/A:N/A,FieldAccessExpr,jetbrick.template.runtime.writer.JetOutputStreamPrinterEx,charset,C:\Users\tyin363\Documents\repos\subchen__jetbrick-template-2x\jetbrick-template\src\main\java\jetbrick\template\runtime\writer\JetOutputStreamPrinterEx.java,33
CLIENT:client-code:N/A:N/A,ObjectCreationExpr,jetbrick.template.runtime.JetForIterator,JetForIterator,C:\Users\tyin363\Documents\repos\subchen__jetbrick-template-2x\jetbrick-template\src\main\java\jetbrick\template\parser\ast\AstDirectiveFor.java,44
CLIENT:client-code:N/A:N/A,MethodCallExpr,jetbrick.template.parser.ast.AstExpression,execute,C:\Users\tyin363\Documents\repos\subchen__jetbrick-template-2x\jetbrick-template\src\main\java\jetbrick\template\parser\ast\AstOperatorNullAsDefault.java,36
CLIENT:client-code:N/A:N/A,ClassOrInterfaceType,jetbrick.template.JetTemplateMacro,JetTemplateMacro,C:\Users\tyin363\Documents\repos\subchen__jetbrick-template-2x\jetbrick-template\src\main\java\jetbrick\template\JetTemplateImpl.java,179
CLIENT:client-code:N/A:N/A,ClassOrInterfaceType,jetbrick.template.parser.ast.AstOperatorBinary,AstOperatorBinary,C:\Users\tyin363\Documents\repos\subchen__jetbrick-template-2x\jetbrick-template\src\main\java\jetbrick\template\parser\AstCodeVisitor.java,579
org.antlr:antlr4-runtime:jar:4.10.1,ClassOrInterfaceType,org.antlr.v4.runtime.Token,Token,C:\Users\tyin363\Documents\repos\subchen__jetbrick-template-2x\jetbrick-template\src\main\java\jetbrick\template\parser\AstCodeVisitor.java,518
CLIENT:client-code:N/A:N/A,FieldAccessExpr,jetbrick.template.parser.ast.AstDirectiveTag,tagContext,C:\Users\tyin363\Documents\repos\subchen__jetbrick-template-2x\jetbrick-template\src\main\java\jetbrick\template\parser\ast\AstDirectiveTag.java,39
CLIENT:client-code:N/A:N/A,MethodCallExpr,jetbrick.template.resolver.function.FunctionInvoker,checkAccess,C:\Users\tyin363\Documents\repos\subchen__jetbrick-template-2x\jetbrick-template\src\main\java\jetbrick\template\parser\ast\AstInvokeFunction.java,76
JDK:java.base:N/A:N/A,MethodCallExpr,java.util.Map,put,C:\Users\tyin363\Documents\repos\subchen__jetbrick-template-2x\jetbrick-template\src\main\java\jetbrick\template\JetGlobalContext.java,38
JDK:java.base:N/A:N/A,ClassOrInterfaceType,java.io.IOException,IOException,C:\Users\tyin363\Documents\repos\subchen__jetbrick-template-2x\jetbrick-template\src\main\java\jetbrick\template\parser\ast\AstValueEscaped.java,42
JDK:java.base:N/A:N/A,MethodCallExpr,java.lang.StringBuffer,append,C:\Users\tyin363\Documents\repos\subchen__jetbrick-template-2x\jetbrick-template\src\main\java\jetbrick\template\resolver\method\MethodInvokerResolver.java,80
JDK:java.base:N/A:N/A,ClassOrInterfaceType,java.lang.Object,Object,C:\Users\tyin363\Documents\repos\subchen__jetbrick-template-2x\jetbrick-template\src\main\java\jetbrick\template\runtime\JetForIterator.java,93
org.antlr:antlr4-runtime:jar:4.10.1,MethodCallExpr,org.antlr.v4.runtime.Token,getText,C:\Users\tyin363\Documents\repos\subchen__jetbrick-template-2x\jetbrick-template\src\main\java\jetbrick\template\parser\AstCodeVisitor.java,723
CLIENT:client-code:N/A:N/A,NameExpr,jetbrick.template.runtime.InterpretContextImpl,valueStack,C:\Users\tyin363\Documents\repos\subchen__jetbrick-template-2x\jetbrick-template\src\main\java\jetbrick\template\runtime\InterpretContextImpl.java,81
CLIENT:client-code:N/A:N/A,ClassOrInterfaceType,jetbrick.template.runtime.InterpretException,InterpretException,C:\Users\tyin363\Documents\repos\subchen__jetbrick-template-2x\jetbrick-template\src\main\java\jetbrick\template\parser\ast\AstInvokeMethod.java,50
CLIENT:client-code:N/A:N/A,ClassOrInterfaceType,jetbrick.template.resolver.GlobalResolver,GlobalResolver,C:\Users\tyin363\Documents\repos\subchen__jetbrick-template-2x\jetbrick-template\src\main\java\jetbrick\template\runtime\InterpretContextImpl.java,65
CLIENT:client-code:N/A:N/A,FieldAccessExpr,jetbrick.template.runtime.InterpretContext,SIGNAL_CONTINUE,C:\Users\tyin363\Documents\repos\subchen__jetbrick-template-2x\jetbrick-template\src\main\java\jetbrick\template\parser\ast\AstDirectiveContinue.java,37
com.github.subchen:jetbrick-commons:jar:2.1.9,MethodCallExpr,jetbrick.bean.MethodInfo,getParameterTypes,C:\Users\tyin363\Documents\repos\subchen__jetbrick-template-2x\jetbrick-template\src\main\java\jetbrick\template\resolver\tag\TagInvokerResolver.java,54
CLIENT:client-code:N/A:N/A,MethodCallExpr,jetbrick.template.parser.ast.Position,getLine,C:\Users\tyin363\Documents\repos\subchen__jetbrick-template-2x\jetbrick-template\src\main\java\jetbrick\template\Errors.java,149
CLIENT:client-code:N/A:N/A,FieldAccessExpr,jetbrick.template.parser.AstCodeVisitor,parseCtx,C:\Users\tyin363\Documents\repos\subchen__jetbrick-template-2x\jetbrick-template\src\main\java\jetbrick\template\parser\AstCodeVisitor.java,86
JDK:java.base:N/A:N/A,ClassOrInterfaceType,java.util.Enumeration,Enumeration,C:\Users\tyin363\Documents\repos\subchen__jetbrick-template-2x\jetbrick-template\src\main\java\jetbrick\template\runtime\JetForIterator.java,61
CLIENT:client-code:N/A:N/A,MethodCallExpr,jetbrick.template.Errors,format,C:\Users\tyin363\Documents\repos\subchen__jetbrick-template-2x\jetbrick-template\src\main\java\jetbrick\template\JetGlobalContext.java,53
CLIENT:client-code:N/A:N/A,MethodCallExpr,jetbrick.template.parser.ast.AstExpression,execute,C:\Users\tyin363\Documents\repos\subchen__jetbrick-template-2x\jetbrick-template\src\main\java\jetbrick\template\parser\ast\AstTernaryOperator.java,43
JDK:java.base:N/A:N/A,MethodCallExpr,java.lang.Class,isArray,C:\Users\tyin363\Documents\repos\subchen__jetbrick-template-2x\jetbrick-template\src\main\java\jetbrick\template\parser\ast\ALU.java,528
CLIENT:client-code:N/A:N/A,FieldAccessExpr,jetbrick.template.loader.AbstractResourceLoader,securityManager,C:\Users\tyin363\Documents\repos\subchen__jetbrick-template-2x\jetbrick-template\src\main\java\jetbrick\template\loader\AbstractResourceLoader.java,54
JDK:java.base:N/A:N/A,FieldAccessExpr,java.lang.Boolean,TRUE,C:\Users\tyin363\Documents\repos\subchen__jetbrick-template-2x\jetbrick-template\src\main\java\jetbrick\template\parser\ast\ALU.java,480
CLIENT:client-code:N/A:N/A,MethodCallExpr,jetbrick.template.JetSecurityManager,checkAccess,C:\Users\tyin363\Documents\repos\subchen__jetbrick-template-2x\jetbrick-template\src\main\java\jetbrick\template\parser\ast\AstInvokeNewArray.java,47
JDK:java.base:N/A:N/A,ClassOrInterfaceType,java.lang.Object,Object,C:\Users\tyin363\Documents\repos\subchen__jetbrick-template-2x\jetbrick-template\src\main\java\jetbrick\template\parser\ast\ALU.java,217
com.github.subchen:jetbrick-commons:jar:2.1.9,ClassOrInterfaceType,jetbrick.io.resource.ResourceNotFoundException,ResourceNotFoundException,C:\Users\tyin363\Documents\repos\subchen__jetbrick-template-2x\jetbrick-template\src\main\java\jetbrick\template\JetTemplate.java,34
CLIENT:client-code:N/A:N/A,MethodCallExpr,jetbrick.template.runtime.InterpretException,set,C:\Users\tyin363\Documents\repos\subchen__jetbrick-template-2x\jetbrick-template\src\main\java\jetbrick\template\parser\ast\AstInvokeMethod.java,56
JDK:java.base:N/A:N/A,MethodCallExpr,java.lang.StringBuilder,append,C:\Users\tyin363\Documents\repos\subchen__jetbrick-template-2x\jetbrick-template\src\main\java\jetbrick\template\Errors.java,194
CLIENT:client-code:N/A:N/A,ClassOrInterfaceType,jetbrick.template.JetTemplate,JetTemplate,C:\Users\tyin363\Documents\repos\subchen__jetbrick-template-2x\jetbrick-template\src\main\java\jetbrick\template\JetTemplateMacro.java,35
CLIENT:client-code:N/A:N/A,MethodCallExpr,jetbrick.template.runtime.InterpretException,set,C:\Users\tyin363\Documents\repos\subchen__jetbrick-template-2x\jetbrick-template\src\main\java\jetbrick\template\parser\ast\AstDirectiveCall.java,56
CLIENT:client-code:N/A:N/A,ClassOrInterfaceType,jetbrick.template.runtime.ValueStack,ValueStack,C:\Users\tyin363\Documents\repos\subchen__jetbrick-template-2x\jetbrick-template\src\main\java\jetbrick\template\parser\ast\AstIdentifier.java,43
CLIENT:client-code:N/A:N/A,NameExpr,jetbrick.template.parser.ast.AstInvokeIndexGet,indexExpression,C:\Users\tyin363\Documents\repos\subchen__jetbrick-template-2x\jetbrick-template\src\main\java\jetbrick\template\parser\ast\AstInvokeIndexGet.java,57
JDK:java.base:N/A:N/A,ClassOrInterfaceType,java.lang.Number,Number,C:\Users\tyin363\Documents\repos\subchen__jetbrick-template-2x\jetbrick-template\src\main\java\jetbrick\template\parser\ast\ALU.java,72
CLIENT:client-code:N/A:N/A,MethodCallExpr,jetbrick.template.resolver.GlobalResolver,registerTags,C:\Users\tyin363\Documents\repos\subchen__jetbrick-template-2x\jetbrick-template\src\main\java\jetbrick\template\resolver\GlobalResolver.java,88
CLIENT:client-code:N/A:N/A,ClassOrInterfaceType,jetbrick.template.resolver.method.MethodInvokerResolver,MethodInvokerResolver,C:\Users\tyin363\Documents\repos\subchen__jetbrick-template-2x\jetbrick-template\src\main\java\jetbrick\template\resolver\method\MethodInvokerResolver.java,40
CLIENT:client-code:N/A:N/A,MethodCallExpr,jetbrick.template.parser.ParserContext,isSafecall,C:\Users\tyin363\Documents\repos\subchen__jetbrick-template-2x\jetbrick-template\src\main\java\jetbrick\template\JetTemplateOption.java,36
CLIENT:client-code:N/A:N/A,MethodCallExpr,jetbrick.template.runtime.InterpretException,set,C:\Users\tyin363\Documents\repos\subchen__jetbrick-template-2x\jetbrick-template\src\main\java\jetbrick\template\parser\ast\AstInvokeNewObject.java,70
com.github.subchen:jetbrick-commons:jar:2.1.9,MethodCallExpr,jetbrick.util.StringEscapeUtils,escapeJava,C:\Users\tyin363\Documents\repos\subchen__jetbrick-template-2x\jetbrick-template\src\main\java\jetbrick\template\runtime\buildin\JetMethods.java,259
JDK:java.base:N/A:N/A,ClassOrInterfaceType,java.lang.Object,Object,C:\Users\tyin363\Documents\repos\subchen__jetbrick-template-2x\jetbrick-template\src\main\java\jetbrick\template\runtime\JetForIterator.java,94
JDK:java.base:N/A:N/A,MethodCallExpr,java.util.Map,get,C:\Users\tyin363\Documents\repos\subchen__jetbrick-template-2x\jetbrick-template\src\main\java\jetbrick\template\resolver\function\FunctionInvokerResolver.java,84
JDK:java.base:N/A:N/A,ClassOrInterfaceType,java.lang.Float,Float,C:\Users\tyin363\Documents\repos\subchen__jetbrick-template-2x\jetbrick-template\src\main\java\jetbrick\template\runtime\buildin\JetMethods.java,79
com.github.subchen:jetbrick-commons:jar:2.1.9,MethodCallExpr,jetbrick.util.PathUtils,normalize,C:\Users\tyin363\Documents\repos\subchen__jetbrick-template-2x\jetbrick-template\src\main\java\jetbrick\template\loader\AbstractResourceLoader.java,46
CLIENT:client-code:N/A:N/A,NameExpr,jetbrick.template.parser.AstCodeVisitor,parseCtx,C:\Users\tyin363\Documents\repos\subchen__jetbrick-template-2x\jetbrick-template\src\main\java\jetbrick\template\parser\AstCodeVisitor.java,608
CLIENT:client-code:N/A:N/A,MethodCallExpr,jetbrick.template.resolver.GlobalResolver,resolveTag,C:\Users\tyin363\Documents\repos\subchen__jetbrick-template-2x\jetbrick-template\src\main\java\jetbrick\template\parser\ast\AstDirectiveTag.java,59
CLIENT:client-code:N/A:N/A,ClassOrInterfaceType,jetbrick.template.parser.Source,Source,C:\Users\tyin363\Documents\repos\subchen__jetbrick-template-2x\jetbrick-template\src\main\java\jetbrick\template\JetTemplateImpl.java,50
CLIENT:client-code:N/A:N/A,NameExpr,jetbrick.template.JetTemplateImpl,engine,C:\Users\tyin363\Documents\repos\subchen__jetbrick-template-2x\jetbrick-template\src\main\java\jetbrick\template\JetTemplateImpl.java,218
CLIENT:client-code:N/A:N/A,NameExpr,jetbrick.template.resolver.method.ExtensionMethodInvoker,length,C:\Users\tyin363\Documents\repos\subchen__jetbrick-template-2x\jetbrick-template\src\main\java\jetbrick\template\resolver\method\ExtensionMethodInvoker.java,53
JDK:java.base:N/A:N/A,ClassOrInterfaceType,java.lang.String,String,C:\Users\tyin363\Documents\repos\subchen__jetbrick-template-2x\jetbrick-template\src\main\java\jetbrick\template\parser\ParserContext.java,246
CLIENT:client-code:N/A:N/A,FieldAccessExpr,jetbrick.template.Errors,CONSTRUCTOR_INVOKE_ERROR,C:\Users\tyin363\Documents\repos\subchen__jetbrick-template-2x\jetbrick-template\src\main\java\jetbrick\template\parser\ast\AstInvokeNewObject.java,79
JDK:java.base:N/A:N/A,ClassOrInterfaceType,java.lang.String,String,C:\Users\tyin363\Documents\repos\subchen__jetbrick-template-2x\jetbrick-template\src\main\java\jetbrick\template\JetEngineImpl.java,85
CLIENT:client-code:N/A:N/A,FieldAccessExpr,jetbrick.template.Errors,VARIABLE_TYPE_MISMATCH,C:\Users\tyin363\Documents\repos\subchen__jetbrick-template-2x\jetbrick-template\src\main\java\jetbrick\template\parser\ast\AstDirectiveInclude.java,61
CLIENT:client-code:N/A:N/A,MethodCallExpr,jetbrick.template.resolver.tag.TagInvokerResolver,register,C:\Users\tyin363\Documents\repos\subchen__jetbrick-template-2x\jetbrick-template\src\main\java\jetbrick\template\resolver\GlobalResolver.java,180
CLIENT:client-code:N/A:N/A,ClassOrInterfaceType,jetbrick.template.parser.ast.AstOperatorBinary,AstOperatorBinary,C:\Users\tyin363\Documents\repos\subchen__jetbrick-template-2x\jetbrick-template\src\main\java\jetbrick\template\parser\AstCodeVisitor.java,581
JDK:java.base:N/A:N/A,ClassOrInterfaceType,java.security.NoSuchAlgorithmException,NoSuchAlgorithmException,C:\Users\tyin363\Documents\repos\subchen__jetbrick-template-2x\jetbrick-template\src\main\java\jetbrick\template\runtime\buildin\JetMethods.java,249
JDK:java.base:N/A:N/A,ClassOrInterfaceType,java.lang.IllegalStateException,IllegalStateException,C:\Users\tyin363\Documents\repos\subchen__jetbrick-template-2x\jetbrick-template\src\main\java\jetbrick\template\parser\ParserContext.java,187
CLIENT:client-code:N/A:N/A,FieldAccessExpr,jetbrick.template.parser.ast.Tokens,GT,C:\Users\tyin363\Documents\repos\subchen__jetbrick-template-2x\jetbrick-template\src\main\java\jetbrick\template\parser\ast\AstOperatorBinary.java,114
JDK:java.base:N/A:N/A,ClassOrInterfaceType,java.lang.Object,Object,C:\Users\tyin363\Documents\repos\subchen__jetbrick-template-2x\jetbrick-template\src\main\java\jetbrick\template\parser\ast\AstInvokeIndexGet.java,69
CLIENT:client-code:N/A:N/A,FieldAccessExpr,jetbrick.template.parser.ast.Tokens,BIT_SHR,C:\Users\tyin363\Documents\repos\subchen__jetbrick-template-2x\jetbrick-template\src\main\java\jetbrick\template\parser\AstCodeVisitor.java,571
CLIENT:client-code:N/A:N/A,ClassOrInterfaceType,jetbrick.template.runtime.InterpretException,InterpretException,C:\Users\tyin363\Documents\repos\subchen__jetbrick-template-2x\jetbrick-template\src\main\java\jetbrick\template\parser\ast\AstInvokeNewObject.java,70
com.github.subchen:jetbrick-commons:jar:2.1.9,MethodCallExpr,jetbrick.bean.MethodInfo,isStatic,C:\Users\tyin363\Documents\repos\subchen__jetbrick-template-2x\jetbrick-template\src\main\java\jetbrick\template\resolver\tag\TagInvokerResolver.java,53
JDK:java.base:N/A:N/A,ClassOrInterfaceType,java.util.HashMap,HashMap,C:\Users\tyin363\Documents\repos\subchen__jetbrick-template-2x\jetbrick-template\src\main\java\jetbrick\template\JetContext.java,24
com.github.subchen:jetbrick-commons:jar:2.1.9,MethodCallExpr,jetbrick.util.StringUtils,substringBetween,C:\Users\tyin363\Documents\repos\subchen__jetbrick-template-2x\jetbrick-template\src\main\java\jetbrick\template\parser\AstCodeVisitor.java,412
JDK:java.base:N/A:N/A,MethodCallExpr,java.lang.Integer,valueOf,C:\Users\tyin363\Documents\repos\subchen__jetbrick-template-2x\jetbrick-template\src\main\java\jetbrick\template\parser\AstCodeVisitor.java,769
CLIENT:client-code:N/A:N/A,ClassOrInterfaceType,jetbrick.template.runtime.InterpretException,InterpretException,C:\Users\tyin363\Documents\repos\subchen__jetbrick-template-2x\jetbrick-template\src\main\java\jetbrick\template\parser\ast\AstInvokeMethod.java,56
CLIENT:client-code:N/A:N/A,MethodCallExpr,jetbrick.template.parser.ast.AstExpression,execute,C:\Users\tyin363\Documents\repos\subchen__jetbrick-template-2x\jetbrick-template\src\main\java\jetbrick\template\parser\ast\AstTernaryOperator.java,41
JDK:java.base:N/A:N/A,ClassOrInterfaceType,java.lang.Short,Short,C:\Users\tyin363\Documents\repos\subchen__jetbrick-template-2x\jetbrick-template\src\main\java\jetbrick\template\parser\ast\ALU.java,303
CLIENT:client-code:N/A:N/A,FieldAccessExpr,jetbrick.template.parser.ast.AstExpression,position,C:\Users\tyin363\Documents\repos\subchen__jetbrick-template-2x\jetbrick-template\src\main\java\jetbrick\template\parser\ast\AstExpression.java,28
CLIENT:client-code:N/A:N/A,MethodCallExpr,jetbrick.template.runtime.InterpretException,set,C:\Users\tyin363\Documents\repos\subchen__jetbrick-template-2x\jetbrick-template\src\main\java\jetbrick\template\parser\ast\AstInvokeMethod.java,58
CLIENT:client-code:N/A:N/A,NameExpr,jetbrick.template.parser.ast.AstStatementList.ListIterator,list,C:\Users\tyin363\Documents\repos\subchen__jetbrick-template-2x\jetbrick-template\src\main\java\jetbrick\template\parser\ast\AstStatementList.java,291
CLIENT:client-code:N/A:N/A,NameExpr,jetbrick.template.runtime.writer.JetWriterPrinter,error,C:\Users\tyin363\Documents\repos\subchen__jetbrick-template-2x\jetbrick-template\src\main\java\jetbrick\template\runtime\writer\JetWriterPrinter.java,129
JDK:java.base:N/A:N/A,MethodCallExpr,java.lang.StringBuilder,append,C:\Users\tyin363\Documents\repos\subchen__jetbrick-template-2x\jetbrick-template\src\main\java\jetbrick\template\Errors.java,192
JDK:java.base:N/A:N/A,ClassOrInterfaceType,java.lang.String,String,C:\Users\tyin363\Documents\repos\subchen__jetbrick-template-2x\jetbrick-template\src\main\java\jetbrick\template\JetTemplateMacro.java,72
JDK:java.base:N/A:N/A,FieldAccessExpr,java.lang.Boolean,TRUE,C:\Users\tyin363\Documents\repos\subchen__jetbrick-template-2x\jetbrick-template\src\main\java\jetbrick\template\parser\ast\ALU.java,478
CLIENT:client-code:N/A:N/A,NameExpr,jetbrick.template.runtime.JetForIterator,iterator,C:\Users\tyin363\Documents\repos\subchen__jetbrick-template-2x\jetbrick-template\src\main\java\jetbrick\template\runtime\JetForIterator.java,69
CLIENT:client-code:N/A:N/A,MethodCallExpr,jetbrick.template.resolver.tag.TagInvokerResolver,doGetTagInvoker,C:\Users\tyin363\Documents\repos\subchen__jetbrick-template-2x\jetbrick-template\src\main\java\jetbrick\template\resolver\tag\TagInvokerResolver.java,106
JDK:java.base:N/A:N/A,ClassOrInterfaceType,java.lang.Number,Number,C:\Users\tyin363\Documents\repos\subchen__jetbrick-template-2x\jetbrick-template\src\main\java\jetbrick\template\parser\ast\ALU.java,74
CLIENT:client-code:N/A:N/A,MethodCallExpr,jetbrick.template.parser.ast.AstStatementList,execute,C:\Users\tyin363\Documents\repos\subchen__jetbrick-template-2x\jetbrick-template\src\main\java\jetbrick\template\parser\ast\AstDirectiveMacro.java,42
JDK:java.base:N/A:N/A,ClassOrInterfaceType,java.lang.Object,Object,C:\Users\tyin363\Documents\repos\subchen__jetbrick-template-2x\jetbrick-template\src\main\java\jetbrick\template\parser\ast\AstOperatorBinary.java,56
JDK:java.base:N/A:N/A,ClassOrInterfaceType,java.lang.Class,Class,C:\Users\tyin363\Documents\repos\subchen__jetbrick-template-2x\jetbrick-template\src\main\java\jetbrick\template\resolver\method\MethodInvokerResolver.java,119
CLIENT:client-code:N/A:N/A,MethodCallExpr,jetbrick.template.resolver.function.FunctionInvokerResolver,resolve,C:\Users\tyin363\Documents\repos\subchen__jetbrick-template-2x\jetbrick-template\src\main\java\jetbrick\template\resolver\GlobalResolver.java,210
CLIENT:client-code:N/A:N/A,MethodCallExpr,jetbrick.template.Errors,typeName,C:\Users\tyin363\Documents\repos\subchen__jetbrick-template-2x\jetbrick-template\src\main\java\jetbrick\template\parser\ast\ALU.java,159
CLIENT:client-code:N/A:N/A,ClassOrInterfaceType,jetbrick.template.resolver.tag.TagInvoker,TagInvoker,C:\Users\tyin363\Documents\repos\subchen__jetbrick-template-2x\jetbrick-template\src\main\java\jetbrick\template\resolver\tag\TagInvokerResolver.java,119
CLIENT:client-code:N/A:N/A,ClassOrInterfaceType,jetbrick.template.parser.ast.AstDirectiveInclude,AstDirectiveInclude,C:\Users\tyin363\Documents\repos\subchen__jetbrick-template-2x\jetbrick-template\src\main\java\jetbrick\template\parser\AstCodeVisitor.java,390
JDK:java.base:N/A:N/A,MethodCallExpr,java.lang.StringBuffer,append,C:\Users\tyin363\Documents\repos\subchen__jetbrick-template-2x\jetbrick-template\src\main\java\jetbrick\template\resolver\method\MethodInvokerResolver.java,74
JDK:java.base:N/A:N/A,ClassOrInterfaceType,java.util.concurrent.ConcurrentMap,ConcurrentMap,C:\Users\tyin363\Documents\repos\subchen__jetbrick-template-2x\jetbrick-template\src\main\java\jetbrick\template\resolver\property\DefaultGetterResolver.java,32
com.github.subchen:jetbrick-commons:jar:2.1.9,ObjectCreationExpr,jetbrick.io.resource.ResourceNotFoundException,ResourceNotFoundException,C:\Users\tyin363\Documents\repos\subchen__jetbrick-template-2x\jetbrick-template\src\main\java\jetbrick\template\JetEngineImpl.java,159
CLIENT:client-code:N/A:N/A,MethodCallExpr,jetbrick.template.parser.ast.AstDirective,getPosition,C:\Users\tyin363\Documents\repos\subchen__jetbrick-template-2x\jetbrick-template\src\main\java\jetbrick\template\parser\ast\AstStatementList.java,155
CLIENT:client-code:N/A:N/A,NameExpr,jetbrick.template.JetTemplateOption,safecall,C:\Users\tyin363\Documents\repos\subchen__jetbrick-template-2x\jetbrick-template\src\main\java\jetbrick\template\JetTemplateOption.java,46
JDK:java.base:N/A:N/A,ClassOrInterfaceType,java.security.SecureRandom,SecureRandom,C:\Users\tyin363\Documents\repos\subchen__jetbrick-template-2x\jetbrick-template\src\main\java\jetbrick\template\runtime\buildin\JetFunctions.java,37
JDK:java.base:N/A:N/A,ClassOrInterfaceType,java.lang.Object,Object,C:\Users\tyin363\Documents\repos\subchen__jetbrick-template-2x\jetbrick-template\src\main\java\jetbrick\template\runtime\InterpretContextImpl.java,162
JDK:java.base:N/A:N/A,ClassOrInterfaceType,java.lang.Object,Object,C:\Users\tyin363\Documents\repos\subchen__jetbrick-template-2x\jetbrick-template\src\main\java\jetbrick\template\parser\ast\AstOperatorBinary.java,57
CLIENT:client-code:N/A:N/A,ClassOrInterfaceType,jetbrick.template.parser.ast.AstOperatorBinary,AstOperatorBinary,C:\Users\tyin363\Documents\repos\subchen__jetbrick-template-2x\jetbrick-template\src\main\java\jetbrick\template\parser\AstCodeVisitor.java,585
CLIENT:client-code:N/A:N/A,ClassOrInterfaceType,jetbrick.template.TemplateException,TemplateException,C:\Users\tyin363\Documents\repos\subchen__jetbrick-template-2x\jetbrick-template\src\main\java\jetbrick\template\resolver\GlobalResolver.java,139
JDK:java.base:N/A:N/A,MethodCallExpr,java.util.Map.Entry,getKey,C:\Users\tyin363\Documents\repos\subchen__jetbrick-template-2x\jetbrick-template\src\main\java\jetbrick\template\parser\ast\AstConstantMap.java,41
CLIENT:client-code:N/A:N/A,MethodCallExpr,jetbrick.template.runtime.ValueContext,getType,C:\Users\tyin363\Documents\repos\subchen__jetbrick-template-2x\jetbrick-template\src\main\java\jetbrick\template\runtime\ValueStack.java,133
JDK:java.base:N/A:N/A,ClassOrInterfaceType,java.lang.Object,Object,C:\Users\tyin363\Documents\repos\subchen__jetbrick-template-2x\jetbrick-template\src\main\java\jetbrick\template\parser\ast\AstIdentifier.java,34
CLIENT:client-code:N/A:N/A,NameExpr,jetbrick.template.JetConfig,ioSkiperrors,C:\Users\tyin363\Documents\repos\subchen__jetbrick-template-2x\jetbrick-template\src\main\java\jetbrick\template\JetConfig.java,208
CLIENT:client-code:N/A:N/A,MethodCallExpr,jetbrick.template.parser.ast.AstExpression,execute,C:\Users\tyin363\Documents\repos\subchen__jetbrick-template-2x\jetbrick-template\src\main\java\jetbrick\template\parser\ast\AstTernaryOperator.java,39
JDK:java.base:N/A:N/A,MethodCallExpr,java.lang.Number,longValue,C:\Users\tyin363\Documents\repos\subchen__jetbrick-template-2x\jetbrick-template\src\main\java\jetbrick\template\parser\ast\ALU.java,308
CLIENT:client-code:N/A:N/A,ClassOrInterfaceType,jetbrick.template.parser.ast.AstOperatorBinary,AstOperatorBinary,C:\Users\tyin363\Documents\repos\subchen__jetbrick-template-2x\jetbrick-template\src\main\java\jetbrick\template\parser\AstCodeVisitor.java,583
JDK:java.base:N/A:N/A,ClassOrInterfaceType,java.lang.Class,Class,C:\Users\tyin363\Documents\repos\subchen__jetbrick-template-2x\jetbrick-template\src\main\java\jetbrick\template\parser\ast\ALU.java,118
JDK:java.base:N/A:N/A,MethodCallExpr,java.lang.StringBuffer,append,C:\Users\tyin363\Documents\repos\subchen__jetbrick-template-2x\jetbrick-template\src\main\java\jetbrick\template\resolver\method\MethodInvokerResolver.java,75
CLIENT:client-code:N/A:N/A,NameExpr,jetbrick.template.JetConfig,importMacros,C:\Users\tyin363\Documents\repos\subchen__jetbrick-template-2x\jetbrick-template\src\main\java\jetbrick\template\JetConfig.java,144
JDK:java.base:N/A:N/A,ClassOrInterfaceType,java.lang.Number,Number,C:\Users\tyin363\Documents\repos\subchen__jetbrick-template-2x\jetbrick-template\src\main\java\jetbrick\template\parser\ast\ALU.java,73
CLIENT:client-code:N/A:N/A,MethodCallExpr,jetbrick.template.parser.ast.AstExpression,execute,C:\Users\tyin363\Documents\repos\subchen__jetbrick-template-2x\jetbrick-template\src\main\java\jetbrick\template\parser\ast\AstOperatorNullAsDefault.java,40
JDK:java.base:N/A:N/A,ClassOrInterfaceType,java.lang.Class,Class,C:\Users\tyin363\Documents\repos\subchen__jetbrick-template-2x\jetbrick-template\src\main\java\jetbrick\template\resolver\clazz\ClassResolver.java,37
CLIENT:client-code:N/A:N/A,ClassOrInterfaceType,jetbrick.template.runtime.InterpretException,InterpretException,C:\Users\tyin363\Documents\repos\subchen__jetbrick-template-2x\jetbrick-template\src\main\java\jetbrick\template\parser\ast\AstDirectiveCall.java,56
CLIENT:client-code:N/A:N/A,MethodCallExpr,jetbrick.template.runtime.InterpretContext,getValueStack,C:\Users\tyin363\Documents\repos\subchen__jetbrick-template-2x\jetbrick-template\src\main\java\jetbrick\template\parser\ast\AstIdentifier.java,35
CLIENT:client-code:N/A:N/A,ClassOrInterfaceType,jetbrick.template.parser.ast.AstConstant,AstConstant,C:\Users\tyin363\Documents\repos\subchen__jetbrick-template-2x\jetbrick-template\src\main\java\jetbrick\template\parser\AstCodeVisitor.java,378
CLIENT:client-code:N/A:N/A,MethodCallExpr,jetbrick.template.JetEngineImpl,getTemplate,C:\Users\tyin363\Documents\repos\subchen__jetbrick-template-2x\jetbrick-template\src\main\java\jetbrick\template\JetEngineImpl.java,216
com.github.subchen:jetbrick-commons:jar:2.1.9,MethodCallExpr,jetbrick.io.stream.UnsafeCharArrayWriter,toString,C:\Users\tyin363\Documents\repos\subchen__jetbrick-template-2x\jetbrick-template\src\main\java\jetbrick\template\runtime\buildin\JetFunctions.java,84
CLIENT:client-code:N/A:N/A,ClassOrInterfaceType,jetbrick.template.runtime.InterpretException,InterpretException,C:\Users\tyin363\Documents\repos\subchen__jetbrick-template-2x\jetbrick-template\src\main\java\jetbrick\template\parser\ast\AstDirectiveTag.java,71
CLIENT:client-code:N/A:N/A,NameExpr,jetbrick.template.runtime.JetForIterator,size,C:\Users\tyin363\Documents\repos\subchen__jetbrick-template-2x\jetbrick-template\src\main\java\jetbrick\template\runtime\JetForIterator.java,105
CLIENT:client-code:N/A:N/A,MethodCallExpr,jetbrick.template.runtime.InterpretContextImpl,getTemplateStack,C:\Users\tyin363\Documents\repos\subchen__jetbrick-template-2x\jetbrick-template\src\main\java\jetbrick\template\JetTemplateImpl.java,157
JDK:java.base:N/A:N/A,ClassOrInterfaceType,java.lang.IllegalStateException,IllegalStateException,C:\Users\tyin363\Documents\repos\subchen__jetbrick-template-2x\jetbrick-template\src\main\java\jetbrick\template\parser\ParserContext.java,176
CLIENT:client-code:N/A:N/A,NameExpr,jetbrick.template.JetConfig,TRIM_DIRECTIVE_COMMENTS_PREFIX,C:\Users\tyin363\Documents\repos\subchen__jetbrick-template-2x\jetbrick-template\src\main\java\jetbrick\template\JetConfig.java,122
JDK:java.base:N/A:N/A,ClassOrInterfaceType,java.lang.String,String,C:\Users\tyin363\Documents\repos\subchen__jetbrick-template-2x\jetbrick-template\src\main\java\jetbrick\template\runtime\InterpretContextImpl.java,40
JDK:java.base:N/A:N/A,ClassOrInterfaceType,java.lang.String,String,C:\Users\tyin363\Documents\repos\subchen__jetbrick-template-2x\jetbrick-template\src\main\java\jetbrick\template\resolver\function\FunctionInvokerResolver.java,64
CLIENT:client-code:N/A:N/A,MethodCallExpr,jetbrick.template.runtime.ValueContext,getLocal,C:\Users\tyin363\Documents\repos\subchen__jetbrick-template-2x\jetbrick-template\src\main\java\jetbrick\template\runtime\ValueContext.java,72
CLIENT:client-code:N/A:N/A,NameExpr,jetbrick.template.parser.ast.AstExpression,position,C:\Users\tyin363\Documents\repos\subchen__jetbrick-template-2x\jetbrick-template\src\main\java\jetbrick\template\parser\ast\AstInvokeMethodStatic.java,98
JDK:java.base:N/A:N/A,ClassOrInterfaceType,java.lang.Number,Number,C:\Users\tyin363\Documents\repos\subchen__jetbrick-template-2x\jetbrick-template\src\main\java\jetbrick\template\parser\ast\ALU.java,324
JDK:java.base:N/A:N/A,ClassOrInterfaceType,java.lang.String,String,C:\Users\tyin363\Documents\repos\subchen__jetbrick-template-2x\jetbrick-template\src\main\java\jetbrick\template\parser\AstCodeVisitor.java,729
JDK:java.base:N/A:N/A,MethodCallExpr,java.lang.Class,isAssignableFrom,C:\Users\tyin363\Documents\repos\subchen__jetbrick-template-2x\jetbrick-template\src\main\java\jetbrick\template\parser\ast\ALU.java,454
JDK:java.base:N/A:N/A,FieldAccessExpr,java.lang.Boolean,TRUE,C:\Users\tyin363\Documents\repos\subchen__jetbrick-template-2x\jetbrick-template\src\main\java\jetbrick\template\parser\ast\ALU.java,476
CLIENT:client-code:N/A:N/A,MethodCallExpr,jetbrick.template.runtime.ValueStack,setLocal,C:\Users\tyin363\Documents\repos\subchen__jetbrick-template-2x\jetbrick-template\src\main\java\jetbrick\template\parser\ast\AstDirectiveFor.java,82
JDK:java.base:N/A:N/A,ClassOrInterfaceType,java.lang.Class,Class,C:\Users\tyin363\Documents\repos\subchen__jetbrick-template-2x\jetbrick-template\src\main\java\jetbrick\template\parser\ParserContext.java,201
JDK:java.base:N/A:N/A,ClassOrInterfaceType,java.lang.Class,Class,C:\Users\tyin363\Documents\repos\subchen__jetbrick-template-2x\jetbrick-template\src\main\java\jetbrick\template\resolver\method\ClassBuildinMethodInvoker.java,32
JDK:java.base:N/A:N/A,ClassOrInterfaceType,java.nio.charset.Charset,Charset,C:\Users\tyin363\Documents\repos\subchen__jetbrick-template-2x\jetbrick-template\src\main\java\jetbrick\template\JetConfig.java,69
JDK:java.base:N/A:N/A,ClassOrInterfaceType,java.lang.String,String,C:\Users\tyin363\Documents\repos\subchen__jetbrick-template-2x\jetbrick-template\src\main\java\jetbrick\template\parser\AstCodeVisitor.java,465
org.antlr:antlr4-runtime:jar:4.10.1,ClassOrInterfaceType,org.antlr.v4.runtime.Parser,Parser,C:\Users\tyin363\Documents\repos\subchen__jetbrick-template-2x\jetbrick-template\src\main\java\jetbrick\template\parser\AstBuilder.java,99
JDK:java.base:N/A:N/A,ClassOrInterfaceType,java.nio.charset.Charset,Charset,C:\Users\tyin363\Documents\repos\subchen__jetbrick-template-2x\jetbrick-template\src\main\java\jetbrick\template\JetConfig.java,70
CLIENT:client-code:N/A:N/A,ClassOrInterfaceType,jetbrick.template.JetTemplate,JetTemplate,C:\Users\tyin363\Documents\repos\subchen__jetbrick-template-2x\jetbrick-template\src\main\java\jetbrick\template\runtime\TemplateStack.java,67
JDK:java.base:N/A:N/A,ClassOrInterfaceType,java.lang.String,String,C:\Users\tyin363\Documents\repos\subchen__jetbrick-template-2x\jetbrick-template\src\main\java\jetbrick\template\runtime\buildin\JetMethods.java,99
CLIENT:client-code:N/A:N/A,NameExpr,jetbrick.template.JetConfig,TRIM_DIRECTIVE_WHITESPACES,C:\Users\tyin363\Documents\repos\subchen__jetbrick-template-2x\jetbrick-template\src\main\java\jetbrick\template\JetConfig.java,120
com.github.subchen:jetbrick-commons:jar:2.1.9,ObjectCreationExpr,jetbrick.collection.iterator.LoopIterator,LoopIterator,C:\Users\tyin363\Documents\repos\subchen__jetbrick-template-2x\jetbrick-template\src\main\java\jetbrick\template\runtime\buildin\JetFunctions.java,56
CLIENT:client-code:N/A:N/A,NameExpr,jetbrick.template.JetTemplateImpl,resource,C:\Users\tyin363\Documents\repos\subchen__jetbrick-template-2x\jetbrick-template\src\main\java\jetbrick\template\JetTemplateImpl.java,97
JDK:java.base:N/A:N/A,ClassOrInterfaceType,java.lang.Number,Number,C:\Users\tyin363\Documents\repos\subchen__jetbrick-template-2x\jetbrick-template\src\main\java\jetbrick\template\parser\ast\ALU.java,323
JDK:java.base:N/A:N/A,ClassOrInterfaceType,java.lang.Class,Class,C:\Users\tyin363\Documents\repos\subchen__jetbrick-template-2x\jetbrick-template\src\main\java\jetbrick\template\resolver\GlobalResolver.java,162
CLIENT:client-code:N/A:N/A,NameExpr,jetbrick.template.runtime.ValueStack,current,C:\Users\tyin363\Documents\repos\subchen__jetbrick-template-2x\jetbrick-template\src\main\java\jetbrick\template\runtime\ValueStack.java,158
JDK:java.base:N/A:N/A,MethodCallExpr,java.io.OutputStream,close,C:\Users\tyin363\Documents\repos\subchen__jetbrick-template-2x\jetbrick-template\src\main\java\jetbrick\template\runtime\writer\JetOutputStreamPrinter.java,158
JDK:java.base:N/A:N/A,MethodCallExpr,java.lang.Class,isAssignableFrom,C:\Users\tyin363\Documents\repos\subchen__jetbrick-template-2x\jetbrick-template\src\main\java\jetbrick\template\parser\ast\ALU.java,453
org.antlr:antlr4-runtime:jar:4.10.1,MethodCallExpr,org.antlr.v4.runtime.Token,getType,C:\Users\tyin363\Documents\repos\subchen__jetbrick-template-2x\jetbrick-template\src\main\java\jetbrick\template\parser\AstCodeVisitor.java,725
CLIENT:client-code:N/A:N/A,MethodCallExpr,jetbrick.template.parser.ast.AstExpression,execute,C:\Users\tyin363\Documents\repos\subchen__jetbrick-template-2x\jetbrick-template\src\main\java\jetbrick\template\parser\ast\AstDirectiveInclude.java,57
CLIENT:client-code:N/A:N/A,ClassOrInterfaceType,jetbrick.template.parser.ast.AstStatementList,AstStatementList,C:\Users\tyin363\Documents\repos\subchen__jetbrick-template-2x\jetbrick-template\src\main\java\jetbrick\template\parser\AstCodeVisitor.java,96
CLIENT:client-code:N/A:N/A,NameExpr,jetbrick.template.runtime.writer.JetWriterPrinter,error,C:\Users\tyin363\Documents\repos\subchen__jetbrick-template-2x\jetbrick-template\src\main\java\jetbrick\template\runtime\writer\JetWriterPrinter.java,142
JDK:java.base:N/A:N/A,ClassOrInterfaceType,java.lang.String,String,C:\Users\tyin363\Documents\repos\subchen__jetbrick-template-2x\jetbrick-template\src\main\java\jetbrick\template\Errors.java,166
CLIENT:client-code:N/A:N/A,MethodCallExpr,jetbrick.template.parser.ast.ALU,positive,C:\Users\tyin363\Documents\repos\subchen__jetbrick-template-2x\jetbrick-template\src\main\java\jetbrick\template\parser\ast\AstOperatorUnary.java,60
CLIENT:client-code:N/A:N/A,NameExpr,jetbrick.template.runtime.JetForIterator,iterator,C:\Users\tyin363\Documents\repos\subchen__jetbrick-template-2x\jetbrick-template\src\main\java\jetbrick\template\runtime\JetForIterator.java,72
JDK:java.base:N/A:N/A,MethodCallExpr,java.util.Map,put,C:\Users\tyin363\Documents\repos\subchen__jetbrick-template-2x\jetbrick-template\src\main\java\jetbrick\template\runtime\ValueContext.java,91
CLIENT:client-code:N/A:N/A,MethodCallExpr,jetbrick.template.runtime.ValueStack,setLocal,C:\Users\tyin363\Documents\repos\subchen__jetbrick-template-2x\jetbrick-template\src\main\java\jetbrick\template\parser\ast\AstDirectiveFor.java,81
CLIENT:client-code:N/A:N/A,FieldAccessExpr,jetbrick.template.JetTemplateImpl,macroResolver,C:\Users\tyin363\Documents\repos\subchen__jetbrick-template-2x\jetbrick-template\src\main\java\jetbrick\template\JetTemplateImpl.java,63
JDK:java.base:N/A:N/A,ClassOrInterfaceType,java.lang.Object,Object,C:\Users\tyin363\Documents\repos\subchen__jetbrick-template-2x\jetbrick-template\src\main\java\jetbrick\template\parser\ast\ALU.java,492
JDK:java.base:N/A:N/A,MethodCallExpr,java.lang.reflect.Array,newInstance,C:\Users\tyin363\Documents\repos\subchen__jetbrick-template-2x\jetbrick-template\src\main\java\jetbrick\template\resolver\ParameterUtils.java,74
JDK:java.base:N/A:N/A,ClassOrInterfaceType,java.lang.Byte,Byte,C:\Users\tyin363\Documents\repos\subchen__jetbrick-template-2x\jetbrick-template\src\main\java\jetbrick\template\parser\ast\ALU.java,329
CLIENT:client-code:N/A:N/A,NameExpr,jetbrick.template.runtime.ValueStack,NULL,C:\Users\tyin363\Documents\repos\subchen__jetbrick-template-2x\jetbrick-template\src\main\java\jetbrick\template\runtime\ValueStack.java,89
JDK:java.base:N/A:N/A,ClassOrInterfaceType,java.util.ArrayList,ArrayList,C:\Users\tyin363\Documents\repos\subchen__jetbrick-template-2x\jetbrick-template\src\main\java\jetbrick\template\runtime\JetForIterator.java,80
JDK:java.base:N/A:N/A,ObjectCreationExpr,java.lang.IllegalStateException,IllegalStateException,C:\Users\tyin363\Documents\repos\subchen__jetbrick-template-2x\jetbrick-template\src\main\java\jetbrick\template\resolver\clazz\ClassResolver.java,90
CLIENT:client-code:N/A:N/A,NameExpr,jetbrick.template.parser.ast.ALU,NaN,C:\Users\tyin363\Documents\repos\subchen__jetbrick-template-2x\jetbrick-template\src\main\java\jetbrick\template\parser\ast\ALU.java,58
com.github.subchen:jetbrick-commons:jar:2.1.9,MethodCallExpr,jetbrick.bean.MethodInfo,getMethod,C:\Users\tyin363\Documents\repos\subchen__jetbrick-template-2x\jetbrick-template\src\main\java\jetbrick\template\resolver\method\ExtensionMethodInvoker.java,48
CLIENT:client-code:N/A:N/A,NameExpr,jetbrick.template.parser.ast.AstInvokeFieldStatic,cls,C:\Users\tyin363\Documents\repos\subchen__jetbrick-template-2x\jetbrick-template\src\main\java\jetbrick\template\parser\ast\AstInvokeFieldStatic.java,73
JDK:java.base:N/A:N/A,ClassOrInterfaceType,java.lang.String,String,C:\Users\tyin363\Documents\repos\subchen__jetbrick-template-2x\jetbrick-template\src\main\java\jetbrick\template\JetEngine.java,36
org.antlr:antlr4-runtime:jar:4.10.1,MethodCallExpr,org.antlr.v4.runtime.Token,getLine,C:\Users\tyin363\Documents\repos\subchen__jetbrick-template-2x\jetbrick-template\src\main\java\jetbrick\template\parser\AstBuilder.java,91
CLIENT:client-code:N/A:N/A,NameExpr,jetbrick.template.JetTemplateImpl,resource,C:\Users\tyin363\Documents\repos\subchen__jetbrick-template-2x\jetbrick-template\src\main\java\jetbrick\template\JetTemplateImpl.java,96
CLIENT:client-code:N/A:N/A,NameExpr,jetbrick.template.resolver.method.MethodInvokerResolver,extensionMethodMap,C:\Users\tyin363\Documents\repos\subchen__jetbrick-template-2x\jetbrick-template\src\main\java\jetbrick\template\resolver\method\MethodInvokerResolver.java,86
CLIENT:client-code:N/A:N/A,MethodCallExpr,jetbrick.template.JetEngine,getGlobalContext,C:\Users\tyin363\Documents\repos\subchen__jetbrick-template-2x\jetbrick-template\src\main\java\jetbrick\template\JetTemplateImpl.java,103
CLIENT:client-code:N/A:N/A,ClassOrInterfaceType,jetbrick.template.resolver.property.Getter,Getter,C:\Users\tyin363\Documents\repos\subchen__jetbrick-template-2x\jetbrick-template\src\main\java\jetbrick\template\resolver\property\PropertyGetter.java,30
CLIENT:client-code:N/A:N/A,ClassOrInterfaceType,jetbrick.template.parser.ast.AstInvokeIndexGet,AstInvokeIndexGet,C:\Users\tyin363\Documents\repos\subchen__jetbrick-template-2x\jetbrick-template\src\main\java\jetbrick\template\parser\AstCodeVisitor.java,695
CLIENT:client-code:N/A:N/A,ClassOrInterfaceType,jetbrick.template.JetTemplate,JetTemplate,C:\Users\tyin363\Documents\repos\subchen__jetbrick-template-2x\jetbrick-template\src\main\java\jetbrick\template\resolver\GlobalResolver.java,186
CLIENT:client-code:N/A:N/A,NameExpr,jetbrick.template.runtime.ValueContext,privateContext,C:\Users\tyin363\Documents\repos\subchen__jetbrick-template-2x\jetbrick-template\src\main\java\jetbrick\template\runtime\ValueContext.java,63
CLIENT:client-code:N/A:N/A,FieldAccessExpr,jetbrick.template.parser.ast.AstTernaryOperator,conditionExpression,C:\Users\tyin363\Documents\repos\subchen__jetbrick-template-2x\jetbrick-template\src\main\java\jetbrick\template\parser\ast\AstTernaryOperator.java,32
JDK:java.base:N/A:N/A,FieldAccessExpr,java.lang.Boolean,TRUE,C:\Users\tyin363\Documents\repos\subchen__jetbrick-template-2x\jetbrick-template\src\main\java\jetbrick\template\parser\ast\ALU.java,474
JDK:java.base:N/A:N/A,MethodCallExpr,java.lang.reflect.Method,getModifiers,C:\Users\tyin363\Documents\repos\subchen__jetbrick-template-2x\jetbrick-template\src\main\java\jetbrick\template\JetSecurityManagerImpl.java,138
CLIENT:client-code:N/A:N/A,FieldAccessExpr,jetbrick.template.parser.ast.AstInvokeFunction,argumentList,C:\Users\tyin363\Documents\repos\subchen__jetbrick-template-2x\jetbrick-template\src\main\java\jetbrick\template\parser\ast\AstInvokeFunction.java,40
CLIENT:client-code:N/A:N/A,MethodCallExpr,jetbrick.template.resolver.tag.TagInvokerResolver,register,C:\Users\tyin363\Documents\repos\subchen__jetbrick-template-2x\jetbrick-template\src\main\java\jetbrick\template\resolver\GlobalResolver.java,166
CLIENT:client-code:N/A:N/A,NameExpr,jetbrick.template.parser.ast.AstDirectiveFor,identifier,C:\Users\tyin363\Documents\repos\subchen__jetbrick-template-2x\jetbrick-template\src\main\java\jetbrick\template\parser\ast\AstDirectiveFor.java,81
JDK:java.base:N/A:N/A,ClassOrInterfaceType,java.lang.Object,Object,C:\Users\tyin363\Documents\repos\subchen__jetbrick-template-2x\jetbrick-template\src\main\java\jetbrick\template\runtime\buildin\JetTags.java,48
CLIENT:client-code:N/A:N/A,ClassOrInterfaceType,jetbrick.template.JetEngineImpl,JetEngineImpl,C:\Users\tyin363\Documents\repos\subchen__jetbrick-template-2x\jetbrick-template\src\main\java\jetbrick\template\JetEngine.java,44
CLIENT:client-code:N/A:N/A,MethodCallExpr,jetbrick.template.JetGlobalContext,getType,C:\Users\tyin363\Documents\repos\subchen__jetbrick-template-2x\jetbrick-template\src\main\java\jetbrick\template\runtime\ValueStack.java,140
CLIENT:client-code:N/A:N/A,NameExpr,jetbrick.template.JetConfig,syntaxStrict,C:\Users\tyin363\Documents\repos\subchen__jetbrick-template-2x\jetbrick-template\src\main\java\jetbrick\template\JetConfig.java,117
com.github.subchen:jetbrick-commons:jar:2.1.9,FieldAccessExpr,jetbrick.collection.iterator.EmptyIterator,INSTANCE,C:\Users\tyin363\Documents\repos\subchen__jetbrick-template-2x\jetbrick-template\src\main\java\jetbrick\template\runtime\JetForIterator.java,37
CLIENT:client-code:N/A:N/A,MethodCallExpr,jetbrick.template.parser.SyntaxException,set,C:\Users\tyin363\Documents\repos\subchen__jetbrick-template-2x\jetbrick-template\src\main\java\jetbrick\template\parser\AstCodeVisitor.java,382
CLIENT:client-code:N/A:N/A,MethodCallExpr,jetbrick.template.runtime.InterpretContext,getValueStack,C:\Users\tyin363\Documents\repos\subchen__jetbrick-template-2x\jetbrick-template\src\main\java\jetbrick\template\parser\ast\AstInvokeMethod.java,75
JDK:java.base:N/A:N/A,ClassOrInterfaceType,java.lang.IllegalStateException,IllegalStateException,C:\Users\tyin363\Documents\repos\subchen__jetbrick-template-2x\jetbrick-template\src\main\java\jetbrick\template\JetGlobalContext.java,53
CLIENT:client-code:N/A:N/A,ClassOrInterfaceType,jetbrick.template.JetSecurityManager,JetSecurityManager,C:\Users\tyin363\Documents\repos\subchen__jetbrick-template-2x\jetbrick-template\src\main\java\jetbrick\template\parser\ast\AstInvokeMethod.java,88
JDK:java.base:N/A:N/A,MethodCallExpr,java.util.List,size,C:\Users\tyin363\Documents\repos\subchen__jetbrick-template-2x\jetbrick-template\src\main\java\jetbrick\template\runtime\InterpretContextImpl.java,146
com.github.subchen:jetbrick-commons:jar:2.1.9,MethodCallExpr,jetbrick.bean.MethodInfo,isVarArgs,C:\Users\tyin363\Documents\repos\subchen__jetbrick-template-2x\jetbrick-template\src\main\java\jetbrick\template\resolver\function\ExtensionFunctionInvoker.java,38
CLIENT:client-code:N/A:N/A,ObjectCreationExpr,jetbrick.template.parser.SyntaxException,SyntaxException,C:\Users\tyin363\Documents\repos\subchen__jetbrick-template-2x\jetbrick-template\src\main\java\jetbrick\template\parser\AstCodeVisitor.java,260
com.github.subchen:jetbrick-commons:jar:2.1.9,ClassOrInterfaceType,jetbrick.bean.MethodInfo,MethodInfo,C:\Users\tyin363\Documents\repos\subchen__jetbrick-template-2x\jetbrick-template\src\main\java\jetbrick\template\resolver\property\PropertyGetter.java,31
CLIENT:client-code:N/A:N/A,NameExpr,jetbrick.template.runtime.ValueContext,privateContext,C:\Users\tyin363\Documents\repos\subchen__jetbrick-template-2x\jetbrick-template\src\main\java\jetbrick\template\runtime\ValueContext.java,64
JDK:java.base:N/A:N/A,ClassOrInterfaceType,java.lang.IllegalStateException,IllegalStateException,C:\Users\tyin363\Documents\repos\subchen__jetbrick-template-2x\jetbrick-template\src\main\java\jetbrick\template\parser\ParserContext.java,172
JDK:java.base:N/A:N/A,MethodCallExpr,java.lang.Class,isAssignableFrom,C:\Users\tyin363\Documents\repos\subchen__jetbrick-template-2x\jetbrick-template\src\main\java\jetbrick\template\resolver\ParameterUtils.java,69
JDK:java.base:N/A:N/A,MethodCallExpr,java.lang.Object,getClass,C:\Users\tyin363\Documents\repos\subchen__jetbrick-template-2x\jetbrick-template\src\main\java\jetbrick\template\Errors.java,90
CLIENT:client-code:N/A:N/A,ClassOrInterfaceType,jetbrick.template.JetAnnotations.Tags,Tags,C:\Users\tyin363\Documents\repos\subchen__jetbrick-template-2x\jetbrick-template\src\main\java\jetbrick\template\resolver\GlobalResolver.java,70
JDK:java.base:N/A:N/A,ObjectCreationExpr,java.lang.String,String,C:\Users\tyin363\Documents\repos\subchen__jetbrick-template-2x\jetbrick-template\src\main\java\jetbrick\template\runtime\writer\JetWriterPrinter.java,91
CLIENT:client-code:N/A:N/A,ClassOrInterfaceType,jetbrick.template.JetConfig,JetConfig,C:\Users\tyin363\Documents\repos\subchen__jetbrick-template-2x\jetbrick-template\src\main\java\jetbrick\template\JetEngineImpl.java,46
CLIENT:client-code:N/A:N/A,NameExpr,jetbrick.template.parser.ast.ALU,BYTE,C:\Users\tyin363\Documents\repos\subchen__jetbrick-template-2x\jetbrick-template\src\main\java\jetbrick\template\parser\ast\ALU.java,99
CLIENT:client-code:N/A:N/A,MethodCallExpr,jetbrick.template.resolver.tag.TagInvokerResolver,register,C:\Users\tyin363\Documents\repos\subchen__jetbrick-template-2x\jetbrick-template\src\main\java\jetbrick\template\resolver\GlobalResolver.java,173
JDK:java.base:N/A:N/A,MethodCallExpr,java.lang.StringBuilder,append,C:\Users\tyin363\Documents\repos\subchen__jetbrick-template-2x\jetbrick-template\src\main\java\jetbrick\template\resolver\SignatureUtils.java,72
CLIENT:client-code:N/A:N/A,MethodCallExpr,jetbrick.template.runtime.JetForIterator,setOuter,C:\Users\tyin363\Documents\repos\subchen__jetbrick-template-2x\jetbrick-template\src\main\java\jetbrick\template\parser\ast\AstDirectiveFor.java,49
JDK:java.base:N/A:N/A,ClassOrInterfaceType,java.lang.Class,Class,C:\Users\tyin363\Documents\repos\subchen__jetbrick-template-2x\jetbrick-template\src\main\java\jetbrick\template\resolver\SignatureUtils.java,49
JDK:java.base:N/A:N/A,ClassOrInterfaceType,java.util.List,List,C:\Users\tyin363\Documents\repos\subchen__jetbrick-template-2x\jetbrick-template\src\main\java\jetbrick\template\resolver\GlobalResolver.java,64
CLIENT:client-code:N/A:N/A,MethodCallExpr,jetbrick.template.parser.ast.AstExpression,execute,C:\Users\tyin363\Documents\repos\subchen__jetbrick-template-2x\jetbrick-template\src\main\java\jetbrick\template\parser\ast\AstDirectiveStop.java,36
CLIENT:client-code:N/A:N/A,ClassOrInterfaceType,jetbrick.template.parser.ast.AstOperatorBinary,AstOperatorBinary,C:\Users\tyin363\Documents\repos\subchen__jetbrick-template-2x\jetbrick-template\src\main\java\jetbrick\template\parser\AstCodeVisitor.java,591
com.github.subchen:jetbrick-commons:jar:2.1.9,MethodCallExpr,jetbrick.bean.MethodInfo,getName,C:\Users\tyin363\Documents\repos\subchen__jetbrick-template-2x\jetbrick-template\src\main\java\jetbrick\template\resolver\tag\TagInvokerResolver.java,68
CLIENT:client-code:N/A:N/A,MethodCallExpr,jetbrick.template.resolver.ParameterUtils,getParameterTypes,C:\Users\tyin363\Documents\repos\subchen__jetbrick-template-2x\jetbrick-template\src\main\java\jetbrick\template\runtime\buildin\JetFunctions.java,110
CLIENT:client-code:N/A:N/A,MethodCallExpr,jetbrick.template.parser.ast.AstInvokeMethod,doInvoke,C:\Users\tyin363\Documents\repos\subchen__jetbrick-template-2x\jetbrick-template\src\main\java\jetbrick\template\parser\ast\AstInvokeMethod.java,111
CLIENT:client-code:N/A:N/A,ClassOrInterfaceType,jetbrick.template.parser.ast.AstExpression,AstExpression,C:\Users\tyin363\Documents\repos\subchen__jetbrick-template-2x\jetbrick-template\src\main\java\jetbrick\template\parser\AstCodeVisitor.java,324
JDK:java.base:N/A:N/A,MethodCallExpr,java.lang.String,substring,C:\Users\tyin363\Documents\repos\subchen__jetbrick-template-2x\jetbrick-template\src\main\java\jetbrick\template\JetSecurityManagerImpl.java,84
JDK:java.base:N/A:N/A,ClassOrInterfaceType,java.lang.String,String,C:\Users\tyin363\Documents\repos\subchen__jetbrick-template-2x\jetbrick-template\src\main\java\jetbrick\template\runtime\buildin\JetMethods.java,103
JDK:java.base:N/A:N/A,MethodCallExpr,java.lang.Number,floatValue,C:\Users\tyin363\Documents\repos\subchen__jetbrick-template-2x\jetbrick-template\src\main\java\jetbrick\template\parser\ast\ALU.java,154
CLIENT:client-code:N/A:N/A,ClassOrInterfaceType,jetbrick.template.JetTemplate,JetTemplate,C:\Users\tyin363\Documents\repos\subchen__jetbrick-template-2x\jetbrick-template\src\main\java\jetbrick\template\runtime\InterpretContextImpl.java,85
JDK:java.base:N/A:N/A,ClassOrInterfaceType,java.io.OutputStream,OutputStream,C:\Users\tyin363\Documents\repos\subchen__jetbrick-template-2x\jetbrick-template\src\main\java\jetbrick\template\JetTemplate.java,38
CLIENT:client-code:N/A:N/A,ClassOrInterfaceType,jetbrick.template.JetTemplateMacro,JetTemplateMacro,C:\Users\tyin363\Documents\repos\subchen__jetbrick-template-2x\jetbrick-template\src\main\java\jetbrick\template\JetTemplate.java,40
CLIENT:client-code:N/A:N/A,FieldAccessExpr,jetbrick.template.Errors,VARIABLE_TYPE_MISMATCH,C:\Users\tyin363\Documents\repos\subchen__jetbrick-template-2x\jetbrick-template\src\main\java\jetbrick\template\parser\ast\AstInvokeNewArray.java,80
JDK:java.base:N/A:N/A,ClassOrInterfaceType,java.util.concurrent.ConcurrentHashMap,ConcurrentHashMap,C:\Users\tyin363\Documents\repos\subchen__jetbrick-template-2x\jetbrick-template\src\main\java\jetbrick\template\resolver\property\DefaultGetterResolver.java,32
JDK:java.base:N/A:N/A,ClassOrInterfaceType,java.lang.Short,Short,C:\Users\tyin363\Documents\repos\subchen__jetbrick-template-2x\jetbrick-template\src\main\java\jetbrick\template\parser\ast\ALU.java,310
CLIENT:client-code:N/A:N/A,ClassOrInterfaceType,jetbrick.template.runtime.JetWriter,JetWriter,C:\Users\tyin363\Documents\repos\subchen__jetbrick-template-2x\jetbrick-template\src\main\java\jetbrick\template\parser\ast\AstText.java,205
com.github.subchen:jetbrick-commons:jar:2.1.9,ClassOrInterfaceType,jetbrick.bean.PropertyInfo,PropertyInfo,C:\Users\tyin363\Documents\repos\subchen__jetbrick-template-2x\jetbrick-template\src\main\java\jetbrick\template\resolver\property\DefaultGetterResolver.java,78
CLIENT:client-code:N/A:N/A,NameExpr,jetbrick.template.parser.ast.ALU,DOUBLE,C:\Users\tyin363\Documents\repos\subchen__jetbrick-template-2x\jetbrick-template\src\main\java\jetbrick\template\parser\ast\ALU.java,508
CLIENT:client-code:N/A:N/A,ClassOrInterfaceType,jetbrick.template.JetTemplate,JetTemplate,C:\Users\tyin363\Documents\repos\subchen__jetbrick-template-2x\jetbrick-template\src\main\java\jetbrick\template\JetEngineImpl.java,117
JDK:java.base:N/A:N/A,MethodCallExpr,java.lang.StringBuffer,append,C:\Users\tyin363\Documents\repos\subchen__jetbrick-template-2x\jetbrick-template\src\main\java\jetbrick\template\resolver\method\MethodInvokerResolver.java,82
JDK:java.base:N/A:N/A,ClassOrInterfaceType,java.io.IOException,IOException,C:\Users\tyin363\Documents\repos\subchen__jetbrick-template-2x\jetbrick-template\src\main\java\jetbrick\template\runtime\buildin\JetTags.java,47
JDK:java.base:N/A:N/A,ClassOrInterfaceType,java.lang.Object,Object,C:\Users\tyin363\Documents\repos\subchen__jetbrick-template-2x\jetbrick-template\src\main\java\jetbrick\template\runtime\writer\JetWriterPrinterEx.java,37
CLIENT:client-code:N/A:N/A,ClassOrInterfaceType,jetbrick.template.runtime.InterpretContext,InterpretContext,C:\Users\tyin363\Documents\repos\subchen__jetbrick-template-2x\jetbrick-template\src\main\java\jetbrick\template\parser\ast\AstOperatorUnary.java,50
JDK:java.base:N/A:N/A,MethodCallExpr,java.lang.Number,floatValue,C:\Users\tyin363\Documents\repos\subchen__jetbrick-template-2x\jetbrick-template\src\main\java\jetbrick\template\parser\ast\ALU.java,418
CLIENT:client-code:N/A:N/A,MethodCallExpr,jetbrick.template.runtime.InterpretException,set,C:\Users\tyin363\Documents\repos\subchen__jetbrick-template-2x\jetbrick-template\src\main\java\jetbrick\template\parser\ast\AstInvokeNewObject.java,61
JDK:java.base:N/A:N/A,ClassOrInterfaceType,java.lang.String,String,C:\Users\tyin363\Documents\repos\subchen__jetbrick-template-2x\jetbrick-template\src\main\java\jetbrick\template\JetTemplateOption.java,53
CLIENT:client-code:N/A:N/A,ClassOrInterfaceType,jetbrick.template.parser.ast.Position,Position,C:\Users\tyin363\Documents\repos\subchen__jetbrick-template-2x\jetbrick-template\src\main\java\jetbrick\template\parser\ast\AstOperatorEquals.java,30
CLIENT:client-code:N/A:N/A,MethodCallExpr,jetbrick.template.JetTemplate,resolveMacro,C:\Users\tyin363\Documents\repos\subchen__jetbrick-template-2x\jetbrick-template\src\main\java\jetbrick\template\resolver\macro\MacroResolver.java,67
CLIENT:client-code:N/A:N/A,FieldAccessExpr,jetbrick.template.parser.ast.AstDirectiveSet,expression,C:\Users\tyin363\Documents\repos\subchen__jetbrick-template-2x\jetbrick-template\src\main\java\jetbrick\template\parser\ast\AstDirectiveSet.java,32
CLIENT:client-code:N/A:N/A,ClassOrInterfaceType,jetbrick.template.parser.ast.AstDirectiveReturn,AstDirectiveReturn,C:\Users\tyin363\Documents\repos\subchen__jetbrick-template-2x\jetbrick-template\src\main\java\jetbrick\template\parser\AstCodeVisitor.java,344
CLIENT:client-code:N/A:N/A,NameExpr,jetbrick.template.parser.Source,contents,C:\Users\tyin363\Documents\repos\subchen__jetbrick-template-2x\jetbrick-template\src\main\java\jetbrick\template\parser\Source.java,46
CLIENT:client-code:N/A:N/A,MethodCallExpr,jetbrick.template.Errors,format,C:\Users\tyin363\Documents\repos\subchen__jetbrick-template-2x\jetbrick-template\src\main\java\jetbrick\template\parser\ast\ALU.java,88
JDK:java.base:N/A:N/A,MethodCallExpr,java.lang.Object,toString,C:\Users\tyin363\Documents\repos\subchen__jetbrick-template-2x\jetbrick-template\src\main\java\jetbrick\template\parser\ast\AstValue.java,39
JDK:java.base:N/A:N/A,ClassOrInterfaceType,java.lang.String,String,C:\Users\tyin363\Documents\repos\subchen__jetbrick-template-2x\jetbrick-template\src\main\java\jetbrick\template\runtime\InterpretContextImpl.java,38
CLIENT:client-code:N/A:N/A,NameExpr,jetbrick.template.JetConfig,trimLeadingWhitespaces,C:\Users\tyin363\Documents\repos\subchen__jetbrick-template-2x\jetbrick-template\src\main\java\jetbrick\template\JetConfig.java,119
org.antlr:antlr4-runtime:jar:4.10.1,ClassOrInterfaceType,org.antlr.v4.runtime.DefaultErrorStrategy,DefaultErrorStrategy,C:\Users\tyin363\Documents\repos\subchen__jetbrick-template-2x\jetbrick-template\src\main\java\jetbrick\template\parser\AstBuilder.java,81
JDK:java.base:N/A:N/A,ClassOrInterfaceType,java.lang.IllegalStateException,IllegalStateException,C:\Users\tyin363\Documents\repos\subchen__jetbrick-template-2x\jetbrick-template\src\main\java\jetbrick\template\parser\ParserContext.java,178
CLIENT:client-code:N/A:N/A,MethodCallExpr,jetbrick.template.runtime.TemplateStack,pop,C:\Users\tyin363\Documents\repos\subchen__jetbrick-template-2x\jetbrick-template\src\main\java\jetbrick\template\runtime\InterpretContextImpl.java,174
CLIENT:client-code:N/A:N/A,NameExpr,jetbrick.template.parser.ast.AstInvokeMethod,objectExpression,C:\Users\tyin363\Documents\repos\subchen__jetbrick-template-2x\jetbrick-template\src\main\java\jetbrick\template\parser\ast\AstInvokeMethod.java,51
JDK:java.base:N/A:N/A,ClassOrInterfaceType,java.lang.IllegalStateException,IllegalStateException,C:\Users\tyin363\Documents\repos\subchen__jetbrick-template-2x\jetbrick-template\src\main\java\jetbrick\template\parser\ast\ALU.java,293
CLIENT:client-code:N/A:N/A,NameExpr,jetbrick.template.parser.ast.AstStatementList,EMPTY_ARRAY,C:\Users\tyin363\Documents\repos\subchen__jetbrick-template-2x\jetbrick-template\src\main\java\jetbrick\template\parser\ast\AstStatementList.java,32
JDK:java.base:N/A:N/A,ClassOrInterfaceType,java.lang.Object,Object,C:\Users\tyin363\Documents\repos\subchen__jetbrick-template-2x\jetbrick-template\src\main\java\jetbrick\template\parser\ast\AstTernaryOperator.java,38
JDK:java.base:N/A:N/A,MethodCallExpr,java.lang.String,substring,C:\Users\tyin363\Documents\repos\subchen__jetbrick-template-2x\jetbrick-template\src\main\java\jetbrick\template\JetSecurityManagerImpl.java,82
CLIENT:client-code:N/A:N/A,MethodCallExpr,jetbrick.template.parser.ast.AstDirectiveTag,doInvoke,C:\Users\tyin363\Documents\repos\subchen__jetbrick-template-2x\jetbrick-template\src\main\java\jetbrick\template\parser\ast\AstDirectiveTag.java,51
CLIENT:client-code:N/A:N/A,ClassOrInterfaceType,jetbrick.template.runtime.InterpretException,InterpretException,C:\Users\tyin363\Documents\repos\subchen__jetbrick-template-2x\jetbrick-template\src\main\java\jetbrick\template\parser\ast\AstInvokeNewObject.java,61
JDK:java.base:N/A:N/A,ClassOrInterfaceType,java.lang.String,String,C:\Users\tyin363\Documents\repos\subchen__jetbrick-template-2x\jetbrick-template\src\main\java\jetbrick\template\parser\ast\AstDirectiveCall.java,31
CLIENT:client-code:N/A:N/A,MethodCallExpr,jetbrick.template.runtime.InterpretContextImpl,getTemplateStack,C:\Users\tyin363\Documents\repos\subchen__jetbrick-template-2x\jetbrick-template\src\main\java\jetbrick\template\JetTemplateImpl.java,163
JDK:java.base:N/A:N/A,ClassOrInterfaceType,java.lang.Number,Number,C:\Users\tyin363\Documents\repos\subchen__jetbrick-template-2x\jetbrick-template\src\main\java\jetbrick\template\runtime\buildin\JetMethods.java,64
CLIENT:client-code:N/A:N/A,NameExpr,jetbrick.template.resolver.method.MethodInvokerResolver,extensionMethodMap,C:\Users\tyin363\Documents\repos\subchen__jetbrick-template-2x\jetbrick-template\src\main\java\jetbrick\template\resolver\method\MethodInvokerResolver.java,89
CLIENT:client-code:N/A:N/A,ClassOrInterfaceType,jetbrick.template.resolver.tag.TagInvoker,TagInvoker,C:\Users\tyin363\Documents\repos\subchen__jetbrick-template-2x\jetbrick-template\src\main\java\jetbrick\template\resolver\tag\TagInvokerResolver.java,128
JDK:java.base:N/A:N/A,ClassOrInterfaceType,java.lang.Class,Class,C:\Users\tyin363\Documents\repos\subchen__jetbrick-template-2x\jetbrick-template\src\main\java\jetbrick\template\parser\ParserContext.java,209
CLIENT:client-code:N/A:N/A,FieldAccessExpr,jetbrick.template.Errors,EXPRESSION_NTH_ARGUMENT_IS_NULL,C:\Users\tyin363\Documents\repos\subchen__jetbrick-template-2x\jetbrick-template\src\main\java\jetbrick\template\parser\ast\AstDirectiveInclude.java,47
JDK:java.base:N/A:N/A,ClassOrInterfaceType,java.util.EmptyStackException,EmptyStackException,C:\Users\tyin363\Documents\repos\subchen__jetbrick-template-2x\jetbrick-template\src\main\java\jetbrick\template\runtime\ValueStack.java,174
CLIENT:client-code:N/A:N/A,MethodCallExpr,jetbrick.template.runtime.InterpretContext,getGlobalResolver,C:\Users\tyin363\Documents\repos\subchen__jetbrick-template-2x\jetbrick-template\src\main\java\jetbrick\template\parser\ast\AstInvokeFunction.java,62
com.github.subchen:jetbrick-commons:jar:2.1.9,ClassOrInterfaceType,jetbrick.io.resource.Resource,Resource,C:\Users\tyin363\Documents\repos\subchen__jetbrick-template-2x\jetbrick-template\src\main\java\jetbrick\template\loader\ResourceLoader.java,47
CLIENT:client-code:N/A:N/A,ClassOrInterfaceType,jetbrick.template.parser.ast.AstExpressionList,AstExpressionList,C:\Users\tyin363\Documents\repos\subchen__jetbrick-template-2x\jetbrick-template\src\main\java\jetbrick\template\parser\ast\AstDirectiveTag.java,31
CLIENT:client-code:N/A:N/A,MethodCallExpr,jetbrick.template.parser.ast.AstText,getText,C:\Users\tyin363\Documents\repos\subchen__jetbrick-template-2x\jetbrick-template\src\main\java\jetbrick\template\parser\ast\AstStatementList.java,105
JDK:java.base:N/A:N/A,ClassOrInterfaceType,java.lang.String,String,C:\Users\tyin363\Documents\repos\subchen__jetbrick-template-2x\jetbrick-template\src\main\java\jetbrick\template\Errors.java,160
CLIENT:client-code:N/A:N/A,MethodCallExpr,jetbrick.template.JetSecurityManager,checkAccess,C:\Users\tyin363\Documents\repos\subchen__jetbrick-template-2x\jetbrick-template\src\main\java\jetbrick\template\parser\ast\AstInvokeNewObject.java,68
com.github.subchen:jetbrick-commons:jar:2.1.9,MethodCallExpr,jetbrick.util.PathUtils,getRelativePath,C:\Users\tyin363\Documents\repos\subchen__jetbrick-template-2x\jetbrick-template\src\main\java\jetbrick\template\runtime\buildin\JetFunctions.java,98
JDK:java.base:N/A:N/A,ClassOrInterfaceType,java.lang.Object,Object,C:\Users\tyin363\Documents\repos\subchen__jetbrick-template-2x\jetbrick-template\src\main\java\jetbrick\template\parser\ast\AstTernaryOperator.java,39
CLIENT:client-code:N/A:N/A,MethodCallExpr,jetbrick.template.parser.SyntaxException,set,C:\Users\tyin363\Documents\repos\subchen__jetbrick-template-2x\jetbrick-template\src\main\java\jetbrick\template\parser\AstCodeVisitor.java,387
CLIENT:client-code:N/A:N/A,ClassOrInterfaceType,jetbrick.template.parser.ast.AstTemplate,AstTemplate,C:\Users\tyin363\Documents\repos\subchen__jetbrick-template-2x\jetbrick-template\src\main\java\jetbrick\template\JetTemplate.java,52
CLIENT:client-code:N/A:N/A,ClassOrInterfaceType,jetbrick.template.resolver.property.Getter,Getter,C:\Users\tyin363\Documents\repos\subchen__jetbrick-template-2x\jetbrick-template\src\main\java\jetbrick\template\resolver\property\DefaultGetterResolver.java,97
com.github.subchen:jetbrick-commons:jar:2.1.9,ClassOrInterfaceType,jetbrick.bean.FieldInfo,FieldInfo,C:\Users\tyin363\Documents\repos\subchen__jetbrick-template-2x\jetbrick-template\src\main\java\jetbrick\template\parser\ast\AstText.java,263
CLIENT:client-code:N/A:N/A,NameExpr,jetbrick.template.resolver.GlobalResolver,functionInvokerResolver,C:\Users\tyin363\Documents\repos\subchen__jetbrick-template-2x\jetbrick-template\src\main\java\jetbrick\template\resolver\GlobalResolver.java,141
JDK:java.base:N/A:N/A,ClassOrInterfaceType,java.lang.Number,Number,C:\Users\tyin363\Documents\repos\subchen__jetbrick-template-2x\jetbrick-template\src\main\java\jetbrick\template\runtime\buildin\JetMethods.java,63
CLIENT:client-code:N/A:N/A,FieldAccessExpr,jetbrick.template.parser.Symbols,OPTION_SAFECALL,C:\Users\tyin363\Documents\repos\subchen__jetbrick-template-2x\jetbrick-template\src\main\java\jetbrick\template\parser\AstCodeVisitor.java,184
CLIENT:client-code:N/A:N/A,NameExpr,jetbrick.template.parser.Source,contents,C:\Users\tyin363\Documents\repos\subchen__jetbrick-template-2x\jetbrick-template\src\main\java\jetbrick\template\parser\Source.java,44
JDK:java.base:N/A:N/A,ClassOrInterfaceType,java.lang.Integer,Integer,C:\Users\tyin363\Documents\repos\subchen__jetbrick-template-2x\jetbrick-template\src\main\java\jetbrick\template\parser\ast\AstText.java,299
CLIENT:client-code:N/A:N/A,ClassOrInterfaceType,jetbrick.template.resolver.function.FunctionInvoker,FunctionInvoker,C:\Users\tyin363\Documents\repos\subchen__jetbrick-template-2x\jetbrick-template\src\main\java\jetbrick\template\resolver\function\ExtensionFunctionInvoker.java,29
CLIENT:client-code:N/A:N/A,FieldAccessExpr,jetbrick.template.parser.ast.Tokens,AST_BLOCK_MACRO,C:\Users\tyin363\Documents\repos\subchen__jetbrick-template-2x\jetbrick-template\src\main\java\jetbrick\template\parser\ast\AstStatementList.java,185
CLIENT:client-code:N/A:N/A,FieldAccessExpr,jetbrick.template.parser.ParserContext,currentSymbols,C:\Users\tyin363\Documents\repos\subchen__jetbrick-template-2x\jetbrick-template\src\main\java\jetbrick\template\parser\ParserContext.java,65
JDK:java.base:N/A:N/A,ClassOrInterfaceType,java.util.EmptyStackException,EmptyStackException,C:\Users\tyin363\Documents\repos\subchen__jetbrick-template-2x\jetbrick-template\src\main\java\jetbrick\template\runtime\TemplateStack.java,58
CLIENT:client-code:N/A:N/A,MethodCallExpr,jetbrick.template.resolver.property.Getter,checkAccess,C:\Users\tyin363\Documents\repos\subchen__jetbrick-template-2x\jetbrick-template\src\main\java\jetbrick\template\parser\ast\AstInvokeField.java,79
JDK:java.base:N/A:N/A,MethodCallExpr,java.util.Map,get,C:\Users\tyin363\Documents\repos\subchen__jetbrick-template-2x\jetbrick-template\src\main\java\jetbrick\template\JetGlobalContext.java,64
CLIENT:client-code:N/A:N/A,FieldAccessExpr,jetbrick.template.parser.ast.AstDirective,position,C:\Users\tyin363\Documents\repos\subchen__jetbrick-template-2x\jetbrick-template\src\main\java\jetbrick\template\parser\ast\AstDirective.java,26
CLIENT:client-code:N/A:N/A,FieldAccessExpr,jetbrick.template.parser.ast.AstDirectiveFor,elseStatements,C:\Users\tyin363\Documents\repos\subchen__jetbrick-template-2x\jetbrick-template\src\main\java\jetbrick\template\parser\ast\AstDirectiveFor.java,37
JDK:java.base:N/A:N/A,ClassOrInterfaceType,java.lang.Class,Class,C:\Users\tyin363\Documents\repos\subchen__jetbrick-template-2x\jetbrick-template\src\main\java\jetbrick\template\resolver\GlobalResolver.java,172
CLIENT:client-code:N/A:N/A,NameExpr,jetbrick.template.JetTemplateImpl,config,C:\Users\tyin363\Documents\repos\subchen__jetbrick-template-2x\jetbrick-template\src\main\java\jetbrick\template\JetTemplateImpl.java,107
CLIENT:client-code:N/A:N/A,ClassOrInterfaceType,jetbrick.template.parser.ast.AstExpression,AstExpression,C:\Users\tyin363\Documents\repos\subchen__jetbrick-template-2x\jetbrick-template\src\main\java\jetbrick\template\parser\ast\AstDirectiveIf.java,29
CLIENT:client-code:N/A:N/A,MethodCallExpr,jetbrick.template.parser.ast.AstStatementList.ListIterator,move,C:\Users\tyin363\Documents\repos\subchen__jetbrick-template-2x\jetbrick-template\src\main\java\jetbrick\template\parser\ast\AstStatementList.java,193
CLIENT:client-code:N/A:N/A,MethodCallExpr,jetbrick.template.parser.ast.AstStatementList,combinedContinuousTexts,C:\Users\tyin363\Documents\repos\subchen__jetbrick-template-2x\jetbrick-template\src\main\java\jetbrick\template\parser\ast\AstStatementList.java,41
JDK:java.base:N/A:N/A,ClassOrInterfaceType,java.lang.String,String,C:\Users\tyin363\Documents\repos\subchen__jetbrick-template-2x\jetbrick-template\src\main\java\jetbrick\template\runtime\writer\JetOutputStreamPrinterEx.java,85
CLIENT:client-code:N/A:N/A,MethodCallExpr,jetbrick.template.runtime.InterpretContext,getTemplate,C:\Users\tyin363\Documents\repos\subchen__jetbrick-template-2x\jetbrick-template\src\main\java\jetbrick\template\parser\ast\AstInvokeField.java,49
CLIENT:client-code:N/A:N/A,NameExpr,jetbrick.template.JetSecurityManagerImpl,disallowConstructor,C:\Users\tyin363\Documents\repos\subchen__jetbrick-template-2x\jetbrick-template\src\main\java\jetbrick\template\JetSecurityManagerImpl.java,129
org.antlr:antlr4-runtime:jar:4.10.1,ClassOrInterfaceType,org.antlr.v4.runtime.tree.ParseTree,ParseTree,C:\Users\tyin363\Documents\repos\subchen__jetbrick-template-2x\jetbrick-template\src\main\java\jetbrick\template\parser\AstCodeVisitor.java,821
CLIENT:client-code:N/A:N/A,MethodCallExpr,jetbrick.template.loader.ResourceLoader,getSecurityManager,C:\Users\tyin363\Documents\repos\subchen__jetbrick-template-2x\jetbrick-template\src\main\java\jetbrick\template\JetEngineImpl.java,133
CLIENT:client-code:N/A:N/A,ClassOrInterfaceType,jetbrick.template.parser.ast.AstType,AstType,C:\Users\tyin363\Documents\repos\subchen__jetbrick-template-2x\jetbrick-template\src\main\java\jetbrick\template\parser\AstCodeVisitor.java,650
JDK:java.base:N/A:N/A,ObjectCreationExpr,java.lang.UnsupportedOperationException,UnsupportedOperationException,C:\Users\tyin363\Documents\repos\subchen__jetbrick-template-2x\jetbrick-template\src\main\java\jetbrick\template\parser\Source.java,49
JDK:java.base:N/A:N/A,ClassOrInterfaceType,java.io.OutputStream,OutputStream,C:\Users\tyin363\Documents\repos\subchen__jetbrick-template-2x\jetbrick-template\src\main\java\jetbrick\template\runtime\writer\JetOutputStreamPrinterEx.java,28
JDK:java.base:N/A:N/A,ClassOrInterfaceType,java.lang.String,String,C:\Users\tyin363\Documents\repos\subchen__jetbrick-template-2x\jetbrick-template\src\main\java\jetbrick\template\parser\AstCodeVisitor.java,240
JDK:java.base:N/A:N/A,MethodCallExpr,java.lang.String,valueOf,C:\Users\tyin363\Documents\repos\subchen__jetbrick-template-2x\jetbrick-template\src\main\java\jetbrick\template\parser\ast\ALU.java,70
JDK:java.base:N/A:N/A,ClassOrInterfaceType,java.lang.Class,Class,C:\Users\tyin363\Documents\repos\subchen__jetbrick-template-2x\jetbrick-template\src\main\java\jetbrick\template\parser\ast\AstInvokeNewArray.java,34
JDK:java.base:N/A:N/A,MethodCallExpr,java.lang.Number,intValue,C:\Users\tyin363\Documents\repos\subchen__jetbrick-template-2x\jetbrick-template\src\main\java\jetbrick\template\parser\ast\ALU.java,337
JDK:java.base:N/A:N/A,MethodCallExpr,java.lang.Class,isArray,C:\Users\tyin363\Documents\repos\subchen__jetbrick-template-2x\jetbrick-template\src\main\java\jetbrick\template\resolver\property\DefaultGetterResolver.java,71
CLIENT:client-code:N/A:N/A,MethodCallExpr,jetbrick.template.parser.ast.AstConstant,getValue,C:\Users\tyin363\Documents\repos\subchen__jetbrick-template-2x\jetbrick-template\src\main\java\jetbrick\template\parser\AstCodeVisitor.java,363
CLIENT:client-code:N/A:N/A,NameExpr,jetbrick.template.JetConfig,autoscanSkiperrors,C:\Users\tyin363\Documents\repos\subchen__jetbrick-template-2x\jetbrick-template\src\main\java\jetbrick\template\JetConfig.java,156
CLIENT:client-code:N/A:N/A,NameExpr,jetbrick.template.parser.ast.ALU,INTEGER,C:\Users\tyin363\Documents\repos\subchen__jetbrick-template-2x\jetbrick-template\src\main\java\jetbrick\template\parser\ast\ALU.java,126
CLIENT:client-code:N/A:N/A,NameExpr,jetbrick.template.JetTemplateImpl,config,C:\Users\tyin363\Documents\repos\subchen__jetbrick-template-2x\jetbrick-template\src\main\java\jetbrick\template\JetTemplateImpl.java,108
JDK:java.base:N/A:N/A,ClassOrInterfaceType,java.lang.Class,Class,C:\Users\tyin363\Documents\repos\subchen__jetbrick-template-2x\jetbrick-template\src\main\java\jetbrick\template\parser\AstCodeVisitor.java,219
CLIENT:client-code:N/A:N/A,FieldAccessExpr,jetbrick.template.resolver.tag.TagInvoker,varArgsClass,C:\Users\tyin363\Documents\repos\subchen__jetbrick-template-2x\jetbrick-template\src\main\java\jetbrick\template\resolver\tag\TagInvoker.java,37
CLIENT:client-code:N/A:N/A,ClassOrInterfaceType,jetbrick.template.runtime.JetWriter,JetWriter,C:\Users\tyin363\Documents\repos\subchen__jetbrick-template-2x\jetbrick-template\src\main\java\jetbrick\template\runtime\InterpretContext.java,58
CLIENT:client-code:N/A:N/A,ClassOrInterfaceType,jetbrick.template.runtime.InterpretException,InterpretException,C:\Users\tyin363\Documents\repos\subchen__jetbrick-template-2x\jetbrick-template\src\main\java\jetbrick\template\parser\ast\AstStatement.java,27
JDK:java.base:N/A:N/A,ClassOrInterfaceType,java.lang.Short,Short,C:\Users\tyin363\Documents\repos\subchen__jetbrick-template-2x\jetbrick-template\src\main\java\jetbrick\template\parser\ast\ALU.java,355
CLIENT:client-code:N/A:N/A,NameExpr,jetbrick.template.runtime.ValueStack,index,C:\Users\tyin363\Documents\repos\subchen__jetbrick-template-2x\jetbrick-template\src\main\java\jetbrick\template\runtime\ValueStack.java,82
JDK:java.base:N/A:N/A,ClassOrInterfaceType,java.util.List,List,C:\Users\tyin363\Documents\repos\subchen__jetbrick-template-2x\jetbrick-template\src\main\java\jetbrick\template\JetConfig.java,64
JDK:java.base:N/A:N/A,MethodCallExpr,java.security.MessageDigest,getInstance,C:\Users\tyin363\Documents\repos\subchen__jetbrick-template-2x\jetbrick-template\src\main\java\jetbrick\template\runtime\buildin\JetMethods.java,224
CLIENT:client-code:N/A:N/A,NameExpr,jetbrick.template.runtime.ValueStack,current,C:\Users\tyin363\Documents\repos\subchen__jetbrick-template-2x\jetbrick-template\src\main\java\jetbrick\template\runtime\ValueStack.java,166
CLIENT:client-code:N/A:N/A,NameExpr,jetbrick.template.parser.ast.ALU,LONG,C:\Users\tyin363\Documents\repos\subchen__jetbrick-template-2x\jetbrick-template\src\main\java\jetbrick\template\parser\ast\ALU.java,151
CLIENT:client-code:N/A:N/A,ClassOrInterfaceType,jetbrick.template.runtime.InterpretException,InterpretException,C:\Users\tyin363\Documents\repos\subchen__jetbrick-template-2x\jetbrick-template\src\main\java\jetbrick\template\parser\ast\AstInvokeIndexGet.java,57
CLIENT:client-code:N/A:N/A,NameExpr,jetbrick.template.parser.ast.AstExpressionList,EMPTY_ARRAY,C:\Users\tyin363\Documents\repos\subchen__jetbrick-template-2x\jetbrick-template\src\main\java\jetbrick\template\parser\ast\AstExpressionList.java,33
com.github.subchen:jetbrick-commons:jar:2.1.9,ClassOrInterfaceType,jetbrick.bean.FieldInfo,FieldInfo,C:\Users\tyin363\Documents\repos\subchen__jetbrick-template-2x\jetbrick-template\src\main\java\jetbrick\template\parser\ast\AstInvokeFieldStatic.java,33
CLIENT:client-code:N/A:N/A,ClassOrInterfaceType,jetbrick.template.parser.ast.Position,Position,C:\Users\tyin363\Documents\repos\subchen__jetbrick-template-2x\jetbrick-template\src\main\java\jetbrick\template\parser\ast\AstOperatorInstanceof.java,29
JDK:java.base:N/A:N/A,MethodCallExpr,java.lang.Class,getComponentType,C:\Users\tyin363\Documents\repos\subchen__jetbrick-template-2x\jetbrick-template\src\main\java\jetbrick\template\resolver\method\ClassBuildinMethodInvoker.java,40
CLIENT:client-code:N/A:N/A,ClassOrInterfaceType,jetbrick.template.parser.ast.AstConstantMapEntry,AstConstantMapEntry,C:\Users\tyin363\Documents\repos\subchen__jetbrick-template-2x\jetbrick-template\src\main\java\jetbrick\template\parser\AstCodeVisitor.java,508
JDK:java.base:N/A:N/A,ObjectCreationExpr,java.lang.IllegalStateException,IllegalStateException,C:\Users\tyin363\Documents\repos\subchen__jetbrick-template-2x\jetbrick-template\src\main\java\jetbrick\template\parser\ast\ALU.java,111
CLIENT:client-code:N/A:N/A,ClassOrInterfaceType,jetbrick.template.parser.ast.Position,Position,C:\Users\tyin363\Documents\repos\subchen__jetbrick-template-2x\jetbrick-template\src\main\java\jetbrick\template\runtime\InterpretException.java,34
CLIENT:client-code:N/A:N/A,MethodCallExpr,jetbrick.template.parser.ast.AstDirectiveMacro,getName,C:\Users\tyin363\Documents\repos\subchen__jetbrick-template-2x\jetbrick-template\src\main\java\jetbrick\template\parser\ParserContext.java,239
CLIENT:client-code:N/A:N/A,MethodCallExpr,jetbrick.template.runtime.InterpretContext,getValueStack,C:\Users\tyin363\Documents\repos\subchen__jetbrick-template-2x\jetbrick-template\src\main\java\jetbrick\template\parser\ast\AstDirectiveSet.java,39
CLIENT:client-code:N/A:N/A,MethodCallExpr,jetbrick.template.parser.ast.AstStatementList.ListIterator,peek,C:\Users\tyin363\Documents\repos\subchen__jetbrick-template-2x\jetbrick-template\src\main\java\jetbrick\template\parser\ast\AstStatementList.java,51
JDK:java.base:N/A:N/A,ClassOrInterfaceType,java.lang.Class,Class,C:\Users\tyin363\Documents\repos\subchen__jetbrick-template-2x\jetbrick-template\src\main\java\jetbrick\template\JetSecurityManager.java,32
CLIENT:client-code:N/A:N/A,NameExpr,jetbrick.template.parser.ast.ALU,LONG,C:\Users\tyin363\Documents\repos\subchen__jetbrick-template-2x\jetbrick-template\src\main\java\jetbrick\template\parser\ast\ALU.java,415
CLIENT:client-code:N/A:N/A,NameExpr,jetbrick.template.parser.ast.ALU,DOUBLE,C:\Users\tyin363\Documents\repos\subchen__jetbrick-template-2x\jetbrick-template\src\main\java\jetbrick\template\parser\ast\ALU.java,448
CLIENT:client-code:N/A:N/A,MethodCallExpr,jetbrick.template.parser.ast.AstExpression,execute,C:\Users\tyin363\Documents\repos\subchen__jetbrick-template-2x\jetbrick-template\src\main\java\jetbrick\template\parser\ast\AstConstantMapEntry.java,37
JDK:java.base:N/A:N/A,ClassOrInterfaceType,java.util.ArrayList,ArrayList,C:\Users\tyin363\Documents\repos\subchen__jetbrick-template-2x\jetbrick-template\src\main\java\jetbrick\template\resolver\macro\MacroResolver.java,37
CLIENT:client-code:N/A:N/A,NameExpr,jetbrick.template.JetTemplateImpl,config,C:\Users\tyin363\Documents\repos\subchen__jetbrick-template-2x\jetbrick-template\src\main\java\jetbrick\template\JetTemplateImpl.java,105
CLIENT:client-code:N/A:N/A,ClassOrInterfaceType,jetbrick.template.parser.ast.AstExpression,AstExpression,C:\Users\tyin363\Documents\repos\subchen__jetbrick-template-2x\jetbrick-template\src\main\java\jetbrick\template\parser\ast\AstValueEscaped.java,31
CLIENT:client-code:N/A:N/A,MethodCallExpr,jetbrick.template.parser.ast.AstDirectiveMacro,getName,C:\Users\tyin363\Documents\repos\subchen__jetbrick-template-2x\jetbrick-template\src\main\java\jetbrick\template\parser\ParserContext.java,238
CLIENT:client-code:N/A:N/A,MethodCallExpr,jetbrick.template.parser.ast.AstExpression,execute,C:\Users\tyin363\Documents\repos\subchen__jetbrick-template-2x\jetbrick-template\src\main\java\jetbrick\template\parser\ast\AstDirectiveSet.java,37
CLIENT:client-code:N/A:N/A,ClassOrInterfaceType,jetbrick.template.parser.ast.AstExpression,AstExpression,C:\Users\tyin363\Documents\repos\subchen__jetbrick-template-2x\jetbrick-template\src\main\java\jetbrick\template\parser\AstCodeVisitor.java,314
CLIENT:client-code:N/A:N/A,ClassOrInterfaceType,jetbrick.template.resolver.function.FunctionInvoker,FunctionInvoker,C:\Users\tyin363\Documents\repos\subchen__jetbrick-template-2x\jetbrick-template\src\main\java\jetbrick\template\resolver\function\FunctionInvokerResolver.java,42
CLIENT:client-code:N/A:N/A,ClassOrInterfaceType,jetbrick.template.runtime.InterpretException,InterpretException,C:\Users\tyin363\Documents\repos\subchen__jetbrick-template-2x\jetbrick-template\src\main\java\jetbrick\template\parser\ast\AstInvokeFieldStatic.java,54
JDK:java.base:N/A:N/A,ClassOrInterfaceType,java.lang.UnsupportedOperationException,UnsupportedOperationException,C:\Users\tyin363\Documents\repos\subchen__jetbrick-template-2x\jetbrick-template\src\main\java\jetbrick\template\parser\ParserContext.java,221
JDK:java.base:N/A:N/A,ClassOrInterfaceType,java.util.List,List,C:\Users\tyin363\Documents\repos\subchen__jetbrick-template-2x\jetbrick-template\src\main\java\jetbrick\template\JetConfig.java,63
CLIENT:client-code:N/A:N/A,NameExpr,jetbrick.template.JetEngineImpl,loaders,C:\Users\tyin363\Documents\repos\subchen__jetbrick-template-2x\jetbrick-template\src\main\java\jetbrick\template\JetEngineImpl.java,129
CLIENT:client-code:N/A:N/A,MethodCallExpr,jetbrick.template.resolver.property.Getter,get,C:\Users\tyin363\Documents\repos\subchen__jetbrick-template-2x\jetbrick-template\src\main\java\jetbrick\template\parser\ast\AstInvokeField.java,88
JDK:java.base:N/A:N/A,ClassOrInterfaceType,java.util.List,List,C:\Users\tyin363\Documents\repos\subchen__jetbrick-template-2x\jetbrick-template\src\main\java\jetbrick\template\JetConfig.java,61
JDK:java.base:N/A:N/A,ClassOrInterfaceType,java.lang.Integer,Integer,C:\Users\tyin363\Documents\repos\subchen__jetbrick-template-2x\jetbrick-template\src\main\java\jetbrick\template\parser\ast\AstText.java,298
CLIENT:client-code:N/A:N/A,NameExpr,jetbrick.template.parser.ast.AstExpression,position,C:\Users\tyin363\Documents\repos\subchen__jetbrick-template-2x\jetbrick-template\src\main\java\jetbrick\template\parser\ast\AstInvokeFunction.java,94
JDK:java.base:N/A:N/A,ClassOrInterfaceType,java.lang.Byte,Byte,C:\Users\tyin363\Documents\repos\subchen__jetbrick-template-2x\jetbrick-template\src\main\java\jetbrick\template\parser\ast\ALU.java,303
CLIENT:client-code:N/A:N/A,NameExpr,jetbrick.template.resolver.clazz.ClassResolver,enableLogger,C:\Users\tyin363\Documents\repos\subchen__jetbrick-template-2x\jetbrick-template\src\main\java\jetbrick\template\resolver\clazz\ClassResolver.java,84
CLIENT:client-code:N/A:N/A,NameExpr,jetbrick.template.JetTemplateImpl,config,C:\Users\tyin363\Documents\repos\subchen__jetbrick-template-2x\jetbrick-template\src\main\java\jetbrick\template\JetTemplateImpl.java,106
CLIENT:client-code:N/A:N/A,NameExpr,jetbrick.template.parser.ast.AstInvokeFunction,last,C:\Users\tyin363\Documents\repos\subchen__jetbrick-template-2x\jetbrick-template\src\main\java\jetbrick\template\parser\ast\AstInvokeFunction.java,54
JDK:java.base:N/A:N/A,ClassOrInterfaceType,java.lang.IllegalStateException,IllegalStateException,C:\Users\tyin363\Documents\repos\subchen__jetbrick-template-2x\jetbrick-template\src\main\java\jetbrick\template\parser\ast\ALU.java,288
CLIENT:client-code:N/A:N/A,NameExpr,jetbrick.template.parser.ast.ALU,INTEGER,C:\Users\tyin363\Documents\repos\subchen__jetbrick-template-2x\jetbrick-template\src\main\java\jetbrick\template\parser\ast\ALU.java,388
CLIENT:client-code:N/A:N/A,MethodCallExpr,jetbrick.template.runtime.buildin.JetMethods,sha1Hex,C:\Users\tyin363\Documents\repos\subchen__jetbrick-template-2x\jetbrick-template\src\main\java\jetbrick\template\runtime\buildin\JetMethods.java,238
JDK:java.base:N/A:N/A,MethodCallExpr,java.lang.Number,floatValue,C:\Users\tyin363\Documents\repos\subchen__jetbrick-template-2x\jetbrick-template\src\main\java\jetbrick\template\parser\ast\ALU.java,131
JDK:java.base:N/A:N/A,ClassOrInterfaceType,java.lang.Class,Class,C:\Users\tyin363\Documents\repos\subchen__jetbrick-template-2x\jetbrick-template\src\main\java\jetbrick\template\parser\ast\AstOperatorInstanceof.java,29
CLIENT:client-code:N/A:N/A,ClassOrInterfaceType,jetbrick.template.runtime.JetWriter,JetWriter,C:\Users\tyin363\Documents\repos\subchen__jetbrick-template-2x\jetbrick-template\src\main\java\jetbrick\template\runtime\InterpretContext.java,60
JDK:java.base:N/A:N/A,ClassOrInterfaceType,java.io.OutputStream,OutputStream,C:\Users\tyin363\Documents\repos\subchen__jetbrick-template-2x\jetbrick-template\src\main\java\jetbrick\template\runtime\writer\JetOutputStreamPrinterEx.java,31
JDK:java.base:N/A:N/A,ClassOrInterfaceType,java.util.List,List,C:\Users\tyin363\Documents\repos\subchen__jetbrick-template-2x\jetbrick-template\src\main\java\jetbrick\template\JetConfig.java,62
CLIENT:client-code:N/A:N/A,NameExpr,jetbrick.template.JetConfig,outputEncoding,C:\Users\tyin363\Documents\repos\subchen__jetbrick-template-2x\jetbrick-template\src\main\java\jetbrick\template\JetConfig.java,116
CLIENT:client-code:N/A:N/A,ClassOrInterfaceType,jetbrick.template.runtime.InterpretException,InterpretException,C:\Users\tyin363\Documents\repos\subchen__jetbrick-template-2x\jetbrick-template\src\main\java\jetbrick\template\parser\ast\AstInvokeIndexGet.java,55
org.antlr:antlr4-runtime:jar:4.10.1,MethodCallExpr,org.antlr.v4.runtime.Token,getLine,C:\Users\tyin363\Documents\repos\subchen__jetbrick-template-2x\jetbrick-template\src\main\java\jetbrick\template\parser\AstCodeVisitor.java,906
CLIENT:client-code:N/A:N/A,ClassOrInterfaceType,jetbrick.template.parser.ast.AstDirective,AstDirective,C:\Users\tyin363\Documents\repos\subchen__jetbrick-template-2x\jetbrick-template\src\main\java\jetbrick\template\parser\ast\AstStatementList.java,199
CLIENT:client-code:N/A:N/A,ObjectCreationExpr,jetbrick.template.resolver.function.FunctionInvokerResolver,FunctionInvokerResolver,C:\Users\tyin363\Documents\repos\subchen__jetbrick-template-2x\jetbrick-template\src\main\java\jetbrick\template\resolver\GlobalResolver.java,56
CLIENT:client-code:N/A:N/A,NameExpr,jetbrick.template.runtime.writer.JetWriterPrinter,error,C:\Users\tyin363\Documents\repos\subchen__jetbrick-template-2x\jetbrick-template\src\main\java\jetbrick\template\runtime\writer\JetWriterPrinter.java,115
JDK:java.base:N/A:N/A,MethodCallExpr,java.util.Map,get,C:\Users\tyin363\Documents\repos\subchen__jetbrick-template-2x\jetbrick-template\src\main\java\jetbrick\template\JetGlobalContext.java,60
CLIENT:client-code:N/A:N/A,ObjectCreationExpr,jetbrick.template.parser.SyntaxException,SyntaxException,C:\Users\tyin363\Documents\repos\subchen__jetbrick-template-2x\jetbrick-template\src\main\java\jetbrick\template\parser\AstCodeVisitor.java,201
CLIENT:client-code:N/A:N/A,ClassOrInterfaceType,jetbrick.template.parser.ast.AstExpression,AstExpression,C:\Users\tyin363\Documents\repos\subchen__jetbrick-template-2x\jetbrick-template\src\main\java\jetbrick\template\parser\ast\AstValueEscaped.java,29
CLIENT:client-code:N/A:N/A,ClassOrInterfaceType,jetbrick.template.parser.ast.AstExpressionList,AstExpressionList,C:\Users\tyin363\Documents\repos\subchen__jetbrick-template-2x\jetbrick-template\src\main\java\jetbrick\template\parser\ast\AstInvokeNewObject.java,36
CLIENT:client-code:N/A:N/A,NameExpr,jetbrick.template.parser.ast.ALU,SHORT,C:\Users\tyin363\Documents\repos\subchen__jetbrick-template-2x\jetbrick-template\src\main\java\jetbrick\template\parser\ast\ALU.java,125
CLIENT:client-code:N/A:N/A,NameExpr,jetbrick.template.parser.ast.AstDirective,position,C:\Users\tyin363\Documents\repos\subchen__jetbrick-template-2x\jetbrick-template\src\main\java\jetbrick\template\parser\ast\AstDirectiveMacro.java,63
CLIENT:client-code:N/A:N/A,FieldAccessExpr,jetbrick.template.parser.ast.AstOperatorBinary,operator,C:\Users\tyin363\Documents\repos\subchen__jetbrick-template-2x\jetbrick-template\src\main\java\jetbrick\template\parser\ast\AstOperatorBinary.java,50
JDK:java.base:N/A:N/A,ClassOrInterfaceType,java.lang.Integer,Integer,C:\Users\tyin363\Documents\repos\subchen__jetbrick-template-2x\jetbrick-template\src\main\java\jetbrick\template\parser\ast\AstInvokeIndexGet.java,64
JDK:java.base:N/A:N/A,MethodCallExpr,java.util.List,get,C:\Users\tyin363\Documents\repos\subchen__jetbrick-template-2x\jetbrick-template\src\main\java\jetbrick\template\parser\AstCodeVisitor.java,359
CLIENT:client-code:N/A:N/A,MethodCallExpr,jetbrick.template.runtime.InterpretException,set,C:\Users\tyin363\Documents\repos\subchen__jetbrick-template-2x\jetbrick-template\src\main\java\jetbrick\template\parser\ast\AstInvokeIndexGet.java,55
CLIENT:client-code:N/A:N/A,MethodCallExpr,jetbrick.template.runtime.InterpretContext,getTemplate,C:\Users\tyin363\Documents\repos\subchen__jetbrick-template-2x\jetbrick-template\src\main\java\jetbrick\template\runtime\buildin\JetFunctions.java,111
CLIENT:client-code:N/A:N/A,MethodCallExpr,jetbrick.template.parser.ast.AstExpression,getPosition,C:\Users\tyin363\Documents\repos\subchen__jetbrick-template-2x\jetbrick-template\src\main\java\jetbrick\template\parser\ast\AstDirectiveInclude.java,61
JDK:java.base:N/A:N/A,ClassOrInterfaceType,java.lang.Class,Class,C:\Users\tyin363\Documents\repos\subchen__jetbrick-template-2x\jetbrick-template\src\main\java\jetbrick\template\parser\ast\AstInvokeNewArray.java,30
com.github.subchen:jetbrick-commons:jar:2.1.9,ClassOrInterfaceType,jetbrick.bean.MethodInfo,MethodInfo,C:\Users\tyin363\Documents\repos\subchen__jetbrick-template-2x\jetbrick-template\src\main\java\jetbrick\template\resolver\method\MethodInvokerResolver.java,63
CLIENT:client-code:N/A:N/A,NameExpr,jetbrick.template.parser.ast.AstStatementList.ListIterator,size,C:\Users\tyin363\Documents\repos\subchen__jetbrick-template-2x\jetbrick-template\src\main\java\jetbrick\template\parser\ast\AstStatementList.java,291
CLIENT:client-code:N/A:N/A,ClassOrInterfaceType,jetbrick.template.parser.ast.Position,Position,C:\Users\tyin363\Documents\repos\subchen__jetbrick-template-2x\jetbrick-template\src\main\java\jetbrick\template\parser\AstBuilder.java,93
JDK:java.base:N/A:N/A,MethodCallExpr,java.lang.Object,toString,C:\Users\tyin363\Documents\repos\subchen__jetbrick-template-2x\jetbrick-template\src\main\java\jetbrick\template\runtime\buildin\JetMethods.java,96
CLIENT:client-code:N/A:N/A,MethodCallExpr,jetbrick.template.parser.ast.AstExpression,execute,C:\Users\tyin363\Documents\repos\subchen__jetbrick-template-2x\jetbrick-template\src\main\java\jetbrick\template\parser\ast\AstDirectiveInclude.java,45
JDK:java.base:N/A:N/A,ClassOrInterfaceType,java.lang.Class,Class,C:\Users\tyin363\Documents\repos\subchen__jetbrick-template-2x\jetbrick-template\src\main\java\jetbrick\template\JetTemplate.java,40
JDK:java.base:N/A:N/A,MethodCallExpr,java.lang.Long,valueOf,C:\Users\tyin363\Documents\repos\subchen__jetbrick-template-2x\jetbrick-template\src\main\java\jetbrick\template\parser\ast\ALU.java,248
CLIENT:client-code:N/A:N/A,NameExpr,jetbrick.template.parser.ast.AstInvokeMethod,unsafe,C:\Users\tyin363\Documents\repos\subchen__jetbrick-template-2x\jetbrick-template\src\main\java\jetbrick\template\parser\ast\AstInvokeMethod.java,87
JDK:java.base:N/A:N/A,ClassOrInterfaceType,java.lang.Class,Class,C:\Users\tyin363\Documents\repos\subchen__jetbrick-template-2x\jetbrick-template\src\main\java\jetbrick\template\parser\ParserContext.java,182
CLIENT:client-code:N/A:N/A,ClassOrInterfaceType,jetbrick.template.runtime.JetWriter,JetWriter,C:\Users\tyin363\Documents\repos\subchen__jetbrick-template-2x\jetbrick-template\src\main\java\jetbrick\template\runtime\buildin\JetFunctions.java,78
CLIENT:client-code:N/A:N/A,ClassOrInterfaceType,jetbrick.template.parser.ast.AstNode,AstNode,C:\Users\tyin363\Documents\repos\subchen__jetbrick-template-2x\jetbrick-template\src\main\java\jetbrick\template\parser\AstCodeVisitor.java,631
JDK:java.base:N/A:N/A,MethodCallExpr,java.lang.reflect.Array,newInstance,C:\Users\tyin363\Documents\repos\subchen__jetbrick-template-2x\jetbrick-template\src\main\java\jetbrick\template\parser\ast\AstInvokeNewArray.java,67
CLIENT:client-code:N/A:N/A,MethodCallExpr,jetbrick.template.parser.ast.AstExpression,getPosition,C:\Users\tyin363\Documents\repos\subchen__jetbrick-template-2x\jetbrick-template\src\main\java\jetbrick\template\parser\ast\AstInvokeNewArray.java,80
JDK:java.base:N/A:N/A,MethodCallExpr,java.lang.Float,valueOf,C:\Users\tyin363\Documents\repos\subchen__jetbrick-template-2x\jetbrick-template\src\main\java\jetbrick\template\parser\ast\ALU.java,177
JDK:java.base:N/A:N/A,MethodCallExpr,java.lang.Number,floatValue,C:\Users\tyin363\Documents\repos\subchen__jetbrick-template-2x\jetbrick-template\src\main\java\jetbrick\template\parser\ast\ALU.java,393
org.antlr:antlr4-runtime:jar:4.10.1,MethodCallExpr,org.antlr.v4.runtime.tree.TerminalNode,getSymbol,C:\Users\tyin363\Documents\repos\subchen__jetbrick-template-2x\jetbrick-template\src\main\java\jetbrick\template\parser\AstCodeVisitor.java,553
JDK:java.base:N/A:N/A,ClassOrInterfaceType,java.io.IOException,IOException,C:\Users\tyin363\Documents\repos\subchen__jetbrick-template-2x\jetbrick-template\src\main\java\jetbrick\template\runtime\writer\TrimLeadingWhitespacesWriter.java,52
JDK:java.base:N/A:N/A,ClassOrInterfaceType,java.io.Writer,Writer,C:\Users\tyin363\Documents\repos\subchen__jetbrick-template-2x\jetbrick-template\src\main\java\jetbrick\template\runtime\writer\JetWriterPrinterEx.java,31
CLIENT:client-code:N/A:N/A,NameExpr,jetbrick.template.parser.ast.ALU,BYTE,C:\Users\tyin363\Documents\repos\subchen__jetbrick-template-2x\jetbrick-template\src\main\java\jetbrick\template\parser\ast\ALU.java,76
JDK:java.base:N/A:N/A,ClassOrInterfaceType,java.lang.String,String,C:\Users\tyin363\Documents\repos\subchen__jetbrick-template-2x\jetbrick-template\src\main\java\jetbrick\template\parser\ast\AstDirectiveInclude.java,33
CLIENT:client-code:N/A:N/A,NameExpr,jetbrick.template.JetConfig,TEMPLATE_SUFFIX,C:\Users\tyin363\Documents\repos\subchen__jetbrick-template-2x\jetbrick-template\src\main\java\jetbrick\template\JetConfig.java,113
CLIENT:client-code:N/A:N/A,MethodCallExpr,jetbrick.template.parser.ParserContext,isTrimDirectiveComments,C:\Users\tyin363\Documents\repos\subchen__jetbrick-template-2x\jetbrick-template\src\main\java\jetbrick\template\parser\ast\AstStatementList.java,122
com.github.subchen:jetbrick-commons:jar:2.1.9,MethodCallExpr,jetbrick.bean.MethodInfo,isVarArgs,C:\Users\tyin363\Documents\repos\subchen__jetbrick-template-2x\jetbrick-template\src\main\java\jetbrick\template\resolver\method\ClassBuildinMethodInvoker.java,38
JDK:java.base:N/A:N/A,MethodCallExpr,java.lang.Class,isAssignableFrom,C:\Users\tyin363\Documents\repos\subchen__jetbrick-template-2x\jetbrick-template\src\main\java\jetbrick\template\parser\ast\ALU.java,407
CLIENT:client-code:N/A:N/A,MethodCallExpr,jetbrick.template.parser.ast.AstExpression,execute,C:\Users\tyin363\Documents\repos\subchen__jetbrick-template-2x\jetbrick-template\src\main\java\jetbrick\template\parser\ast\AstDirectiveContinue.java,35
CLIENT:client-code:N/A:N/A,NameExpr,jetbrick.template.parser.ast.AstInvokeFieldStatic,name,C:\Users\tyin363\Documents\repos\subchen__jetbrick-template-2x\jetbrick-template\src\main\java\jetbrick\template\parser\ast\AstInvokeFieldStatic.java,73
com.github.subchen:jetbrick-commons:jar:2.1.9,MethodCallExpr,jetbrick.bean.MethodInfo,getName,C:\Users\tyin363\Documents\repos\subchen__jetbrick-template-2x\jetbrick-template\src\main\java\jetbrick\template\resolver\method\MethodInvokerResolver.java,64
CLIENT:client-code:N/A:N/A,NameExpr,jetbrick.template.JetGlobalContext,context,C:\Users\tyin363\Documents\repos\subchen__jetbrick-template-2x\jetbrick-template\src\main\java\jetbrick\template\JetGlobalContext.java,56
JDK:java.base:N/A:N/A,ClassOrInterfaceType,java.lang.Object,Object,C:\Users\tyin363\Documents\repos\subchen__jetbrick-template-2x\jetbrick-template\src\main\java\jetbrick\template\parser\ast\AstOperatorBinary.java,73
JDK:java.base:N/A:N/A,ClassOrInterfaceType,java.util.List,List,C:\Users\tyin363\Documents\repos\subchen__jetbrick-template-2x\jetbrick-template\src\main\java\jetbrick\template\parser\ast\AstDirectiveMacro.java,49
CLIENT:client-code:N/A:N/A,NameExpr,jetbrick.template.parser.ast.AstInvokeMethodStatic,last,C:\Users\tyin363\Documents\repos\subchen__jetbrick-template-2x\jetbrick-template\src\main\java\jetbrick\template\parser\ast\AstInvokeMethodStatic.java,56
CLIENT:client-code:N/A:N/A,NameExpr,jetbrick.template.resolver.function.FunctionInvokerResolver,log,C:\Users\tyin363\Documents\repos\subchen__jetbrick-template-2x\jetbrick-template\src\main\java\jetbrick\template\resolver\function\FunctionInvokerResolver.java,81
JDK:java.base:N/A:N/A,MethodCallExpr,java.lang.Class,isAssignableFrom,C:\Users\tyin363\Documents\repos\subchen__jetbrick-template-2x\jetbrick-template\src\main\java\jetbrick\template\parser\ast\ALU.java,143
CLIENT:client-code:N/A:N/A,NameExpr,jetbrick.template.parser.ast.ALU,SHORT,C:\Users\tyin363\Documents\repos\subchen__jetbrick-template-2x\jetbrick-template\src\main\java\jetbrick\template\parser\ast\ALU.java,387
CLIENT:client-code:N/A:N/A,FieldAccessExpr,jetbrick.template.parser.ast.AstInvokeMethodStatic,cls,C:\Users\tyin363\Documents\repos\subchen__jetbrick-template-2x\jetbrick-template\src\main\java\jetbrick\template\parser\ast\AstInvokeMethodStatic.java,40
CLIENT:client-code:N/A:N/A,ClassOrInterfaceType,jetbrick.template.JetTemplate,JetTemplate,C:\Users\tyin363\Documents\repos\subchen__jetbrick-template-2x\jetbrick-template\src\main\java\jetbrick\template\parser\ast\AstDirectiveCall.java,51
CLIENT:client-code:N/A:N/A,ObjectCreationExpr,jetbrick.template.parser.SyntaxException,SyntaxException,C:\Users\tyin363\Documents\repos\subchen__jetbrick-template-2x\jetbrick-template\src\main\java\jetbrick\template\parser\AstCodeVisitor.java,199
JDK:java.base:N/A:N/A,ClassOrInterfaceType,java.lang.Number,Number,C:\Users\tyin363\Documents\repos\subchen__jetbrick-template-2x\jetbrick-template\src\main\java\jetbrick\template\parser\ast\ALU.java,322
CLIENT:client-code:N/A:N/A,NameExpr,jetbrick.template.runtime.ValueStack,index,C:\Users\tyin363\Documents\repos\subchen__jetbrick-template-2x\jetbrick-template\src\main\java\jetbrick\template\runtime\ValueStack.java,75
CLIENT:client-code:N/A:N/A,NameExpr,jetbrick.template.JetTemplateImpl,config,C:\Users\tyin363\Documents\repos\subchen__jetbrick-template-2x\jetbrick-template\src\main\java\jetbrick\template\JetTemplateImpl.java,109
JDK:java.base:N/A:N/A,MethodCallExpr,java.lang.StringBuilder,toString,C:\Users\tyin363\Documents\repos\subchen__jetbrick-template-2x\jetbrick-template\src\main\java\jetbrick\template\parser\ast\AstStatementList.java,112
CLIENT:client-code:N/A:N/A,ClassOrInterfaceType,jetbrick.template.parser.ast.Position,Position,C:\Users\tyin363\Documents\repos\subchen__jetbrick-template-2x\jetbrick-template\src\main\java\jetbrick\template\parser\AstCodeVisitor.java,409
org.antlr:antlr4-runtime:jar:4.10.1,MethodCallExpr,org.antlr.v4.runtime.ParserRuleContext,getParent,C:\Users\tyin363\Documents\repos\subchen__jetbrick-template-2x\jetbrick-template\src\main\java\jetbrick\template\parser\AstCodeVisitor.java,854
CLIENT:client-code:N/A:N/A,FieldAccessExpr,jetbrick.template.parser.ast.Position,column,C:\Users\tyin363\Documents\repos\subchen__jetbrick-template-2x\jetbrick-template\src\main\java\jetbrick\template\parser\ast\Position.java,31
JDK:java.base:N/A:N/A,ObjectCreationExpr,java.lang.AssertionError,AssertionError,C:\Users\tyin363\Documents\repos\subchen__jetbrick-template-2x\jetbrick-template\src\main\java\jetbrick\template\runtime\buildin\JetMethods.java,250
CLIENT:client-code:N/A:N/A,MethodCallExpr,jetbrick.template.parser.ParserContext,loadMacroFile,C:\Users\tyin363\Documents\repos\subchen__jetbrick-template-2x\jetbrick-template\src\main\java\jetbrick\template\parser\AstCodeVisitor.java,176
CLIENT:client-code:N/A:N/A,ClassOrInterfaceType,jetbrick.template.parser.SyntaxException,SyntaxException,C:\Users\tyin363\Documents\repos\subchen__jetbrick-template-2x\jetbrick-template\src\main\java\jetbrick\template\parser\AstCodeVisitor.java,382
CLIENT:client-code:N/A:N/A,MethodCallExpr,jetbrick.template.runtime.InterpretException,set,C:\Users\tyin363\Documents\repos\subchen__jetbrick-template-2x\jetbrick-template\src\main\java\jetbrick\template\parser\ast\AstInvokeIndexGet.java,57
JDK:java.base:N/A:N/A,MethodCallExpr,java.util.Map,get,C:\Users\tyin363\Documents\repos\subchen__jetbrick-template-2x\jetbrick-template\src\main\java\jetbrick\template\resolver\function\FunctionInvokerResolver.java,97
CLIENT:client-code:N/A:N/A,MethodCallExpr,jetbrick.template.parser.ast.AstStatementList,combinedContinuousTexts,C:\Users\tyin363\Documents\repos\subchen__jetbrick-template-2x\jetbrick-template\src\main\java\jetbrick\template\parser\ast\AstStatementList.java,38
JDK:java.base:N/A:N/A,MethodCallExpr,java.lang.Number,longValue,C:\Users\tyin363\Documents\repos\subchen__jetbrick-template-2x\jetbrick-template\src\main\java\jetbrick\template\runtime\buildin\JetMethods.java,74
CLIENT:client-code:N/A:N/A,NameExpr,jetbrick.template.runtime.writer.JetWriterPrinter,charset,C:\Users\tyin363\Documents\repos\subchen__jetbrick-template-2x\jetbrick-template\src\main\java\jetbrick\template\runtime\writer\JetWriterPrinter.java,77
JDK:java.base:N/A:N/A,ClassOrInterfaceType,java.lang.Object,Object,C:\Users\tyin363\Documents\repos\subchen__jetbrick-template-2x\jetbrick-template\src\main\java\jetbrick\template\parser\ast\AstInvokeMethod.java,71
JDK:java.base:N/A:N/A,ObjectCreationExpr,java.util.ArrayList,ArrayList,C:\Users\tyin363\Documents\repos\subchen__jetbrick-template-2x\jetbrick-template\src\main\java\jetbrick\template\resolver\clazz\ClassResolver.java,45
JDK:java.base:N/A:N/A,MethodCallExpr,java.lang.String,replace,C:\Users\tyin363\Documents\repos\subchen__jetbrick-template-2x\jetbrick-template\src\main\java\jetbrick\template\Errors.java,185
CLIENT:client-code:N/A:N/A,MethodCallExpr,jetbrick.template.JetTemplateMacro,getArgumentNames,C:\Users\tyin363\Documents\repos\subchen__jetbrick-template-2x\jetbrick-template\src\main\java\jetbrick\template\runtime\InterpretContextImpl.java,145
CLIENT:client-code:N/A:N/A,MethodCallExpr,jetbrick.template.JetTemplateOption,isSafecall,C:\Users\tyin363\Documents\repos\subchen__jetbrick-template-2x\jetbrick-template\src\main\java\jetbrick\template\parser\ast\AstInvokeMethod.java,53
JDK:java.base:N/A:N/A,ObjectCreationExpr,java.lang.StringBuilder,StringBuilder,C:\Users\tyin363\Documents\repos\subchen__jetbrick-template-2x\jetbrick-template\src\main\java\jetbrick\template\Errors.java,143
CLIENT:client-code:N/A:N/A,FieldAccessExpr,jetbrick.template.resolver.tag.TagInvoker,varArgsClass,C:\Users\tyin363\Documents\repos\subchen__jetbrick-template-2x\jetbrick-template\src\main\java\jetbrick\template\resolver\tag\TagInvoker.java,39
JDK:java.base:N/A:N/A,ClassOrInterfaceType,java.lang.String,String,C:\Users\tyin363\Documents\repos\subchen__jetbrick-template-2x\jetbrick-template\src\main\java\jetbrick\template\runtime\writer\JetOutputStreamPrinterEx.java,90
CLIENT:client-code:N/A:N/A,NameExpr,jetbrick.template.JetTemplateImpl,lastModified,C:\Users\tyin363\Documents\repos\subchen__jetbrick-template-2x\jetbrick-template\src\main\java\jetbrick\template\JetTemplateImpl.java,69
CLIENT:client-code:N/A:N/A,ClassOrInterfaceType,jetbrick.template.runtime.InterpretException,InterpretException,C:\Users\tyin363\Documents\repos\subchen__jetbrick-template-2x\jetbrick-template\src\main\java\jetbrick\template\parser\ast\AstInvokeNewArray.java,42
CLIENT:client-code:N/A:N/A,NameExpr,jetbrick.template.JetTemplateImpl,config,C:\Users\tyin363\Documents\repos\subchen__jetbrick-template-2x\jetbrick-template\src\main\java\jetbrick\template\JetTemplateImpl.java,110
CLIENT:client-code:N/A:N/A,MethodCallExpr,jetbrick.template.JetTemplate,getSecurityManager,C:\Users\tyin363\Documents\repos\subchen__jetbrick-template-2x\jetbrick-template\src\main\java\jetbrick\template\runtime\InterpretContextImpl.java,138
JDK:java.base:N/A:N/A,MethodCallExpr,java.lang.StringBuilder,append,C:\Users\tyin363\Documents\repos\subchen__jetbrick-template-2x\jetbrick-template\src\main\java\jetbrick\template\resolver\SignatureUtils.java,51
JDK:java.base:N/A:N/A,ClassOrInterfaceType,java.security.NoSuchAlgorithmException,NoSuchAlgorithmException,C:\Users\tyin363\Documents\repos\subchen__jetbrick-template-2x\jetbrick-template\src\main\java\jetbrick\template\runtime\buildin\JetMethods.java,230
JDK:java.base:N/A:N/A,MethodCallExpr,java.lang.Number,intValue,C:\Users\tyin363\Documents\repos\subchen__jetbrick-template-2x\jetbrick-template\src\main\java\jetbrick\template\parser\ast\ALU.java,79
JDK:java.base:N/A:N/A,MethodCallExpr,java.util.Map,entrySet,C:\Users\tyin363\Documents\repos\subchen__jetbrick-template-2x\jetbrick-template\src\main\java\jetbrick\template\runtime\JetForIterator.java,58
JDK:java.base:N/A:N/A,ClassOrInterfaceType,java.lang.String,String,C:\Users\tyin363\Documents\repos\subchen__jetbrick-template-2x\jetbrick-template\src\main\java\jetbrick\template\parser\ast\AstDirectiveInclude.java,35
JDK:java.base:N/A:N/A,ClassOrInterfaceType,java.util.List,List,C:\Users\tyin363\Documents\repos\subchen__jetbrick-template-2x\jetbrick-template\src\main\java\jetbrick\template\JetConfig.java,66
JDK:java.base:N/A:N/A,ObjectCreationExpr,java.lang.StringBuilder,StringBuilder,C:\Users\tyin363\Documents\repos\subchen__jetbrick-template-2x\jetbrick-template\src\main\java\jetbrick\template\resolver\SignatureUtils.java,50
JDK:java.base:N/A:N/A,ClassOrInterfaceType,java.lang.Character,Character,C:\Users\tyin363\Documents\repos\subchen__jetbrick-template-2x\jetbrick-template\src\main\java\jetbrick\template\parser\ast\ALU.java,529
CLIENT:client-code:N/A:N/A,FieldAccessExpr,jetbrick.template.parser.ast.AstInvokeMethodStatic,argumentList,C:\Users\tyin363\Documents\repos\subchen__jetbrick-template-2x\jetbrick-template\src\main\java\jetbrick\template\parser\ast\AstInvokeMethodStatic.java,42
CLIENT:client-code:N/A:N/A,ClassOrInterfaceType,jetbrick.template.parser.ast.AstType,AstType,C:\Users\tyin363\Documents\repos\subchen__jetbrick-template-2x\jetbrick-template\src\main\java\jetbrick\template\parser\AstCodeVisitor.java,641
JDK:java.base:N/A:N/A,ClassOrInterfaceType,java.lang.String,String,C:\Users\tyin363\Documents\repos\subchen__jetbrick-template-2x\jetbrick-template\src\main\java\jetbrick\template\resolver\method\MethodInvokerResolver.java,119
CLIENT:client-code:N/A:N/A,ClassOrInterfaceType,jetbrick.template.parser.ast.Position,Position,C:\Users\tyin363\Documents\repos\subchen__jetbrick-template-2x\jetbrick-template\src\main\java\jetbrick\template\parser\ast\AstInvokeMethodStatic.java,38
CLIENT:client-code:N/A:N/A,NameExpr,jetbrick.template.runtime.JetForIterator,iterator,C:\Users\tyin363\Documents\repos\subchen__jetbrick-template-2x\jetbrick-template\src\main\java\jetbrick\template\runtime\JetForIterator.java,121
CLIENT:client-code:N/A:N/A,MethodCallExpr,jetbrick.template.resolver.method.MethodInvoker,getSignature,C:\Users\tyin363\Documents\repos\subchen__jetbrick-template-2x\jetbrick-template\src\main\java\jetbrick\template\parser\ast\AstInvokeMethod.java,114
CLIENT:client-code:N/A:N/A,FieldAccessExpr,jetbrick.template.parser.ast.Tokens,BIT_SHL,C:\Users\tyin363\Documents\repos\subchen__jetbrick-template-2x\jetbrick-template\src\main\java\jetbrick\template\parser\AstCodeVisitor.java,569
JDK:java.base:N/A:N/A,ClassOrInterfaceType,java.lang.Integer,Integer,C:\Users\tyin363\Documents\repos\subchen__jetbrick-template-2x\jetbrick-template\src\main\java\jetbrick\template\parser\ast\ALU.java,198
com.github.subchen:jetbrick-commons:jar:2.1.9,MethodCallExpr,jetbrick.bean.KlassInfo,getDeclaredField,C:\Users\tyin363\Documents\repos\subchen__jetbrick-template-2x\jetbrick-template\src\main\java\jetbrick\template\parser\ast\AstText.java,261
com.github.subchen:jetbrick-commons:jar:2.1.9,MethodCallExpr,jetbrick.config.ConfigLoader,asConfig,C:\Users\tyin363\Documents\repos\subchen__jetbrick-template-2x\jetbrick-template\src\main\java\jetbrick\template\JetConfig.java,100
CLIENT:client-code:N/A:N/A,MethodCallExpr,jetbrick.template.runtime.InterpretException,set,C:\Users\tyin363\Documents\repos\subchen__jetbrick-template-2x\jetbrick-template\src\main\java\jetbrick\template\parser\ast\AstInvokeIndexGet.java,50
CLIENT:client-code:N/A:N/A,ObjectCreationExpr,jetbrick.template.parser.AstBuilder.AstErrorListener,AstErrorListener,C:\Users\tyin363\Documents\repos\subchen__jetbrick-template-2x\jetbrick-template\src\main\java\jetbrick\template\parser\AstBuilder.java,57
CLIENT:client-code:N/A:N/A,MethodCallExpr,jetbrick.template.parser.ast.AstExpression,getPosition,C:\Users\tyin363\Documents\repos\subchen__jetbrick-template-2x\jetbrick-template\src\main\java\jetbrick\template\parser\ast\AstDirectiveInclude.java,47
CLIENT:client-code:N/A:N/A,FieldAccessExpr,jetbrick.template.parser.ast.AstDirectiveInclude,parametersExpression,C:\Users\tyin363\Documents\repos\subchen__jetbrick-template-2x\jetbrick-template\src\main\java\jetbrick\template\parser\ast\AstDirectiveInclude.java,38
CLIENT:client-code:N/A:N/A,FieldAccessExpr,jetbrick.template.Errors,OPERATION_BINARY_UNDEFINED,C:\Users\tyin363\Documents\repos\subchen__jetbrick-template-2x\jetbrick-template\src\main\java\jetbrick\template\parser\ast\ALU.java,88
JDK:java.base:N/A:N/A,ClassOrInterfaceType,java.lang.String,String,C:\Users\tyin363\Documents\repos\subchen__jetbrick-template-2x\jetbrick-template\src\main\java\jetbrick\template\resolver\GlobalResolver.java,202
JDK:java.base:N/A:N/A,ObjectCreationExpr,java.security.AccessControlException,AccessControlException,C:\Users\tyin363\Documents\repos\subchen__jetbrick-template-2x\jetbrick-template\src\main\java\jetbrick\template\JetSecurityManagerImpl.java,139
CLIENT:client-code:N/A:N/A,ClassOrInterfaceType,jetbrick.template.parser.ast.AstExpression,AstExpression,C:\Users\tyin363\Documents\repos\subchen__jetbrick-template-2x\jetbrick-template\src\main\java\jetbrick\template\parser\ast\AstOperatorNullAsDefault.java,28
CLIENT:client-code:N/A:N/A,NameExpr,jetbrick.template.runtime.writer.JetWriterPrinter,charset,C:\Users\tyin363\Documents\repos\subchen__jetbrick-template-2x\jetbrick-template\src\main\java\jetbrick\template\runtime\writer\JetWriterPrinter.java,91
CLIENT:client-code:N/A:N/A,MethodCallExpr,jetbrick.template.JetGlobalContext,getValue,C:\Users\tyin363\Documents\repos\subchen__jetbrick-template-2x\jetbrick-template\src\main\java\jetbrick\template\runtime\ValueStack.java,110
CLIENT:client-code:N/A:N/A,ClassOrInterfaceType,jetbrick.template.parser.Source,Source,C:\Users\tyin363\Documents\repos\subchen__jetbrick-template-2x\jetbrick-template\src\main\java\jetbrick\template\runtime\InterpretContextImpl.java,90
JDK:java.base:N/A:N/A,ClassOrInterfaceType,java.lang.Short,Short,C:\Users\tyin363\Documents\repos\subchen__jetbrick-template-2x\jetbrick-template\src\main\java\jetbrick\template\parser\ast\ALU.java,362
CLIENT:client-code:N/A:N/A,NameExpr,jetbrick.template.parser.Source,lines,C:\Users\tyin363\Documents\repos\subchen__jetbrick-template-2x\jetbrick-template\src\main\java\jetbrick\template\parser\Source.java,53
JDK:java.base:N/A:N/A,ClassOrInterfaceType,java.io.OutputStream,OutputStream,C:\Users\tyin363\Documents\repos\subchen__jetbrick-template-2x\jetbrick-template\src\main\java\jetbrick\template\JetTemplateImpl.java,145
CLIENT:client-code:N/A:N/A,MethodCallExpr,jetbrick.template.runtime.InterpretContext,getTemplate,C:\Users\tyin363\Documents\repos\subchen__jetbrick-template-2x\jetbrick-template\src\main\java\jetbrick\template\runtime\buildin\JetFunctions.java,98
CLIENT:client-code:N/A:N/A,ClassOrInterfaceType,jetbrick.template.runtime.InterpretException,InterpretException,C:\Users\tyin363\Documents\repos\subchen__jetbrick-template-2x\jetbrick-template\src\main\java\jetbrick\template\parser\ast\AstDirectiveInclude.java,69
JDK:java.base:N/A:N/A,FieldAccessExpr,java.lang.Boolean,TRUE,C:\Users\tyin363\Documents\repos\subchen__jetbrick-template-2x\jetbrick-template\src\main\java\jetbrick\template\parser\ast\ALU.java,425
CLIENT:client-code:N/A:N/A,ClassOrInterfaceType,jetbrick.template.JetTemplate,JetTemplate,C:\Users\tyin363\Documents\repos\subchen__jetbrick-template-2x\jetbrick-template\src\main\java\jetbrick\template\JetTemplateMacro.java,32
com.github.subchen:jetbrick-commons:jar:2.1.9,FieldAccessExpr,jetbrick.util.ArrayUtils,EMPTY_OBJECT_ARRAY,C:\Users\tyin363\Documents\repos\subchen__jetbrick-template-2x\jetbrick-template\src\main\java\jetbrick\template\parser\ast\AstInvokeFunction.java,49
JDK:java.base:N/A:N/A,ClassOrInterfaceType,java.util.Map,Map,C:\Users\tyin363\Documents\repos\subchen__jetbrick-template-2x\jetbrick-template\src\main\java\jetbrick\template\resolver\clazz\ClassResolver.java,37
JDK:java.base:N/A:N/A,MethodCallExpr,java.util.List,add,C:\Users\tyin363\Documents\repos\subchen__jetbrick-template-2x\jetbrick-template\src\main\java\jetbrick\template\resolver\method\MethodInvokerResolver.java,91
JDK:java.base:N/A:N/A,ClassOrInterfaceType,java.lang.Object,Object,C:\Users\tyin363\Documents\repos\subchen__jetbrick-template-2x\jetbrick-template\src\main\java\jetbrick\template\runtime\ValueStack.java,81
CLIENT:client-code:N/A:N/A,MethodCallExpr,jetbrick.template.resolver.tag.TagInvokerResolver,resolve,C:\Users\tyin363\Documents\repos\subchen__jetbrick-template-2x\jetbrick-template\src\main\java\jetbrick\template\resolver\GlobalResolver.java,217
JDK:java.base:N/A:N/A,ClassOrInterfaceType,java.lang.Class,Class,C:\Users\tyin363\Documents\repos\subchen__jetbrick-template-2x\jetbrick-template\src\main\java\jetbrick\template\resolver\tag\TagInvokerResolver.java,119
JDK:java.base:N/A:N/A,ClassOrInterfaceType,java.lang.Byte,Byte,C:\Users\tyin363\Documents\repos\subchen__jetbrick-template-2x\jetbrick-template\src\main\java\jetbrick\template\parser\ast\ALU.java,310
JDK:java.base:N/A:N/A,ClassOrInterfaceType,java.lang.Class,Class,C:\Users\tyin363\Documents\repos\subchen__jetbrick-template-2x\jetbrick-template\src\main\java\jetbrick\template\runtime\ValueStack.java,158
CLIENT:client-code:N/A:N/A,ObjectCreationExpr,jetbrick.template.parser.ast.AstText.Jdk7CharArrayEncoder,Jdk7CharArrayEncoder,C:\Users\tyin363\Documents\repos\subchen__jetbrick-template-2x\jetbrick-template\src\main\java\jetbrick\template\parser\ast\AstText.java,217
CLIENT:client-code:N/A:N/A,NameExpr,jetbrick.template.JetConfig,importMethods,C:\Users\tyin363\Documents\repos\subchen__jetbrick-template-2x\jetbrick-template\src\main\java\jetbrick\template\JetConfig.java,132
CLIENT:client-code:N/A:N/A,NameExpr,jetbrick.template.parser.ast.AstTernarySimplifyOperator,otherExpression,C:\Users\tyin363\Documents\repos\subchen__jetbrick-template-2x\jetbrick-template\src\main\java\jetbrick\template\parser\ast\AstTernarySimplifyOperator.java,40
org.antlr:antlr4-runtime:jar:4.10.1,ClassOrInterfaceType,org.antlr.v4.runtime.Token,Token,C:\Users\tyin363\Documents\repos\subchen__jetbrick-template-2x\jetbrick-template\src\main\java\jetbrick\template\parser\AstCodeVisitor.java,722
CLIENT:client-code:N/A:N/A,FieldAccessExpr,jetbrick.template.resolver.property.ArrayLengthGetter,INSTANCE,C:\Users\tyin363\Documents\repos\subchen__jetbrick-template-2x\jetbrick-template\src\main\java\jetbrick\template\resolver\property\DefaultGetterResolver.java,72
CLIENT:client-code:N/A:N/A,NameExpr,jetbrick.template.JetTemplateImpl,resource,C:\Users\tyin363\Documents\repos\subchen__jetbrick-template-2x\jetbrick-template\src\main\java\jetbrick\template\JetTemplateImpl.java,81
CLIENT:client-code:N/A:N/A,NameExpr,jetbrick.template.runtime.ValueStack,index,C:\Users\tyin363\Documents\repos\subchen__jetbrick-template-2x\jetbrick-template\src\main\java\jetbrick\template\runtime\ValueStack.java,74
CLIENT:client-code:N/A:N/A,MethodCallExpr,jetbrick.template.parser.ast.AstExpressionList,execute,C:\Users\tyin363\Documents\repos\subchen__jetbrick-template-2x\jetbrick-template\src\main\java\jetbrick\template\parser\ast\AstInvokeNewObject.java,49
JDK:java.base:N/A:N/A,MethodCallExpr,java.lang.String,substring,C:\Users\tyin363\Documents\repos\subchen__jetbrick-template-2x\jetbrick-template\src\main\java\jetbrick\template\parser\AstCodeVisitor.java,749
CLIENT:client-code:N/A:N/A,ClassOrInterfaceType,jetbrick.template.parser.ast.AstType,AstType,C:\Users\tyin363\Documents\repos\subchen__jetbrick-template-2x\jetbrick-template\src\main\java\jetbrick\template\parser\AstCodeVisitor.java,903
CLIENT:client-code:N/A:N/A,MethodCallExpr,jetbrick.template.JetTemplate,getSecurityManager,C:\Users\tyin363\Documents\repos\subchen__jetbrick-template-2x\jetbrick-template\src\main\java\jetbrick\template\runtime\InterpretContextImpl.java,125
JDK:java.base:N/A:N/A,ClassOrInterfaceType,java.lang.annotation.Annotation,Annotation,C:\Users\tyin363\Documents\repos\subchen__jetbrick-template-2x\jetbrick-template\src\main\java\jetbrick\template\resolver\GlobalResolver.java,67
CLIENT:client-code:N/A:N/A,FieldAccessExpr,jetbrick.template.Errors,EXPRESSION_OBJECT_IS_VOID,C:\Users\tyin363\Documents\repos\subchen__jetbrick-template-2x\jetbrick-template\src\main\java\jetbrick\template\parser\ast\AstInvokeField.java,54
CLIENT:client-code:N/A:N/A,ClassOrInterfaceType,jetbrick.template.runtime.InterpretException,InterpretException,C:\Users\tyin363\Documents\repos\subchen__jetbrick-template-2x\jetbrick-template\src\main\java\jetbrick\template\parser\ast\AstDirectiveCall.java,42
CLIENT:client-code:N/A:N/A,ClassOrInterfaceType,jetbrick.template.runtime.InterpretException,InterpretException,C:\Users\tyin363\Documents\repos\subchen__jetbrick-template-2x\jetbrick-template\src\main\java\jetbrick\template\parser\ast\AstInvokeFieldStatic.java,45
CLIENT:client-code:N/A:N/A,ClassOrInterfaceType,jetbrick.template.parser.ast.AstStatementList,AstStatementList,C:\Users\tyin363\Documents\repos\subchen__jetbrick-template-2x\jetbrick-template\src\main\java\jetbrick\template\parser\ast\AstDirectiveMacro.java,57
com.github.subchen:jetbrick-commons:jar:2.1.9,ClassOrInterfaceType,jetbrick.collection.iterator.LoopIterator,LoopIterator,C:\Users\tyin363\Documents\repos\subchen__jetbrick-template-2x\jetbrick-template\src\main\java\jetbrick\template\runtime\JetForIterator.java,40
CLIENT:client-code:N/A:N/A,ClassOrInterfaceType,jetbrick.template.parser.ast.AstExpression,AstExpression,C:\Users\tyin363\Documents\repos\subchen__jetbrick-template-2x\jetbrick-template\src\main\java\jetbrick\template\parser\ast\AstOperatorNullAsDefault.java,26
JDK:java.base:N/A:N/A,ObjectCreationExpr,java.lang.IllegalStateException,IllegalStateException,C:\Users\tyin363\Documents\repos\subchen__jetbrick-template-2x\jetbrick-template\src\main\java\jetbrick\template\parser\ast\ALU.java,367
JDK:java.base:N/A:N/A,ClassOrInterfaceType,java.io.OutputStream,OutputStream,C:\Users\tyin363\Documents\repos\subchen__jetbrick-template-2x\jetbrick-template\src\main\java\jetbrick\template\runtime\JetWriter.java,45
CLIENT:client-code:N/A:N/A,NameExpr,jetbrick.template.JetTemplateImpl,lastModified,C:\Users\tyin363\Documents\repos\subchen__jetbrick-template-2x\jetbrick-template\src\main\java\jetbrick\template\JetTemplateImpl.java,82
JDK:java.base:N/A:N/A,MethodCallExpr,java.lang.reflect.Array,newInstance,C:\Users\tyin363\Documents\repos\subchen__jetbrick-template-2x\jetbrick-template\src\main\java\jetbrick\template\parser\ast\AstInvokeNewArray.java,59
JDK:java.base:N/A:N/A,ClassOrInterfaceType,java.lang.String,String,C:\Users\tyin363\Documents\repos\subchen__jetbrick-template-2x\jetbrick-template\src\main\java\jetbrick\template\runtime\writer\JetOutputStreamPrinterEx.java,78
JDK:java.base:N/A:N/A,MethodCallExpr,java.lang.StringBuilder,append,C:\Users\tyin363\Documents\repos\subchen__jetbrick-template-2x\jetbrick-template\src\main\java\jetbrick\template\resolver\SignatureUtils.java,54
CLIENT:client-code:N/A:N/A,NameExpr,jetbrick.template.runtime.TemplateStack,UNUSED_INDEX,C:\Users\tyin363\Documents\repos\subchen__jetbrick-template-2x\jetbrick-template\src\main\java\jetbrick\template\runtime\TemplateStack.java,57
CLIENT:client-code:N/A:N/A,NameExpr,jetbrick.template.parser.ast.AstDirectiveFor,statements,C:\Users\tyin363\Documents\repos\subchen__jetbrick-template-2x\jetbrick-template\src\main\java\jetbrick\template\parser\ast\AstDirectiveFor.java,63
CLIENT:client-code:N/A:N/A,FieldAccessExpr,jetbrick.template.runtime.JetForIterator,index,C:\Users\tyin363\Documents\repos\subchen__jetbrick-template-2x\jetbrick-template\src\main\java\jetbrick\template\runtime\JetForIterator.java,76
CLIENT:client-code:N/A:N/A,NameExpr,jetbrick.template.runtime.ValueStack,UNUSED_INDEX,C:\Users\tyin363\Documents\repos\subchen__jetbrick-template-2x\jetbrick-template\src\main\java\jetbrick\template\runtime\ValueStack.java,128
CLIENT:client-code:N/A:N/A,ClassOrInterfaceType,jetbrick.template.JetSecurityManager,JetSecurityManager,C:\Users\tyin363\Documents\repos\subchen__jetbrick-template-2x\jetbrick-template\src\main\java\jetbrick\template\parser\ast\AstInvokeFieldStatic.java,59
CLIENT:client-code:N/A:N/A,MethodCallExpr,jetbrick.template.JetSecurityManager,checkAccess,C:\Users\tyin363\Documents\repos\subchen__jetbrick-template-2x\jetbrick-template\src\main\java\jetbrick\template\resolver\property\FieldGetter.java,37
CLIENT:client-code:N/A:N/A,NameExpr,jetbrick.template.parser.ast.AstStatementList.ListIterator,size,C:\Users\tyin363\Documents\repos\subchen__jetbrick-template-2x\jetbrick-template\src\main\java\jetbrick\template\parser\ast\AstStatementList.java,278
CLIENT:client-code:N/A:N/A,NameExpr,jetbrick.template.runtime.ValueStack,index,C:\Users\tyin363\Documents\repos\subchen__jetbrick-template-2x\jetbrick-template\src\main\java\jetbrick\template\runtime\ValueStack.java,71
CLIENT:client-code:N/A:N/A,ClassOrInterfaceType,jetbrick.template.parser.ast.AstType,AstType,C:\Users\tyin363\Documents\repos\subchen__jetbrick-template-2x\jetbrick-template\src\main\java\jetbrick\template\parser\AstCodeVisitor.java,902
CLIENT:client-code:N/A:N/A,NameExpr,jetbrick.template.parser.ParserContext,localSymbols,C:\Users\tyin363\Documents\repos\subchen__jetbrick-template-2x\jetbrick-template\src\main\java\jetbrick\template\parser\ParserContext.java,169
JDK:java.base:N/A:N/A,MethodCallExpr,java.lang.Number,longValue,C:\Users\tyin363\Documents\repos\subchen__jetbrick-template-2x\jetbrick-template\src\main\java\jetbrick\template\parser\ast\ALU.java,304
CLIENT:client-code:N/A:N/A,NameExpr,jetbrick.template.parser.ast.ALU,FLOAT,C:\Users\tyin363\Documents\repos\subchen__jetbrick-template-2x\jetbrick-template\src\main\java\jetbrick\template\parser\ast\ALU.java,506
CLIENT:client-code:N/A:N/A,ClassOrInterfaceType,jetbrick.template.runtime.InterpretException,InterpretException,C:\Users\tyin363\Documents\repos\subchen__jetbrick-template-2x\jetbrick-template\src\main\java\jetbrick\template\parser\ast\AstInvokeIndexGet.java,50
CLIENT:client-code:N/A:N/A,ClassOrInterfaceType,jetbrick.template.JetEngine,JetEngine,C:\Users\tyin363\Documents\repos\subchen__jetbrick-template-2x\jetbrick-template\src\main\java\jetbrick\template\runtime\JetTagContext.java,70
JDK:java.base:N/A:N/A,ClassOrInterfaceType,java.io.IOException,IOException,C:\Users\tyin363\Documents\repos\subchen__jetbrick-template-2x\jetbrick-template\src\main\java\jetbrick\template\runtime\writer\JetOutputStreamPrinterEx.java,102
JDK:java.base:N/A:N/A,MethodCallExpr,java.lang.String,substring,C:\Users\tyin363\Documents\repos\subchen__jetbrick-template-2x\jetbrick-template\src\main\java\jetbrick\template\JetEngineImpl.java,203
CLIENT:client-code:N/A:N/A,ClassOrInterfaceType,jetbrick.template.parser.ast.AstConstantMapEntry,AstConstantMapEntry,C:\Users\tyin363\Documents\repos\subchen__jetbrick-template-2x\jetbrick-template\src\main\java\jetbrick\template\parser\AstCodeVisitor.java,517
CLIENT:client-code:N/A:N/A,FieldAccessExpr,jetbrick.template.parser.ast.AstOperatorUnary,expression,C:\Users\tyin363\Documents\repos\subchen__jetbrick-template-2x\jetbrick-template\src\main\java\jetbrick\template\parser\ast\AstOperatorUnary.java,46
CLIENT:client-code:N/A:N/A,ClassOrInterfaceType,jetbrick.template.parser.ast.AstExpressionList,AstExpressionList,C:\Users\tyin363\Documents\repos\subchen__jetbrick-template-2x\jetbrick-template\src\main\java\jetbrick\template\parser\ast\AstInvokeNewObject.java,33
CLIENT:client-code:N/A:N/A,ClassOrInterfaceType,jetbrick.template.runtime.JetWriter,JetWriter,C:\Users\tyin363\Documents\repos\subchen__jetbrick-template-2x\jetbrick-template\src\main\java\jetbrick\template\runtime\buildin\JetFunctions.java,76
JDK:java.base:N/A:N/A,MethodCallExpr,java.lang.Object,getClass,C:\Users\tyin363\Documents\repos\subchen__jetbrick-template-2x\jetbrick-template\src\main\java\jetbrick\template\parser\ast\ALU.java,522
CLIENT:client-code:N/A:N/A,MethodCallExpr,jetbrick.template.runtime.InterpretException,set,C:\Users\tyin363\Documents\repos\subchen__jetbrick-template-2x\jetbrick-template\src\main\java\jetbrick\template\parser\ast\AstInvokeNewArray.java,49
JDK:java.base:N/A:N/A,ClassOrInterfaceType,java.util.EmptyStackException,EmptyStackException,C:\Users\tyin363\Documents\repos\subchen__jetbrick-template-2x\jetbrick-template\src\main\java\jetbrick\template\runtime\ValueStack.java,129
JDK:java.base:N/A:N/A,ClassOrInterfaceType,java.lang.IllegalStateException,IllegalStateException,C:\Users\tyin363\Documents\repos\subchen__jetbrick-template-2x\jetbrick-template\src\main\java\jetbrick\template\runtime\buildin\JetFunctions.java,113
JDK:java.base:N/A:N/A,ClassOrInterfaceType,java.util.List,List,C:\Users\tyin363\Documents\repos\subchen__jetbrick-template-2x\jetbrick-template\src\main\java\jetbrick\template\JetConfig.java,60
JDK:java.base:N/A:N/A,MethodCallExpr,java.lang.Object,getClass,C:\Users\tyin363\Documents\repos\subchen__jetbrick-template-2x\jetbrick-template\src\main\java\jetbrick\template\parser\ast\ALU.java,257
CLIENT:client-code:N/A:N/A,ObjectCreationExpr,jetbrick.template.parser.ast.Position,Position,C:\Users\tyin363\Documents\repos\subchen__jetbrick-template-2x\jetbrick-template\src\main\java\jetbrick\template\parser\ast\AstDirectiveNoop.java,31
CLIENT:client-code:N/A:N/A,NameExpr,jetbrick.template.resolver.GlobalResolver,macroResolver,C:\Users\tyin363\Documents\repos\subchen__jetbrick-template-2x\jetbrick-template\src\main\java\jetbrick\template\resolver\GlobalResolver.java,224
com.github.subchen:jetbrick-commons:jar:2.1.9,MethodCallExpr,jetbrick.bean.MethodInfo,getParameterTypes,C:\Users\tyin363\Documents\repos\subchen__jetbrick-template-2x\jetbrick-template\src\main\java\jetbrick\template\resolver\tag\TagInvokerResolver.java,77
CLIENT:client-code:N/A:N/A,ClassOrInterfaceType,jetbrick.template.runtime.InterpretContext,InterpretContext,C:\Users\tyin363\Documents\repos\subchen__jetbrick-template-2x\jetbrick-template\src\main\java\jetbrick\template\parser\ast\AstExpressionList.java,37
JDK:java.base:N/A:N/A,ClassOrInterfaceType,java.math.BigInteger,BigInteger,C:\Users\tyin363\Documents\repos\subchen__jetbrick-template-2x\jetbrick-template\src\main\java\jetbrick\template\runtime\buildin\JetMethods.java,247
CLIENT:client-code:N/A:N/A,ClassOrInterfaceType,jetbrick.template.parser.ast.AstTernarySimplifyOperator,AstTernarySimplifyOperator,C:\Users\tyin363\Documents\repos\subchen__jetbrick-template-2x\jetbrick-template\src\main\java\jetbrick\template\parser\AstCodeVisitor.java,626
CLIENT:client-code:N/A:N/A,NameExpr,jetbrick.template.JetConfig,importDefines,C:\Users\tyin363\Documents\repos\subchen__jetbrick-template-2x\jetbrick-template\src\main\java\jetbrick\template\JetConfig.java,148
JDK:java.base:N/A:N/A,ClassOrInterfaceType,java.lang.Class,Class,C:\Users\tyin363\Documents\repos\subchen__jetbrick-template-2x\jetbrick-template\src\main\java\jetbrick\template\parser\ast\ALU.java,404
CLIENT:client-code:N/A:N/A,NameExpr,jetbrick.template.parser.ast.AstStatementList.ListIterator,size,C:\Users\tyin363\Documents\repos\subchen__jetbrick-template-2x\jetbrick-template\src\main\java\jetbrick\template\parser\ast\AstStatementList.java,284
CLIENT:client-code:N/A:N/A,NameExpr,jetbrick.template.runtime.writer.JetOutputStreamPrinter,os,C:\Users\tyin363\Documents\repos\subchen__jetbrick-template-2x\jetbrick-template\src\main\java\jetbrick\template\runtime\writer\JetOutputStreamPrinter.java,105
CLIENT:client-code:N/A:N/A,MethodCallExpr,jetbrick.template.Errors,format,C:\Users\tyin363\Documents\repos\subchen__jetbrick-template-2x\jetbrick-template\src\main\java\jetbrick\template\runtime\buildin\JetFunctions.java,113
CLIENT:client-code:N/A:N/A,MethodCallExpr,jetbrick.template.parser.ast.AstDirectiveMacro,getName,C:\Users\tyin363\Documents\repos\subchen__jetbrick-template-2x\jetbrick-template\src\main\java\jetbrick\template\JetTemplateMacro.java,49
com.github.subchen:jetbrick-commons:jar:2.1.9,ClassOrInterfaceType,jetbrick.collection.iterator.LoopIterator,LoopIterator,C:\Users\tyin363\Documents\repos\subchen__jetbrick-template-2x\jetbrick-template\src\main\java\jetbrick\template\runtime\JetForIterator.java,42
CLIENT:client-code:N/A:N/A,ClassOrInterfaceType,jetbrick.template.parser.ast.AstExpression,AstExpression,C:\Users\tyin363\Documents\repos\subchen__jetbrick-template-2x\jetbrick-template\src\main\java\jetbrick\template\parser\ast\AstOperatorNullAsDefault.java,24
JDK:java.base:N/A:N/A,ClassOrInterfaceType,java.lang.Byte,Byte,C:\Users\tyin363\Documents\repos\subchen__jetbrick-template-2x\jetbrick-template\src\main\java\jetbrick\template\parser\ast\ALU.java,306
CLIENT:client-code:N/A:N/A,MethodCallExpr,jetbrick.template.runtime.ValueContext,setLocal,C:\Users\tyin363\Documents\repos\subchen__jetbrick-template-2x\jetbrick-template\src\main\java\jetbrick\template\runtime\ValueStack.java,194
CLIENT:client-code:N/A:N/A,ClassOrInterfaceType,jetbrick.template.runtime.InterpretContext,InterpretContext,C:\Users\tyin363\Documents\repos\subchen__jetbrick-template-2x\jetbrick-template\src\main\java\jetbrick\template\parser\ast\AstDirectiveFor.java,41
CLIENT:client-code:N/A:N/A,ObjectCreationExpr,jetbrick.template.runtime.InterpretException,InterpretException,C:\Users\tyin363\Documents\repos\subchen__jetbrick-template-2x\jetbrick-template\src\main\java\jetbrick\template\parser\ast\AstInvokeMethod.java,93
JDK:java.base:N/A:N/A,ClassOrInterfaceType,java.io.IOException,IOException,C:\Users\tyin363\Documents\repos\subchen__jetbrick-template-2x\jetbrick-template\src\main\java\jetbrick\template\runtime\writer\JetWriterPrinter.java,92
JDK:java.base:N/A:N/A,MethodCallExpr,java.lang.Object,toString,C:\Users\tyin363\Documents\repos\subchen__jetbrick-template-2x\jetbrick-template\src\main\java\jetbrick\template\runtime\buildin\JetMethods.java,86
CLIENT:client-code:N/A:N/A,ClassOrInterfaceType,jetbrick.template.parser.ast.Position,Position,C:\Users\tyin363\Documents\repos\subchen__jetbrick-template-2x\jetbrick-template\src\main\java\jetbrick\template\parser\ast\AstExpressionList.java,31
CLIENT:client-code:N/A:N/A,ClassOrInterfaceType,jetbrick.template.parser.ast.AstStatementList,AstStatementList,C:\Users\tyin363\Documents\repos\subchen__jetbrick-template-2x\jetbrick-template\src\main\java\jetbrick\template\parser\AstCodeVisitor.java,316
JDK:java.base:N/A:N/A,ClassOrInterfaceType,java.lang.Object,Object,C:\Users\tyin363\Documents\repos\subchen__jetbrick-template-2x\jetbrick-template\src\main\java\jetbrick\template\parser\ast\ALU.java,274
JDK:java.base:N/A:N/A,ClassOrInterfaceType,java.lang.Short,Short,C:\Users\tyin363\Documents\repos\subchen__jetbrick-template-2x\jetbrick-template\src\main\java\jetbrick\template\parser\ast\ALU.java,358
CLIENT:client-code:N/A:N/A,ClassOrInterfaceType,jetbrick.template.runtime.InterpretException,InterpretException,C:\Users\tyin363\Documents\repos\subchen__jetbrick-template-2x\jetbrick-template\src\main\java\jetbrick\template\parser\ast\AstTernaryOperator.java,38
CLIENT:client-code:N/A:N/A,ClassOrInterfaceType,jetbrick.template.parser.ast.AstOperatorNullAsDefault,AstOperatorNullAsDefault,C:\Users\tyin363\Documents\repos\subchen__jetbrick-template-2x\jetbrick-template\src\main\java\jetbrick\template\parser\AstCodeVisitor.java,611
CLIENT:client-code:N/A:N/A,MethodCallExpr,jetbrick.template.parser.ParserContext,setTrimDirectiveCommentsSuffix,C:\Users\tyin363\Documents\repos\subchen__jetbrick-template-2x\jetbrick-template\src\main\java\jetbrick\template\JetTemplateImpl.java,110
JDK:java.base:N/A:N/A,ClassOrInterfaceType,java.util.List,List,C:\Users\tyin363\Documents\repos\subchen__jetbrick-template-2x\jetbrick-template\src\main\java\jetbrick\template\JetConfig.java,59
JDK:java.base:N/A:N/A,MethodCallExpr,java.lang.Object,getClass,C:\Users\tyin363\Documents\repos\subchen__jetbrick-template-2x\jetbrick-template\src\main\java\jetbrick\template\parser\ast\ALU.java,256
CLIENT:client-code:N/A:N/A,ClassOrInterfaceType,jetbrick.template.parser.ast.AstConstantMap,AstConstantMap,C:\Users\tyin363\Documents\repos\subchen__jetbrick-template-2x\jetbrick-template\src\main\java\jetbrick\template\parser\AstCodeVisitor.java,512
JDK:java.base:N/A:N/A,ClassOrInterfaceType,java.lang.Class,Class,C:\Users\tyin363\Documents\repos\subchen__jetbrick-template-2x\jetbrick-template\src\main\java\jetbrick\template\parser\ast\ALU.java,405
CLIENT:client-code:N/A:N/A,MethodCallExpr,jetbrick.template.resolver.SignatureUtils,getFunctionSignature,C:\Users\tyin363\Documents\repos\subchen__jetbrick-template-2x\jetbrick-template\src\main\java\jetbrick\template\parser\ast\AstInvokeFunction.java,65
CLIENT:client-code:N/A:N/A,ClassOrInterfaceType,jetbrick.template.parser.ast.AstExpression,AstExpression,C:\Users\tyin363\Documents\repos\subchen__jetbrick-template-2x\jetbrick-template\src\main\java\jetbrick\template\parser\ast\AstOperatorNullAsDefault.java,25
JDK:java.base:N/A:N/A,MethodCallExpr,java.lang.Object,getClass,C:\Users\tyin363\Documents\repos\subchen__jetbrick-template-2x\jetbrick-template\src\main\java\jetbrick\template\JetEngineImpl.java,58
CLIENT:client-code:N/A:N/A,ClassOrInterfaceType,jetbrick.template.runtime.InterpretException,InterpretException,C:\Users\tyin363\Documents\repos\subchen__jetbrick-template-2x\jetbrick-template\src\main\java\jetbrick\template\parser\ast\AstInvokeIndexGet.java,48
JDK:java.base:N/A:N/A,MethodCallExpr,java.util.List,get,C:\Users\tyin363\Documents\repos\subchen__jetbrick-template-2x\jetbrick-template\src\main\java\jetbrick\template\parser\AstCodeVisitor.java,351
JDK:java.base:N/A:N/A,ClassOrInterfaceType,java.lang.Class,Class,C:\Users\tyin363\Documents\repos\subchen__jetbrick-template-2x\jetbrick-template\src\main\java\jetbrick\template\resolver\tag\TagInvokerResolver.java,123
CLIENT:client-code:N/A:N/A,MethodCallExpr,jetbrick.template.runtime.JetWriter,print,C:\Users\tyin363\Documents\repos\subchen__jetbrick-template-2x\jetbrick-template\src\main\java\jetbrick\template\parser\ast\AstValueEscaped.java,41
CLIENT:client-code:N/A:N/A,ClassOrInterfaceType,jetbrick.template.parser.ast.AstStatementList,AstStatementList,C:\Users\tyin363\Documents\repos\subchen__jetbrick-template-2x\jetbrick-template\src\main\java\jetbrick\template\parser\AstCodeVisitor.java,315
com.github.subchen:jetbrick-commons:jar:2.1.9,MethodCallExpr,jetbrick.util.StringEscapeUtils,escapeJavaScript,C:\Users\tyin363\Documents\repos\subchen__jetbrick-template-2x\jetbrick-template\src\main\java\jetbrick\template\runtime\buildin\JetMethods.java,267
CLIENT:client-code:N/A:N/A,MethodCallExpr,jetbrick.template.runtime.InterpretException,set,C:\Users\tyin363\Documents\repos\subchen__jetbrick-template-2x\jetbrick-template\src\main\java\jetbrick\template\parser\ast\AstInvokeFieldStatic.java,54
JDK:java.base:N/A:N/A,ClassOrInterfaceType,java.lang.String,String,C:\Users\tyin363\Documents\repos\subchen__jetbrick-template-2x\jetbrick-template\src\main\java\jetbrick\template\parser\ast\AstText.java,248
CLIENT:client-code:N/A:N/A,ObjectCreationExpr,jetbrick.template.JetConfig,JetConfig,C:\Users\tyin363\Documents\repos\subchen__jetbrick-template-2x\jetbrick-template\src\main\java\jetbrick\template\JetEngine.java,54
CLIENT:client-code:N/A:N/A,MethodCallExpr,jetbrick.template.parser.ast.AstStatementList,removeNoopDirective,C:\Users\tyin363\Documents\repos\subchen__jetbrick-template-2x\jetbrick-template\src\main\java\jetbrick\template\parser\ast\AstStatementList.java,40
com.github.subchen:jetbrick-commons:jar:2.1.9,ObjectCreationExpr,jetbrick.io.finder.FileFinder,FileFinder,C:\Users\tyin363\Documents\repos\subchen__jetbrick-template-2x\jetbrick-template\src\main\java\jetbrick\template\resolver\clazz\ClassResolver.java,130
CLIENT:client-code:N/A:N/A,ClassOrInterfaceType,jetbrick.template.runtime.InterpretContext,InterpretContext,C:\Users\tyin363\Documents\repos\subchen__jetbrick-template-2x\jetbrick-template\src\main\java\jetbrick\template\parser\ast\AstDirectiveNoop.java,35
JDK:java.base:N/A:N/A,MethodCallExpr,java.lang.Number,longValue,C:\Users\tyin363\Documents\repos\subchen__jetbrick-template-2x\jetbrick-template\src\main\java\jetbrick\template\parser\ast\ALU.java,301
com.github.subchen:jetbrick-commons:jar:2.1.9,ClassOrInterfaceType,jetbrick.io.resource.Resource,Resource,C:\Users\tyin363\Documents\repos\subchen__jetbrick-template-2x\jetbrick-template\src\main\java\jetbrick\template\runtime\buildin\JetFunctions.java,99
CLIENT:client-code:N/A:N/A,ObjectCreationExpr,jetbrick.template.parser.SyntaxException,SyntaxException,C:\Users\tyin363\Documents\repos\subchen__jetbrick-template-2x\jetbrick-template\src\main\java\jetbrick\template\parser\AstCodeVisitor.java,471
JDK:java.base:N/A:N/A,ClassOrInterfaceType,java.util.List,List,C:\Users\tyin363\Documents\repos\subchen__jetbrick-template-2x\jetbrick-template\src\main\java\jetbrick\template\JetConfig.java,58
JDK:java.base:N/A:N/A,FieldAccessExpr,java.lang.Boolean,TRUE,C:\Users\tyin363\Documents\repos\subchen__jetbrick-template-2x\jetbrick-template\src\main\java\jetbrick\template\parser\ast\ALU.java,420
JDK:java.base:N/A:N/A,ClassOrInterfaceType,java.lang.Class,Class,C:\Users\tyin363\Documents\repos\subchen__jetbrick-template-2x\jetbrick-template\src\main\java\jetbrick\template\parser\ast\ALU.java,142
CLIENT:client-code:N/A:N/A,ClassOrInterfaceType,jetbrick.template.parser.ast.AstNode,AstNode,C:\Users\tyin363\Documents\repos\subchen__jetbrick-template-2x\jetbrick-template\src\main\java\jetbrick\template\parser\AstCodeVisitor.java,640
CLIENT:client-code:N/A:N/A,NameExpr,jetbrick.template.JetTemplateImpl,resource,C:\Users\tyin363\Documents\repos\subchen__jetbrick-template-2x\jetbrick-template\src\main\java\jetbrick\template\JetTemplateImpl.java,75
CLIENT:client-code:N/A:N/A,NameExpr,jetbrick.template.JetTemplateImpl,lastModified,C:\Users\tyin363\Documents\repos\subchen__jetbrick-template-2x\jetbrick-template\src\main\java\jetbrick\template\JetTemplateImpl.java,78
CLIENT:client-code:N/A:N/A,MethodCallExpr,jetbrick.template.runtime.InterpretException,set,C:\Users\tyin363\Documents\repos\subchen__jetbrick-template-2x\jetbrick-template\src\main\java\jetbrick\template\parser\ast\AstInvokeIndexGet.java,48
CLIENT:client-code:N/A:N/A,MethodCallExpr,jetbrick.template.runtime.InterpretException,set,C:\Users\tyin363\Documents\repos\subchen__jetbrick-template-2x\jetbrick-template\src\main\java\jetbrick\template\parser\ast\AstOperatorUnary.java,75
JDK:java.base:N/A:N/A,ClassOrInterfaceType,java.lang.String,String,C:\Users\tyin363\Documents\repos\subchen__jetbrick-template-2x\jetbrick-template\src\main\java\jetbrick\template\resolver\SignatureUtils.java,49
CLIENT:client-code:N/A:N/A,NameExpr,jetbrick.template.runtime.writer.JetWriterPrinter,error,C:\Users\tyin363\Documents\repos\subchen__jetbrick-template-2x\jetbrick-template\src\main\java\jetbrick\template\runtime\writer\JetWriterPrinter.java,121
CLIENT:client-code:N/A:N/A,NameExpr,jetbrick.template.JetConfig,importTags,C:\Users\tyin363\Documents\repos\subchen__jetbrick-template-2x\jetbrick-template\src\main\java\jetbrick\template\JetConfig.java,140
JDK:java.base:N/A:N/A,ClassOrInterfaceType,java.lang.Boolean,Boolean,C:\Users\tyin363\Documents\repos\subchen__jetbrick-template-2x\jetbrick-template\src\main\java\jetbrick\template\parser\ast\ALU.java,372
JDK:java.base:N/A:N/A,MethodCallExpr,java.lang.StringBuilder,append,C:\Users\tyin363\Documents\repos\subchen__jetbrick-template-2x\jetbrick-template\src\main\java\jetbrick\template\resolver\SignatureUtils.java,58
JDK:java.base:N/A:N/A,ObjectCreationExpr,java.lang.IllegalStateException,IllegalStateException,C:\Users\tyin363\Documents\repos\subchen__jetbrick-template-2x\jetbrick-template\src\main\java\jetbrick\template\runtime\ValueStack.java,189
JDK:java.base:N/A:N/A,FieldAccessExpr,java.lang.Boolean,TRUE,C:\Users\tyin363\Documents\repos\subchen__jetbrick-template-2x\jetbrick-template\src\main\java\jetbrick\template\parser\AstCodeVisitor.java,775
CLIENT:client-code:N/A:N/A,NameExpr,jetbrick.template.JetGlobalContext,context,C:\Users\tyin363\Documents\repos\subchen__jetbrick-template-2x\jetbrick-template\src\main\java\jetbrick\template\JetGlobalContext.java,64
JDK:java.base:N/A:N/A,ClassOrInterfaceType,java.lang.Object,Object,C:\Users\tyin363\Documents\repos\subchen__jetbrick-template-2x\jetbrick-template\src\main\java\jetbrick\template\parser\AstCodeVisitor.java,892
CLIENT:client-code:N/A:N/A,MethodCallExpr,jetbrick.template.parser.AstCodeVisitor,pos,C:\Users\tyin363\Documents\repos\subchen__jetbrick-template-2x\jetbrick-template\src\main\java\jetbrick\template\parser\AstCodeVisitor.java,800
JDK:java.base:N/A:N/A,ClassOrInterfaceType,java.nio.charset.Charset,Charset,C:\Users\tyin363\Documents\repos\subchen__jetbrick-template-2x\jetbrick-template\src\main\java\jetbrick\template\runtime\writer\JetWriterPrinterEx.java,47
CLIENT:client-code:N/A:N/A,MethodCallExpr,jetbrick.template.JetTemplateOption,isSafecall,C:\Users\tyin363\Documents\repos\subchen__jetbrick-template-2x\jetbrick-template\src\main\java\jetbrick\template\parser\ast\AstInvokeIndexGet.java,45
CLIENT:client-code:N/A:N/A,NameExpr,jetbrick.template.runtime.TemplateStack,UNUSED_INDEX,C:\Users\tyin363\Documents\repos\subchen__jetbrick-template-2x\jetbrick-template\src\main\java\jetbrick\template\runtime\TemplateStack.java,61
CLIENT:client-code:N/A:N/A,ClassOrInterfaceType,jetbrick.template.runtime.InterpretException,InterpretException,C:\Users\tyin363\Documents\repos\subchen__jetbrick-template-2x\jetbrick-template\src\main\java\jetbrick\template\parser\ast\AstOperatorUnary.java,75
JDK:java.base:N/A:N/A,ClassOrInterfaceType,java.lang.Class,Class,C:\Users\tyin363\Documents\repos\subchen__jetbrick-template-2x\jetbrick-template\src\main\java\jetbrick\template\resolver\clazz\ClassResolver.java,46
JDK:java.base:N/A:N/A,MethodCallExpr,java.lang.String,endsWith,C:\Users\tyin363\Documents\repos\subchen__jetbrick-template-2x\jetbrick-template\src\main\java\jetbrick\template\resolver\clazz\ClassResolver.java,69
CLIENT:client-code:N/A:N/A,ObjectCreationExpr,jetbrick.template.runtime.ValueStack,ValueStack,C:\Users\tyin363\Documents\repos\subchen__jetbrick-template-2x\jetbrick-template\src\main\java\jetbrick\template\runtime\InterpretContextImpl.java,45
CLIENT:client-code:N/A:N/A,ClassOrInterfaceType,jetbrick.template.runtime.InterpretException,InterpretException,C:\Users\tyin363\Documents\repos\subchen__jetbrick-template-2x\jetbrick-template\src\main\java\jetbrick\template\parser\ast\AstInvokeNewArray.java,49
CLIENT:client-code:N/A:N/A,NameExpr,jetbrick.template.parser.ParserContext,trimDirectiveWhitespaces,C:\Users\tyin363\Documents\repos\subchen__jetbrick-template-2x\jetbrick-template\src\main\java\jetbrick\template\parser\ParserContext.java,98
JDK:java.base:N/A:N/A,ClassOrInterfaceType,java.lang.Class,Class,C:\Users\tyin363\Documents\repos\subchen__jetbrick-template-2x\jetbrick-template\src\main\java\jetbrick\template\parser\ast\ALU.java,141
JDK:java.base:N/A:N/A,MethodCallExpr,java.lang.String,substring,C:\Users\tyin363\Documents\repos\subchen__jetbrick-template-2x\jetbrick-template\src\main\java\jetbrick\template\resolver\clazz\ClassResolver.java,70
JDK:java.base:N/A:N/A,ClassOrInterfaceType,java.lang.Object,Object,C:\Users\tyin363\Documents\repos\subchen__jetbrick-template-2x\jetbrick-template\src\main\java\jetbrick\template\parser\AstCodeVisitor.java,363
CLIENT:client-code:N/A:N/A,NameExpr,jetbrick.template.JetSecurityManagerImpl,blackList,C:\Users\tyin363\Documents\repos\subchen__jetbrick-template-2x\jetbrick-template\src\main\java\jetbrick\template\JetSecurityManagerImpl.java,42
JDK:java.base:N/A:N/A,ClassOrInterfaceType,java.lang.Object,Object,C:\Users\tyin363\Documents\repos\subchen__jetbrick-template-2x\jetbrick-template\src\main\java\jetbrick\template\runtime\ValueStack.java,87
CLIENT:client-code:N/A:N/A,ClassOrInterfaceType,jetbrick.template.JetSecurityManager,JetSecurityManager,C:\Users\tyin363\Documents\repos\subchen__jetbrick-template-2x\jetbrick-template\src\main\java\jetbrick\template\JetConfig.java,114
CLIENT:client-code:N/A:N/A,MethodCallExpr,jetbrick.template.Errors,format,C:\Users\tyin363\Documents\repos\subchen__jetbrick-template-2x\jetbrick-template\src\main\java\jetbrick\template\parser\ast\ALU.java,367
CLIENT:client-code:N/A:N/A,FieldAccessExpr,jetbrick.template.parser.ast.AstInvokeNewArray,expressions,C:\Users\tyin363\Documents\repos\subchen__jetbrick-template-2x\jetbrick-template\src\main\java\jetbrick\template\parser\ast\AstInvokeNewArray.java,37
CLIENT:client-code:N/A:N/A,MethodCallExpr,jetbrick.template.parser.ast.AstExpression,getPosition,C:\Users\tyin363\Documents\repos\subchen__jetbrick-template-2x\jetbrick-template\src\main\java\jetbrick\template\parser\ast\AstDirectiveInclude.java,50
JDK:java.base:N/A:N/A,ClassOrInterfaceType,java.lang.Class,Class,C:\Users\tyin363\Documents\repos\subchen__jetbrick-template-2x\jetbrick-template\src\main\java\jetbrick\template\JetTemplateOption.java,53
CLIENT:client-code:N/A:N/A,NameExpr,jetbrick.template.parser.ast.AstOperatorBinary,lhs,C:\Users\tyin363\Documents\repos\subchen__jetbrick-template-2x\jetbrick-template\src\main\java\jetbrick\template\parser\ast\AstOperatorBinary.java,57
com.github.subchen:jetbrick-commons:jar:2.1.9,MethodCallExpr,jetbrick.io.stream.UnsafeCharArrayWriter,toString,C:\Users\tyin363\Documents\repos\subchen__jetbrick-template-2x\jetbrick-template\src\main\java\jetbrick\template\runtime\buildin\JetFunctions.java,125
JDK:java.base:N/A:N/A,ClassOrInterfaceType,java.io.IOException,IOException,C:\Users\tyin363\Documents\repos\subchen__jetbrick-template-2x\jetbrick-template\src\main\java\jetbrick\template\runtime\writer\JetOutputStreamPrinterEx.java,97
CLIENT:client-code:N/A:N/A,ClassOrInterfaceType,jetbrick.template.parser.Source,Source,C:\Users\tyin363\Documents\repos\subchen__jetbrick-template-2x\jetbrick-template\src\main\java\jetbrick\template\parser\AstBuilder.java,33
CLIENT:client-code:N/A:N/A,ClassOrInterfaceType,jetbrick.template.parser.ast.AstExpression,AstExpression,C:\Users\tyin363\Documents\repos\subchen__jetbrick-template-2x\jetbrick-template\src\main\java\jetbrick\template\parser\ast\AstIdentifier.java,25
CLIENT:client-code:N/A:N/A,MethodCallExpr,jetbrick.template.runtime.InterpretException,cause,C:\Users\tyin363\Documents\repos\subchen__jetbrick-template-2x\jetbrick-template\src\main\java\jetbrick\template\parser\ast\AstInvokeMethod.java,114
CLIENT:client-code:N/A:N/A,ObjectCreationExpr,jetbrick.template.runtime.writer.JetOutputStreamPrinter,JetOutputStreamPrinter,C:\Users\tyin363\Documents\repos\subchen__jetbrick-template-2x\jetbrick-template\src\main\java\jetbrick\template\runtime\JetWriter.java,50
JDK:java.base:N/A:N/A,MethodCallExpr,java.lang.Integer,valueOf,C:\Users\tyin363\Documents\repos\subchen__jetbrick-template-2x\jetbrick-template\src\main\java\jetbrick\template\parser\ast\ALU.java,127
CLIENT:client-code:N/A:N/A,FieldAccessExpr,jetbrick.template.parser.ast.AstStatementList,statements,C:\Users\tyin363\Documents\repos\subchen__jetbrick-template-2x\jetbrick-template\src\main\java\jetbrick\template\parser\ast\AstStatementList.java,43
JDK:java.base:N/A:N/A,ClassOrInterfaceType,java.lang.String,String,C:\Users\tyin363\Documents\repos\subchen__jetbrick-template-2x\jetbrick-template\src\main\java\jetbrick\template\resolver\GlobalResolver.java,195
CLIENT:client-code:N/A:N/A,FieldAccessExpr,jetbrick.template.parser.ast.AstConstantList,argumentList,C:\Users\tyin363\Documents\repos\subchen__jetbrick-template-2x\jetbrick-template\src\main\java\jetbrick\template\parser\ast\AstConstantList.java,30
JDK:java.base:N/A:N/A,ClassOrInterfaceType,java.lang.String,String,C:\Users\tyin363\Documents\repos\subchen__jetbrick-template-2x\jetbrick-template\src\main\java\jetbrick\template\JetTemplateImpl.java,227
com.github.subchen:jetbrick-commons:jar:2.1.9,MethodCallExpr,jetbrick.bean.MethodInfo,getParameterCount,C:\Users\tyin363\Documents\repos\subchen__jetbrick-template-2x\jetbrick-template\src\main\java\jetbrick\template\resolver\method\ExtensionMethodInvoker.java,36
CLIENT:client-code:N/A:N/A,ClassOrInterfaceType,jetbrick.template.parser.ast.AstStatementList,AstStatementList,C:\Users\tyin363\Documents\repos\subchen__jetbrick-template-2x\jetbrick-template\src\main\java\jetbrick\template\parser\ast\AstDirectiveMacro.java,30
CLIENT:client-code:N/A:N/A,NameExpr,jetbrick.template.JetTemplateImpl,resource,C:\Users\tyin363\Documents\repos\subchen__jetbrick-template-2x\jetbrick-template\src\main\java\jetbrick\template\JetTemplateImpl.java,73
JDK:java.base:N/A:N/A,ClassOrInterfaceType,java.lang.RuntimeException,RuntimeException,C:\Users\tyin363\Documents\repos\subchen__jetbrick-template-2x\jetbrick-template\src\main\java\jetbrick\template\parser\ast\AstInvokeMethodStatic.java,79
JDK:java.base:N/A:N/A,ClassOrInterfaceType,java.lang.Class,Class,C:\Users\tyin363\Documents\repos\subchen__jetbrick-template-2x\jetbrick-template\src\main\java\jetbrick\template\resolver\function\ExtensionFunctionInvoker.java,39
CLIENT:client-code:N/A:N/A,FieldAccessExpr,jetbrick.template.parser.ast.AstOperatorNullAsDefault,objectExpression,C:\Users\tyin363\Documents\repos\subchen__jetbrick-template-2x\jetbrick-template\src\main\java\jetbrick\template\parser\ast\AstOperatorNullAsDefault.java,30
CLIENT:client-code:N/A:N/A,MethodCallExpr,jetbrick.template.runtime.InterpretException,set,C:\Users\tyin363\Documents\repos\subchen__jetbrick-template-2x\jetbrick-template\src\main\java\jetbrick\template\parser\ast\AstDirectiveInclude.java,61
JDK:java.base:N/A:N/A,MethodCallExpr,java.lang.String,length,C:\Users\tyin363\Documents\repos\subchen__jetbrick-template-2x\jetbrick-template\src\main\java\jetbrick\template\parser\ast\AstText.java,125
JDK:java.base:N/A:N/A,MethodCallExpr,java.lang.Integer,valueOf,C:\Users\tyin363\Documents\repos\subchen__jetbrick-template-2x\jetbrick-template\src\main\java\jetbrick\template\parser\ast\ALU.java,360
com.github.subchen:jetbrick-commons:jar:2.1.9,MethodCallExpr,jetbrick.util.StringEscapeUtils,escapeUrl,C:\Users\tyin363\Documents\repos\subchen__jetbrick-template-2x\jetbrick-template\src\main\java\jetbrick\template\runtime\buildin\JetMethods.java,283
CLIENT:client-code:N/A:N/A,ClassOrInterfaceType,jetbrick.template.parser.ast.AstType,AstType,C:\Users\tyin363\Documents\repos\subchen__jetbrick-template-2x\jetbrick-template\src\main\java\jetbrick\template\parser\AstCodeVisitor.java,666
JDK:java.base:N/A:N/A,ClassOrInterfaceType,java.lang.Class,Class,C:\Users\tyin363\Documents\repos\subchen__jetbrick-template-2x\jetbrick-template\src\main\java\jetbrick\template\resolver\SignatureUtils.java,70
JDK:java.base:N/A:N/A,ClassOrInterfaceType,java.lang.String,String,C:\Users\tyin363\Documents\repos\subchen__jetbrick-template-2x\jetbrick-template\src\main\java\jetbrick\template\resolver\method\ClassBuildinMethodInvoker.java,63
JDK:java.base:N/A:N/A,ObjectCreationExpr,java.security.AccessControlException,AccessControlException,C:\Users\tyin363\Documents\repos\subchen__jetbrick-template-2x\jetbrick-template\src\main\java\jetbrick\template\JetSecurityManagerImpl.java,130
CLIENT:client-code:N/A:N/A,ClassOrInterfaceType,jetbrick.template.JetTemplateOption,JetTemplateOption,C:\Users\tyin363\Documents\repos\subchen__jetbrick-template-2x\jetbrick-template\src\main\java\jetbrick\template\JetTemplateImpl.java,116
CLIENT:client-code:N/A:N/A,FieldAccessExpr,jetbrick.template.Errors,INCLUDE_FILE_NOT_FOUND,C:\Users\tyin363\Documents\repos\subchen__jetbrick-template-2x\jetbrick-template\src\main\java\jetbrick\template\parser\ast\AstDirectiveInclude.java,69
JDK:java.base:N/A:N/A,ClassOrInterfaceType,java.lang.Number,Number,C:\Users\tyin363\Documents\repos\subchen__jetbrick-template-2x\jetbrick-template\src\main\java\jetbrick\template\runtime\buildin\JetMethods.java,83
CLIENT:client-code:N/A:N/A,MethodCallExpr,jetbrick.template.resolver.GlobalResolver,registerMethods,C:\Users\tyin363\Documents\repos\subchen__jetbrick-template-2x\jetbrick-template\src\main\java\jetbrick\template\JetEngineImpl.java,174
JDK:java.base:N/A:N/A,ObjectCreationExpr,java.util.HashMap,HashMap,C:\Users\tyin363\Documents\repos\subchen__jetbrick-template-2x\jetbrick-template\src\main\java\jetbrick\template\parser\ParserContext.java,64
com.github.subchen:jetbrick-commons:jar:2.1.9,MethodCallExpr,jetbrick.util.StringUtils,split,C:\Users\tyin363\Documents\repos\subchen__jetbrick-template-2x\jetbrick-template\src\main\java\jetbrick\template\JetSecurityManagerImpl.java,51
CLIENT:client-code:N/A:N/A,ClassOrInterfaceType,jetbrick.template.runtime.InterpretException,InterpretException,C:\Users\tyin363\Documents\repos\subchen__jetbrick-template-2x\jetbrick-template\src\main\java\jetbrick\template\parser\ast\AstDirectiveInclude.java,61
CLIENT:client-code:N/A:N/A,NameExpr,jetbrick.template.JetTemplateImpl,lastModified,C:\Users\tyin363\Documents\repos\subchen__jetbrick-template-2x\jetbrick-template\src\main\java\jetbrick\template\JetTemplateImpl.java,87
JDK:java.base:N/A:N/A,ClassOrInterfaceType,java.lang.String,String,C:\Users\tyin363\Documents\repos\subchen__jetbrick-template-2x\jetbrick-template\src\main\java\jetbrick\template\parser\Source.java,26
JDK:java.base:N/A:N/A,ClassOrInterfaceType,java.lang.IllegalStateException,IllegalStateException,C:\Users\tyin363\Documents\repos\subchen__jetbrick-template-2x\jetbrick-template\src\main\java\jetbrick\template\parser\ast\ALU.java,274
org.antlr:antlr4-runtime:jar:4.10.1,ClassOrInterfaceType,org.antlr.v4.runtime.tree.ParseTree,ParseTree,C:\Users\tyin363\Documents\repos\subchen__jetbrick-template-2x\jetbrick-template\src\main\java\jetbrick\template\parser\AstCodeVisitor.java,806
JDK:java.base:N/A:N/A,ClassOrInterfaceType,java.lang.Number,Number,C:\Users\tyin363\Documents\repos\subchen__jetbrick-template-2x\jetbrick-template\src\main\java\jetbrick\template\parser\ast\ALU.java,298
JDK:java.base:N/A:N/A,MethodCallExpr,java.lang.Number,longValue,C:\Users\tyin363\Documents\repos\subchen__jetbrick-template-2x\jetbrick-template\src\main\java\jetbrick\template\parser\ast\ALU.java,281
JDK:java.base:N/A:N/A,ClassOrInterfaceType,java.lang.String,String,C:\Users\tyin363\Documents\repos\subchen__jetbrick-template-2x\jetbrick-template\src\main\java\jetbrick\template\parser\ast\AstText.java,235
CLIENT:client-code:N/A:N/A,MethodCallExpr,jetbrick.template.runtime.ValueContext,setLocal,C:\Users\tyin363\Documents\repos\subchen__jetbrick-template-2x\jetbrick-template\src\main\java\jetbrick\template\runtime\ValueStack.java,166
JDK:java.base:N/A:N/A,MethodCallExpr,java.lang.String,replace,C:\Users\tyin363\Documents\repos\subchen__jetbrick-template-2x\jetbrick-template\src\main\java\jetbrick\template\resolver\clazz\ClassResolver.java,112
JDK:java.base:N/A:N/A,ObjectCreationExpr,java.lang.IllegalStateException,IllegalStateException,C:\Users\tyin363\Documents\repos\subchen__jetbrick-template-2x\jetbrick-template\src\main\java\jetbrick\template\runtime\buildin\JetFunctions.java,113
JDK:java.base:N/A:N/A,ClassOrInterfaceType,java.lang.String,String,C:\Users\tyin363\Documents\repos\subchen__jetbrick-template-2x\jetbrick-template\src\main\java\jetbrick\template\JetTemplateOption.java,32
CLIENT:client-code:N/A:N/A,NameExpr,jetbrick.template.JetConfig,importMacros,C:\Users\tyin363\Documents\repos\subchen__jetbrick-template-2x\jetbrick-template\src\main\java\jetbrick\template\JetConfig.java,108
JDK:java.base:N/A:N/A,ClassOrInterfaceType,java.io.OutputStream,OutputStream,C:\Users\tyin363\Documents\repos\subchen__jetbrick-template-2x\jetbrick-template\src\main\java\jetbrick\template\runtime\JetWriter.java,70
CLIENT:client-code:N/A:N/A,FieldAccessExpr,jetbrick.template.loader.resource.SourceResource,source,C:\Users\tyin363\Documents\repos\subchen__jetbrick-template-2x\jetbrick-template\src\main\java\jetbrick\template\loader\resource\SourceResource.java,44
JDK:java.base:N/A:N/A,FieldAccessExpr,java.lang.Boolean,FALSE,C:\Users\tyin363\Documents\repos\subchen__jetbrick-template-2x\jetbrick-template\src\main\java\jetbrick\template\parser\ast\AstOperatorEquals.java,53
CLIENT:client-code:N/A:N/A,FieldAccessExpr,jetbrick.template.resolver.method.ExtensionMethodInvoker,varArgsClass,C:\Users\tyin363\Documents\repos\subchen__jetbrick-template-2x\jetbrick-template\src\main\java\jetbrick\template\resolver\method\ExtensionMethodInvoker.java,42
JDK:java.base:N/A:N/A,ClassOrInterfaceType,java.lang.Class,Class,C:\Users\tyin363\Documents\repos\subchen__jetbrick-template-2x\jetbrick-template\src\main\java\jetbrick\template\runtime\ValueStack.java,133
CLIENT:client-code:N/A:N/A,NameExpr,jetbrick.template.runtime.writer.TrimLeadingWhitespacesWriter,first,C:\Users\tyin363\Documents\repos\subchen__jetbrick-template-2x\jetbrick-template\src\main\java\jetbrick\template\runtime\writer\TrimLeadingWhitespacesWriter.java,42
CLIENT:client-code:N/A:N/A,ClassOrInterfaceType,jetbrick.template.parser.ast.AstNode,AstNode,C:\Users\tyin363\Documents\repos\subchen__jetbrick-template-2x\jetbrick-template\src\main\java\jetbrick\template\parser\AstCodeVisitor.java,82
JDK:java.base:N/A:N/A,ClassOrInterfaceType,java.lang.Class,Class,C:\Users\tyin363\Documents\repos\subchen__jetbrick-template-2x\jetbrick-template\src\main\java\jetbrick\template\runtime\ValueContext.java,31
CLIENT:client-code:N/A:N/A,NameExpr,jetbrick.template.parser.ast.AstInvokeMethod,objectExpression,C:\Users\tyin363\Documents\repos\subchen__jetbrick-template-2x\jetbrick-template\src\main\java\jetbrick\template\parser\ast\AstInvokeMethod.java,75
JDK:java.base:N/A:N/A,MethodCallExpr,java.lang.Object,getClass,C:\Users\tyin363\Documents\repos\subchen__jetbrick-template-2x\jetbrick-template\src\main\java\jetbrick\template\parser\AstCodeVisitor.java,367
com.github.subchen:jetbrick-commons:jar:2.1.9,ClassOrInterfaceType,jetbrick.bean.MethodInfo,MethodInfo,C:\Users\tyin363\Documents\repos\subchen__jetbrick-template-2x\jetbrick-template\src\main\java\jetbrick\template\resolver\method\MethodInvokerResolver.java,43
CLIENT:client-code:N/A:N/A,NameExpr,jetbrick.template.runtime.writer.JetWriterPrinter,error,C:\Users\tyin363\Documents\repos\subchen__jetbrick-template-2x\jetbrick-template\src\main\java\jetbrick\template\runtime\writer\JetWriterPrinter.java,101
JDK:java.base:N/A:N/A,FieldAccessExpr,java.lang.Boolean,TRUE,C:\Users\tyin363\Documents\repos\subchen__jetbrick-template-2x\jetbrick-template\src\main\java\jetbrick\template\parser\ast\ALU.java,449
CLIENT:client-code:N/A:N/A,ClassOrInterfaceType,jetbrick.template.parser.ast.AstStatementList,AstStatementList,C:\Users\tyin363\Documents\repos\subchen__jetbrick-template-2x\jetbrick-template\src\main\java\jetbrick\template\parser\ast\AstDirectiveMacro.java,32
CLIENT:client-code:N/A:N/A,MethodCallExpr,jetbrick.template.parser.ParserContext,getDeclaredMacros,C:\Users\tyin363\Documents\repos\subchen__jetbrick-template-2x\jetbrick-template\src\main\java\jetbrick\template\JetTemplateImpl.java,122
CLIENT:client-code:N/A:N/A,MethodCallExpr,jetbrick.template.JetConfig,isIoSkiperrors,C:\Users\tyin363\Documents\repos\subchen__jetbrick-template-2x\jetbrick-template\src\main\java\jetbrick\template\JetTemplateImpl.java,140
CLIENT:client-code:N/A:N/A,NameExpr,jetbrick.template.runtime.JetTagContext,statements,C:\Users\tyin363\Documents\repos\subchen__jetbrick-template-2x\jetbrick-template\src\main\java\jetbrick\template\runtime\JetTagContext.java,62
JDK:java.base:N/A:N/A,ClassOrInterfaceType,java.util.List,List,C:\Users\tyin363\Documents\repos\subchen__jetbrick-template-2x\jetbrick-template\src\main\java\jetbrick\template\resolver\tag\TagInvokerResolver.java,88
CLIENT:client-code:N/A:N/A,ClassOrInterfaceType,jetbrick.template.JetTemplate,JetTemplate,C:\Users\tyin363\Documents\repos\subchen__jetbrick-template-2x\jetbrick-template\src\main\java\jetbrick\template\JetEngineImpl.java,91
JDK:java.base:N/A:N/A,ClassOrInterfaceType,java.lang.Double,Double,C:\Users\tyin363\Documents\repos\subchen__jetbrick-template-2x\jetbrick-template\src\main\java\jetbrick\template\runtime\buildin\JetMethods.java,89
CLIENT:client-code:N/A:N/A,ClassOrInterfaceType,jetbrick.template.resolver.GlobalResolver,GlobalResolver,C:\Users\tyin363\Documents\repos\subchen__jetbrick-template-2x\jetbrick-template\src\main\java\jetbrick\template\runtime\InterpretContextImpl.java,32
CLIENT:client-code:N/A:N/A,ClassOrInterfaceType,jetbrick.template.runtime.JetForIterator,JetForIterator,C:\Users\tyin363\Documents\repos\subchen__jetbrick-template-2x\jetbrick-template\src\main\java\jetbrick\template\JetEngineImpl.java,199
CLIENT:client-code:N/A:N/A,ClassOrInterfaceType,jetbrick.template.JetTemplateImpl,JetTemplateImpl,C:\Users\tyin363\Documents\repos\subchen__jetbrick-template-2x\jetbrick-template\src\main\java\jetbrick\template\JetTemplateImpl.java,40
CLIENT:client-code:N/A:N/A,NameExpr,jetbrick.template.parser.ast.ALU,BYTE,C:\Users\tyin363\Documents\repos\subchen__jetbrick-template-2x\jetbrick-template\src\main\java\jetbrick\template\parser\ast\ALU.java,56
JDK:java.base:N/A:N/A,MethodCallExpr,java.lang.StringBuilder,append,C:\Users\tyin363\Documents\repos\subchen__jetbrick-template-2x\jetbrick-template\src\main\java\jetbrick\template\resolver\SignatureUtils.java,29
CLIENT:client-code:N/A:N/A,NameExpr,jetbrick.template.parser.ast.AstInvokeFieldStatic,name,C:\Users\tyin363\Documents\repos\subchen__jetbrick-template-2x\jetbrick-template\src\main\java\jetbrick\template\parser\ast\AstInvokeFieldStatic.java,53
JDK:java.base:N/A:N/A,MethodCallExpr,java.util.List,get,C:\Users\tyin363\Documents\repos\subchen__jetbrick-template-2x\jetbrick-template\src\main\java\jetbrick\template\parser\AstCodeVisitor.java,375
JDK:java.base:N/A:N/A,ClassOrInterfaceType,java.io.OutputStream,OutputStream,C:\Users\tyin363\Documents\repos\subchen__jetbrick-template-2x\jetbrick-template\src\main\java\jetbrick\template\runtime\JetWriter.java,69
JDK:java.base:N/A:N/A,ClassOrInterfaceType,java.io.IOException,IOException,C:\Users\tyin363\Documents\repos\subchen__jetbrick-template-2x\jetbrick-template\src\main\java\jetbrick\template\runtime\writer\JetWriterPrinterEx.java,57
com.github.subchen:jetbrick-commons:jar:2.1.9,MethodCallExpr,jetbrick.util.JSONUtils,toJSONString,C:\Users\tyin363\Documents\repos\subchen__jetbrick-template-2x\jetbrick-template\src\main\java\jetbrick\template\runtime\buildin\JetMethods.java,135
JDK:java.base:N/A:N/A,ClassOrInterfaceType,java.math.BigInteger,BigInteger,C:\Users\tyin363\Documents\repos\subchen__jetbrick-template-2x\jetbrick-template\src\main\java\jetbrick\template\runtime\buildin\JetMethods.java,228
JDK:java.base:N/A:N/A,FieldAccessExpr,java.lang.Boolean,FALSE,C:\Users\tyin363\Documents\repos\subchen__jetbrick-template-2x\jetbrick-template\src\main\java\jetbrick\template\parser\ast\AstOperatorEquals.java,56
CLIENT:client-code:N/A:N/A,MethodCallExpr,jetbrick.template.parser.ast.AstExpression,getPosition,C:\Users\tyin363\Documents\repos\subchen__jetbrick-template-2x\jetbrick-template\src\main\java\jetbrick\template\parser\ast\AstInvokeIndexGet.java,50
CLIENT:client-code:N/A:N/A,ClassOrInterfaceType,jetbrick.template.parser.ast.Position,Position,C:\Users\tyin363\Documents\repos\subchen__jetbrick-template-2x\jetbrick-template\src\main\java\jetbrick\template\parser\AstBuilder.java,76
CLIENT:client-code:N/A:N/A,MethodCallExpr,jetbrick.template.runtime.InterpretContext,setSignal,C:\Users\tyin363\Documents\repos\subchen__jetbrick-template-2x\jetbrick-template\src\main\java\jetbrick\template\parser\ast\AstDirectiveStop.java,38
CLIENT:client-code:N/A:N/A,ClassOrInterfaceType,jetbrick.template.parser.ast.AstNode,AstNode,C:\Users\tyin363\Documents\repos\subchen__jetbrick-template-2x\jetbrick-template\src\main\java\jetbrick\template\parser\ast\AstType.java,22
JDK:java.base:N/A:N/A,ClassOrInterfaceType,java.util.List,List,C:\Users\tyin363\Documents\repos\subchen__jetbrick-template-2x\jetbrick-template\src\main\java\jetbrick\template\parser\AstCodeVisitor.java,349
JDK:java.base:N/A:N/A,ClassOrInterfaceType,java.lang.Class,Class,C:\Users\tyin363\Documents\repos\subchen__jetbrick-template-2x\jetbrick-template\src\main\java\jetbrick\template\resolver\method\ExtensionMethodInvoker.java,39
JDK:java.base:N/A:N/A,ObjectCreationExpr,java.lang.StringBuilder,StringBuilder,C:\Users\tyin363\Documents\repos\subchen__jetbrick-template-2x\jetbrick-template\src\main\java\jetbrick\template\resolver\SignatureUtils.java,71
CLIENT:client-code:N/A:N/A,NameExpr,jetbrick.template.runtime.writer.JetOutputStreamPrinter,os,C:\Users\tyin363\Documents\repos\subchen__jetbrick-template-2x\jetbrick-template\src\main\java\jetbrick\template\runtime\writer\JetOutputStreamPrinter.java,77
JDK:java.base:N/A:N/A,MethodCallExpr,java.lang.String,charAt,C:\Users\tyin363\Documents\repos\subchen__jetbrick-template-2x\jetbrick-template\src\main\java\jetbrick\template\parser\AstCodeVisitor.java,737
CLIENT:client-code:N/A:N/A,NameExpr,jetbrick.template.runtime.ValueStack,index,C:\Users\tyin363\Documents\repos\subchen__jetbrick-template-2x\jetbrick-template\src\main\java\jetbrick\template\runtime\ValueStack.java,64
JDK:java.base:N/A:N/A,ClassOrInterfaceType,java.lang.UnsupportedOperationException,UnsupportedOperationException,C:\Users\tyin363\Documents\repos\subchen__jetbrick-template-2x\jetbrick-template\src\main\java\jetbrick\template\parser\ast\AstOperatorEquals.java,65
CLIENT:client-code:N/A:N/A,ClassOrInterfaceType,jetbrick.template.parser.ast.AstNode,AstNode,C:\Users\tyin363\Documents\repos\subchen__jetbrick-template-2x\jetbrick-template\src\main\java\jetbrick\template\parser\AstCodeVisitor.java,348
JDK:java.base:N/A:N/A,MethodCallExpr,java.lang.StringBuilder,append,C:\Users\tyin363\Documents\repos\subchen__jetbrick-template-2x\jetbrick-template\src\main\java\jetbrick\template\resolver\SignatureUtils.java,30
JDK:java.base:N/A:N/A,MethodCallExpr,java.lang.Integer,valueOf,C:\Users\tyin363\Documents\repos\subchen__jetbrick-template-2x\jetbrick-template\src\main\java\jetbrick\template\parser\ast\ALU.java,363
CLIENT:client-code:N/A:N/A,ClassOrInterfaceType,jetbrick.template.JetTemplate,JetTemplate,C:\Users\tyin363\Documents\repos\subchen__jetbrick-template-2x\jetbrick-template\src\main\java\jetbrick\template\JetEngineImpl.java,90
CLIENT:client-code:N/A:N/A,NameExpr,jetbrick.template.parser.ast.AstInvokeFieldStatic,name,C:\Users\tyin363\Documents\repos\subchen__jetbrick-template-2x\jetbrick-template\src\main\java\jetbrick\template\parser\ast\AstInvokeFieldStatic.java,51
CLIENT:client-code:N/A:N/A,ClassOrInterfaceType,jetbrick.template.runtime.InterpretException,InterpretException,C:\Users\tyin363\Documents\repos\subchen__jetbrick-template-2x\jetbrick-template\src\main\java\jetbrick\template\parser\ast\AstInvokeIndexGet.java,42
JDK:java.base:N/A:N/A,ClassOrInterfaceType,java.util.Map,Map,C:\Users\tyin363\Documents\repos\subchen__jetbrick-template-2x\jetbrick-template\src\main\java\jetbrick\template\JetTemplateMacro.java,56
JDK:java.base:N/A:N/A,ClassOrInterfaceType,java.lang.Number,Number,C:\Users\tyin363\Documents\repos\subchen__jetbrick-template-2x\jetbrick-template\src\main\java\jetbrick\template\runtime\buildin\JetMethods.java,84
CLIENT:client-code:N/A:N/A,FieldAccessExpr,jetbrick.template.parser.ast.AstDirectiveTag,name,C:\Users\tyin363\Documents\repos\subchen__jetbrick-template-2x\jetbrick-template\src\main\java\jetbrick\template\parser\ast\AstDirectiveTag.java,37
CLIENT:client-code:N/A:N/A,NameExpr,jetbrick.template.parser.ast.AstExpression,position,C:\Users\tyin363\Documents\repos\subchen__jetbrick-template-2x\jetbrick-template\src\main\java\jetbrick\template\parser\ast\AstInvokeFunction.java,78
CLIENT:client-code:N/A:N/A,ClassOrInterfaceType,jetbrick.template.parser.ast.Position,Position,C:\Users\tyin363\Documents\repos\subchen__jetbrick-template-2x\jetbrick-template\src\main\java\jetbrick\template\parser\ast\AstOperatorBinary.java,48
JDK:java.base:N/A:N/A,ClassOrInterfaceType,java.lang.Object,Object,C:\Users\tyin363\Documents\repos\subchen__jetbrick-template-2x\jetbrick-template\src\main\java\jetbrick\template\resolver\ParameterUtils.java,83
CLIENT:client-code:N/A:N/A,FieldAccessExpr,jetbrick.template.Errors,OPERATION_BINARY_UNDEFINED,C:\Users\tyin363\Documents\repos\subchen__jetbrick-template-2x\jetbrick-template\src\main\java\jetbrick\template\parser\ast\ALU.java,341
CLIENT:client-code:N/A:N/A,NameExpr,jetbrick.template.JetConfig,inputEncoding,C:\Users\tyin363\Documents\repos\subchen__jetbrick-template-2x\jetbrick-template\src\main\java\jetbrick\template\JetConfig.java,115
JDK:java.base:N/A:N/A,ObjectCreationExpr,java.lang.UnsupportedOperationException,UnsupportedOperationException,C:\Users\tyin363\Documents\repos\subchen__jetbrick-template-2x\jetbrick-template\src\main\java\jetbrick\template\parser\ast\AstOperatorUnary.java,69
JDK:java.base:N/A:N/A,ClassOrInterfaceType,java.lang.Object,Object,C:\Users\tyin363\Documents\repos\subchen__jetbrick-template-2x\jetbrick-template\src\main\java\jetbrick\template\parser\ast\ALU.java,514
CLIENT:client-code:N/A:N/A,FieldAccessExpr,jetbrick.template.parser.Symbols,FOR,C:\Users\tyin363\Documents\repos\subchen__jetbrick-template-2x\jetbrick-template\src\main\java\jetbrick\template\JetEngineImpl.java,199
JDK:java.base:N/A:N/A,FieldAccessExpr,java.lang.Boolean,TRUE,C:\Users\tyin363\Documents\repos\subchen__jetbrick-template-2x\jetbrick-template\src\main\java\jetbrick\template\parser\ast\ALU.java,447
JDK:java.base:N/A:N/A,ClassOrInterfaceType,java.lang.String,String,C:\Users\tyin363\Documents\repos\subchen__jetbrick-template-2x\jetbrick-template\src\main\java\jetbrick\template\loader\AbstractResourceLoader.java,45
CLIENT:client-code:N/A:N/A,ClassOrInterfaceType,jetbrick.template.resolver.property.Getter,Getter,C:\Users\tyin363\Documents\repos\subchen__jetbrick-template-2x\jetbrick-template\src\main\java\jetbrick\template\resolver\property\DefaultGetterResolver.java,69
CLIENT:client-code:N/A:N/A,ClassOrInterfaceType,jetbrick.template.runtime.InterpretContext,InterpretContext,C:\Users\tyin363\Documents\repos\subchen__jetbrick-template-2x\jetbrick-template\src\main\java\jetbrick\template\parser\ast\AstValue.java,35
com.github.subchen:jetbrick-commons:jar:2.1.9,MethodCallExpr,jetbrick.util.StringEscapeUtils,escapeUrl,C:\Users\tyin363\Documents\repos\subchen__jetbrick-template-2x\jetbrick-template\src\main\java\jetbrick\template\runtime\buildin\JetMethods.java,287
CLIENT:client-code:N/A:N/A,ClassOrInterfaceType,jetbrick.template.JetConfig,JetConfig,C:\Users\tyin363\Documents\repos\subchen__jetbrick-template-2x\jetbrick-template\src\main\java\jetbrick\template\JetEngineImpl.java,70
CLIENT:client-code:N/A:N/A,MethodCallExpr,jetbrick.template.parser.ast.AstExpression,getPosition,C:\Users\tyin363\Documents\repos\subchen__jetbrick-template-2x\jetbrick-template\src\main\java\jetbrick\template\parser\ast\AstInvokeIndexGet.java,48
CLIENT:client-code:N/A:N/A,NameExpr,jetbrick.template.parser.ast.AstDirectiveFor,identifier,C:\Users\tyin363\Documents\repos\subchen__jetbrick-template-2x\jetbrick-template\src\main\java\jetbrick\template\parser\ast\AstDirectiveFor.java,50
CLIENT:client-code:N/A:N/A,FieldAccessExpr,jetbrick.template.resolver.tag.TagInvoker,length,C:\Users\tyin363\Documents\repos\subchen__jetbrick-template-2x\jetbrick-template\src\main\java\jetbrick\template\resolver\tag\TagInvoker.java,33
CLIENT:client-code:N/A:N/A,FieldAccessExpr,jetbrick.template.runtime.InterpretContextImpl,signal,C:\Users\tyin363\Documents\repos\subchen__jetbrick-template-2x\jetbrick-template\src\main\java\jetbrick\template\runtime\InterpretContextImpl.java,47
JDK:java.base:N/A:N/A,ClassOrInterfaceType,java.lang.IllegalStateException,IllegalStateException,C:\Users\tyin363\Documents\repos\subchen__jetbrick-template-2x\jetbrick-template\src\main\java\jetbrick\template\parser\ast\ALU.java,270
CLIENT:client-code:N/A:N/A,NameExpr,jetbrick.template.parser.AstCodeVisitor,parseCtx,C:\Users\tyin363\Documents\repos\subchen__jetbrick-template-2x\jetbrick-template\src\main\java\jetbrick\template\parser\AstCodeVisitor.java,309
CLIENT:client-code:N/A:N/A,ClassOrInterfaceType,jetbrick.template.resolver.property.GetterResolver,GetterResolver,C:\Users\tyin363\Documents\repos\subchen__jetbrick-template-2x\jetbrick-template\src\main\java\jetbrick\template\resolver\property\DefaultGetterResolver.java,31
JDK:java.base:N/A:N/A,ClassOrInterfaceType,java.io.IOException,IOException,C:\Users\tyin363\Documents\repos\subchen__jetbrick-template-2x\jetbrick-template\src\main\java\jetbrick\template\runtime\writer\JetOutputStreamPrinter.java,159
com.github.subchen:jetbrick-commons:jar:2.1.9,ClassOrInterfaceType,jetbrick.bean.KlassInfo,KlassInfo,C:\Users\tyin363\Documents\repos\subchen__jetbrick-template-2x\jetbrick-template\src\main\java\jetbrick\template\resolver\property\DefaultGetterResolver.java,75
JDK:java.base:N/A:N/A,MethodCallExpr,java.util.List,get,C:\Users\tyin363\Documents\repos\subchen__jetbrick-template-2x\jetbrick-template\src\main\java\jetbrick\template\parser\AstCodeVisitor.java,376
JDK:java.base:N/A:N/A,ClassOrInterfaceType,java.lang.Class,Class,C:\Users\tyin363\Documents\repos\subchen__jetbrick-template-2x\jetbrick-template\src\main\java\jetbrick\template\parser\ParserContext.java,165
JDK:java.base:N/A:N/A,ClassOrInterfaceType,java.io.IOException,IOException,C:\Users\tyin363\Documents\repos\subchen__jetbrick-template-2x\jetbrick-template\src\main\java\jetbrick\template\runtime\writer\JetWriterPrinterEx.java,62
CLIENT:client-code:N/A:N/A,NameExpr,jetbrick.template.parser.ast.AstOperatorBinary,lhs,C:\Users\tyin363\Documents\repos\subchen__jetbrick-template-2x\jetbrick-template\src\main\java\jetbrick\template\parser\ast\AstOperatorBinary.java,63
JDK:java.base:N/A:N/A,MethodCallExpr,java.util.Map,get,C:\Users\tyin363\Documents\repos\subchen__jetbrick-template-2x\jetbrick-template\src\main\java\jetbrick\template\resolver\function\FunctionInvokerResolver.java,116
JDK:java.base:N/A:N/A,MethodCallExpr,java.lang.Class,isAssignableFrom,C:\Users\tyin363\Documents\repos\subchen__jetbrick-template-2x\jetbrick-template\src\main\java\jetbrick\template\parser\ast\ALU.java,424
JDK:java.base:N/A:N/A,ClassOrInterfaceType,java.security.AccessControlException,AccessControlException,C:\Users\tyin363\Documents\repos\subchen__jetbrick-template-2x\jetbrick-template\src\main\java\jetbrick\template\JetSecurityManager.java,38
CLIENT:client-code:N/A:N/A,MethodCallExpr,jetbrick.template.parser.ast.ALU,getNumberType,C:\Users\tyin363\Documents\repos\subchen__jetbrick-template-2x\jetbrick-template\src\main\java\jetbrick\template\parser\ast\ALU.java,470
CLIENT:client-code:N/A:N/A,ClassOrInterfaceType,jetbrick.template.parser.ast.AstConstantMapEntry,AstConstantMapEntry,C:\Users\tyin363\Documents\repos\subchen__jetbrick-template-2x\jetbrick-template\src\main\java\jetbrick\template\parser\AstCodeVisitor.java,528
JDK:java.base:N/A:N/A,ClassOrInterfaceType,java.lang.Class,Class,C:\Users\tyin363\Documents\repos\subchen__jetbrick-template-2x\jetbrick-template\src\main\java\jetbrick\template\resolver\method\ExtensionMethodInvoker.java,32
CLIENT:client-code:N/A:N/A,ClassOrInterfaceType,jetbrick.template.parser.ast.Position,Position,C:\Users\tyin363\Documents\repos\subchen__jetbrick-template-2x\jetbrick-template\src\main\java\jetbrick\template\parser\ast\AstInvokeField.java,36
CLIENT:client-code:N/A:N/A,ObjectCreationExpr,jetbrick.template.parser.ast.AstDirectiveTag,AstDirectiveTag,C:\Users\tyin363\Documents\repos\subchen__jetbrick-template-2x\jetbrick-template\src\main\java\jetbrick\template\parser\AstCodeVisitor.java,403
CLIENT:client-code:N/A:N/A,ClassOrInterfaceType,jetbrick.template.parser.ast.AstValue,AstValue,C:\Users\tyin363\Documents\repos\subchen__jetbrick-template-2x\jetbrick-template\src\main\java\jetbrick\template\parser\AstCodeVisitor.java,145
org.antlr:antlr4-runtime:jar:4.10.1,MethodCallExpr,org.antlr.v4.runtime.Token,getLine,C:\Users\tyin363\Documents\repos\subchen__jetbrick-template-2x\jetbrick-template\src\main\java\jetbrick\template\parser\AstCodeVisitor.java,396
JDK:java.base:N/A:N/A,ClassOrInterfaceType,java.lang.Short,Short,C:\Users\tyin363\Documents\repos\subchen__jetbrick-template-2x\jetbrick-template\src\main\java\jetbrick\template\parser\ast\ALU.java,336
CLIENT:client-code:N/A:N/A,NameExpr,jetbrick.template.runtime.ValueStack,index,C:\Users\tyin363\Documents\repos\subchen__jetbrick-template-2x\jetbrick-template\src\main\java\jetbrick\template\runtime\ValueStack.java,59
CLIENT:client-code:N/A:N/A,ClassOrInterfaceType,jetbrick.template.parser.ast.AstNode,AstNode,C:\Users\tyin363\Documents\repos\subchen__jetbrick-template-2x\jetbrick-template\src\main\java\jetbrick\template\parser\AstCodeVisitor.java,615
JDK:java.base:N/A:N/A,FieldAccessExpr,java.lang.Boolean,TRUE,C:\Users\tyin363\Documents\repos\subchen__jetbrick-template-2x\jetbrick-template\src\main\java\jetbrick\template\parser\ast\ALU.java,445
JDK:java.base:N/A:N/A,MethodCallExpr,java.lang.String,length,C:\Users\tyin363\Documents\repos\subchen__jetbrick-template-2x\jetbrick-template\src\main\java\jetbrick\template\parser\ast\AstText.java,127
org.antlr:antlr4-runtime:jar:4.10.1,MethodCallExpr,org.antlr.v4.runtime.tree.TerminalNode,getSymbol,C:\Users\tyin363\Documents\repos\subchen__jetbrick-template-2x\jetbrick-template\src\main\java\jetbrick\template\parser\AstCodeVisitor.java,535
CLIENT:client-code:N/A:N/A,NameExpr,jetbrick.template.JetSecurityManagerImpl,disallowStaticMethod,C:\Users\tyin363\Documents\repos\subchen__jetbrick-template-2x\jetbrick-template\src\main\java\jetbrick\template\JetSecurityManagerImpl.java,44
CLIENT:client-code:N/A:N/A,FieldAccessExpr,jetbrick.template.parser.ast.AstValueEscaped,expression,C:\Users\tyin363\Documents\repos\subchen__jetbrick-template-2x\jetbrick-template\src\main\java\jetbrick\template\parser\ast\AstValueEscaped.java,32
JDK:java.base:N/A:N/A,MethodCallExpr,java.lang.String,substring,C:\Users\tyin363\Documents\repos\subchen__jetbrick-template-2x\jetbrick-template\src\main\java\jetbrick\template\runtime\buildin\JetMethods.java,207
CLIENT:client-code:N/A:N/A,FieldAccessExpr,jetbrick.template.parser.ast.AstValue,expression,C:\Users\tyin363\Documents\repos\subchen__jetbrick-template-2x\jetbrick-template\src\main\java\jetbrick\template\parser\ast\AstValue.java,31
JDK:java.base:N/A:N/A,MethodCallExpr,java.lang.StringBuilder,append,C:\Users\tyin363\Documents\repos\subchen__jetbrick-template-2x\jetbrick-template\src\main\java\jetbrick\template\resolver\SignatureUtils.java,33
CLIENT:client-code:N/A:N/A,ClassOrInterfaceType,jetbrick.template.resolver.method.MethodInvokerResolver,MethodInvokerResolver,C:\Users\tyin363\Documents\repos\subchen__jetbrick-template-2x\jetbrick-template\src\main\java\jetbrick\template\resolver\GlobalResolver.java,47
org.antlr:antlr4-runtime:jar:4.10.1,ObjectCreationExpr,org.antlr.v4.runtime.ANTLRInputStream,ANTLRInputStream,C:\Users\tyin363\Documents\repos\subchen__jetbrick-template-2x\jetbrick-template\src\main\java\jetbrick\template\parser\AstBuilder.java,35
JDK:java.base:N/A:N/A,MethodCallExpr,java.lang.Class,isPrimitive,C:\Users\tyin363\Documents\repos\subchen__jetbrick-template-2x\jetbrick-template\src\main\java\jetbrick\template\parser\ast\AstInvokeIndexGet.java,66
JDK:java.base:N/A:N/A,ClassOrInterfaceType,java.lang.Byte,Byte,C:\Users\tyin363\Documents\repos\subchen__jetbrick-template-2x\jetbrick-template\src\main\java\jetbrick\template\parser\ast\ALU.java,284
CLIENT:client-code:N/A:N/A,MethodCallExpr,jetbrick.template.parser.ast.AstDirectiveTag,doInvoke,C:\Users\tyin363\Documents\repos\subchen__jetbrick-template-2x\jetbrick-template\src\main\java\jetbrick\template\parser\ast\AstDirectiveTag.java,76
JDK:java.base:N/A:N/A,MethodCallExpr,java.lang.Class,getName,C:\Users\tyin363\Documents\repos\subchen__jetbrick-template-2x\jetbrick-template\src\main\java\jetbrick\template\resolver\tag\TagInvokerResolver.java,82
JDK:java.base:N/A:N/A,ClassOrInterfaceType,java.io.IOException,IOException,C:\Users\tyin363\Documents\repos\subchen__jetbrick-template-2x\jetbrick-template\src\main\java\jetbrick\template\runtime\writer\JetOutputStreamPrinterEx.java,90
CLIENT:client-code:N/A:N/A,MethodCallExpr,jetbrick.template.parser.ParserContext,isTrimDirectiveWhitespaces,C:\Users\tyin363\Documents\repos\subchen__jetbrick-template-2x\jetbrick-template\src\main\java\jetbrick\template\parser\ast\AstStatementList.java,121
CLIENT:client-code:N/A:N/A,ObjectCreationExpr,jetbrick.template.parser.ast.AstDirectiveNoop,AstDirectiveNoop,C:\Users\tyin363\Documents\repos\subchen__jetbrick-template-2x\jetbrick-template\src\main\java\jetbrick\template\parser\ast\AstDirectiveNoop.java,28
CLIENT:client-code:N/A:N/A,ObjectCreationExpr,jetbrick.template.JetConfig,JetConfig,C:\Users\tyin363\Documents\repos\subchen__jetbrick-template-2x\jetbrick-template\src\main\java\jetbrick\template\JetEngine.java,64
CLIENT:client-code:N/A:N/A,NameExpr,jetbrick.template.runtime.ValueStack,index,C:\Users\tyin363\Documents\repos\subchen__jetbrick-template-2x\jetbrick-template\src\main\java\jetbrick\template\runtime\ValueStack.java,60
JDK:java.base:N/A:N/A,MethodCallExpr,java.lang.String,length,C:\Users\tyin363\Documents\repos\subchen__jetbrick-template-2x\jetbrick-template\src\main\java\jetbrick\template\parser\ast\AstText.java,126
CLIENT:client-code:N/A:N/A,MethodCallExpr,jetbrick.template.runtime.JetForIterator,getIndex,C:\Users\tyin363\Documents\repos\subchen__jetbrick-template-2x\jetbrick-template\src\main\java\jetbrick\template\parser\ast\AstDirectiveFor.java,60
CLIENT:client-code:N/A:N/A,ClassOrInterfaceType,jetbrick.template.resolver.property.GetterResolver,GetterResolver,C:\Users\tyin363\Documents\repos\subchen__jetbrick-template-2x\jetbrick-template\src\main\java\jetbrick\template\resolver\property\DefaultGetterResolver.java,33
CLIENT:client-code:N/A:N/A,MethodCallExpr,jetbrick.template.JetTemplate,getSecurityManager,C:\Users\tyin363\Documents\repos\subchen__jetbrick-template-2x\jetbrick-template\src\main\java\jetbrick\template\runtime\InterpretContextImpl.java,155
CLIENT:client-code:N/A:N/A,MethodCallExpr,jetbrick.template.Errors,format,C:\Users\tyin363\Documents\repos\subchen__jetbrick-template-2x\jetbrick-template\src\main\java\jetbrick\template\parser\ast\ALU.java,111
JDK:java.base:N/A:N/A,ClassOrInterfaceType,java.lang.String,String,C:\Users\tyin363\Documents\repos\subchen__jetbrick-template-2x\jetbrick-template\src\main\java\jetbrick\template\Errors.java,118
CLIENT:client-code:N/A:N/A,MethodCallExpr,jetbrick.template.resolver.GlobalResolver,registerMethods,C:\Users\tyin363\Documents\repos\subchen__jetbrick-template-2x\jetbrick-template\src\main\java\jetbrick\template\JetEngineImpl.java,172
JDK:java.base:N/A:N/A,FieldAccessExpr,java.lang.Boolean,FALSE,C:\Users\tyin363\Documents\repos\subchen__jetbrick-template-2x\jetbrick-template\src\main\java\jetbrick\template\parser\ast\AstOperatorEquals.java,59
JDK:java.base:N/A:N/A,MethodCallExpr,java.lang.Long,valueOf,C:\Users\tyin363\Documents\repos\subchen__jetbrick-template-2x\jetbrick-template\src\main\java\jetbrick\template\parser\ast\ALU.java,229
JDK:java.base:N/A:N/A,ClassOrInterfaceType,java.util.ArrayList,ArrayList,C:\Users\tyin363\Documents\repos\subchen__jetbrick-template-2x\jetbrick-template\src\main\java\jetbrick\template\runtime\JetForIterator.java,61
CLIENT:client-code:N/A:N/A,FieldAccessExpr,jetbrick.template.resolver.method.ExtensionMethodInvoker,varArgsClass,C:\Users\tyin363\Documents\repos\subchen__jetbrick-template-2x\jetbrick-template\src\main\java\jetbrick\template\resolver\method\ExtensionMethodInvoker.java,40
JDK:java.base:N/A:N/A,MethodCallExpr,java.lang.Integer,valueOf,C:\Users\tyin363\Documents\repos\subchen__jetbrick-template-2x\jetbrick-template\src\main\java\jetbrick\template\parser\ast\ALU.java,102
com.github.subchen:jetbrick-commons:jar:2.1.9,MethodCallExpr,jetbrick.bean.KlassInfo,create,C:\Users\tyin363\Documents\repos\subchen__jetbrick-template-2x\jetbrick-template\src\main\java\jetbrick\template\resolver\method\MethodInvokerResolver.java,120
JDK:java.base:N/A:N/A,FieldAccessExpr,java.lang.Void,TYPE,C:\Users\tyin363\Documents\repos\subchen__jetbrick-template-2x\jetbrick-template\src\main\java\jetbrick\template\resolver\method\ClassBuildinMethodInvoker.java,59
CLIENT:client-code:N/A:N/A,ObjectCreationExpr,jetbrick.template.runtime.InterpretException,InterpretException,C:\Users\tyin363\Documents\repos\subchen__jetbrick-template-2x\jetbrick-template\src\main\java\jetbrick\template\parser\ast\AstDirectiveSet.java,41
CLIENT:client-code:N/A:N/A,MethodCallExpr,jetbrick.template.runtime.InterpretContext,setSignal,C:\Users\tyin363\Documents\repos\subchen__jetbrick-template-2x\jetbrick-template\src\main\java\jetbrick\template\parser\ast\AstDirectiveStop.java,41
CLIENT:client-code:N/A:N/A,ClassOrInterfaceType,jetbrick.template.JetEngineImpl,JetEngineImpl,C:\Users\tyin363\Documents\repos\subchen__jetbrick-template-2x\jetbrick-template\src\main\java\jetbrick\template\JetEngine.java,64
CLIENT:client-code:N/A:N/A,NameExpr,jetbrick.template.parser.ast.AstText,text,C:\Users\tyin363\Documents\repos\subchen__jetbrick-template-2x\jetbrick-template\src\main\java\jetbrick\template\parser\ast\AstText.java,125
CLIENT:client-code:N/A:N/A,ClassOrInterfaceType,jetbrick.template.resolver.macro.MacroResolver,MacroResolver,C:\Users\tyin363\Documents\repos\subchen__jetbrick-template-2x\jetbrick-template\src\main\java\jetbrick\template\resolver\GlobalResolver.java,58
CLIENT:client-code:N/A:N/A,ObjectCreationExpr,jetbrick.template.runtime.InterpretException,InterpretException,C:\Users\tyin363\Documents\repos\subchen__jetbrick-template-2x\jetbrick-template\src\main\java\jetbrick\template\parser\ast\AstInvokeMethod.java,114
JDK:java.base:N/A:N/A,ClassOrInterfaceType,java.io.Writer,Writer,C:\Users\tyin363\Documents\repos\subchen__jetbrick-template-2x\jetbrick-template\src\main\java\jetbrick\template\runtime\writer\JetWriterPrinterEx.java,28
CLIENT:client-code:N/A:N/A,NameExpr,jetbrick.template.JetConfig,trimDirectiveCommentsSuffix,C:\Users\tyin363\Documents\repos\subchen__jetbrick-template-2x\jetbrick-template\src\main\java\jetbrick\template\JetConfig.java,204
CLIENT:client-code:N/A:N/A,MethodCallExpr,jetbrick.template.JetConfig,isIoSkiperrors,C:\Users\tyin363\Documents\repos\subchen__jetbrick-template-2x\jetbrick-template\src\main\java\jetbrick\template\JetTemplateImpl.java,146
JDK:java.base:N/A:N/A,ClassOrInterfaceType,java.lang.String,String,C:\Users\tyin363\Documents\repos\subchen__jetbrick-template-2x\jetbrick-template\src\main\java\jetbrick\template\JetConfig.java,199
JDK:java.base:N/A:N/A,ClassOrInterfaceType,java.security.AccessControlException,AccessControlException,C:\Users\tyin363\Documents\repos\subchen__jetbrick-template-2x\jetbrick-template\src\main\java\jetbrick\template\JetSecurityManager.java,34
CLIENT:client-code:N/A:N/A,ObjectCreationExpr,jetbrick.template.JetConfig,JetConfig,C:\Users\tyin363\Documents\repos\subchen__jetbrick-template-2x\jetbrick-template\src\main\java\jetbrick\template\JetEngine.java,75
org.antlr:antlr4-runtime:jar:4.10.1,MethodCallExpr,org.antlr.v4.runtime.Token,getLine,C:\Users\tyin363\Documents\repos\subchen__jetbrick-template-2x\jetbrick-template\src\main\java\jetbrick\template\parser\AstCodeVisitor.java,134
JDK:java.base:N/A:N/A,MethodCallExpr,java.lang.String,substring,C:\Users\tyin363\Documents\repos\subchen__jetbrick-template-2x\jetbrick-template\src\main\java\jetbrick\template\resolver\clazz\ClassResolver.java,56
JDK:java.base:N/A:N/A,FieldAccessExpr,java.lang.Boolean,TRUE,C:\Users\tyin363\Documents\repos\subchen__jetbrick-template-2x\jetbrick-template\src\main\java\jetbrick\template\parser\ast\ALU.java,443
CLIENT:client-code:N/A:N/A,ClassOrInterfaceType,jetbrick.template.loader.AbstractResourceLoader,AbstractResourceLoader,C:\Users\tyin363\Documents\repos\subchen__jetbrick-template-2x\jetbrick-template\src\main\java\jetbrick\template\loader\FileSystemResourceLoader.java,27
JDK:java.base:N/A:N/A,ClassOrInterfaceType,java.lang.String,String,C:\Users\tyin363\Documents\repos\subchen__jetbrick-template-2x\jetbrick-template\src\main\java\jetbrick\template\parser\ast\AstInvokeNewObject.java,60
JDK:java.base:N/A:N/A,ClassOrInterfaceType,java.lang.Class,Class,C:\Users\tyin363\Documents\repos\subchen__jetbrick-template-2x\jetbrick-template\src\main\java\jetbrick\template\runtime\ValueContext.java,40
CLIENT:client-code:N/A:N/A,MethodCallExpr,jetbrick.template.runtime.InterpretException,set,C:\Users\tyin363\Documents\repos\subchen__jetbrick-template-2x\jetbrick-template\src\main\java\jetbrick\template\parser\ast\AstDirectiveInclude.java,69
CLIENT:client-code:N/A:N/A,ClassOrInterfaceType,jetbrick.template.parser.ast.AstExpression,AstExpression,C:\Users\tyin363\Documents\repos\subchen__jetbrick-template-2x\jetbrick-template\src\main\java\jetbrick\template\parser\ast\AstTernarySimplifyOperator.java,28
CLIENT:client-code:N/A:N/A,MethodCallExpr,jetbrick.template.parser.ParserContext,defineSymbol,C:\Users\tyin363\Documents\repos\subchen__jetbrick-template-2x\jetbrick-template\src\main\java\jetbrick\template\parser\AstCodeVisitor.java,469
org.antlr:antlr4-runtime:jar:4.10.1,ClassOrInterfaceType,org.antlr.v4.runtime.tree.ParseTree,ParseTree,C:\Users\tyin363\Documents\repos\subchen__jetbrick-template-2x\jetbrick-template\src\main\java\jetbrick\template\parser\AstCodeVisitor.java,814
JDK:java.base:N/A:N/A,ClassOrInterfaceType,java.lang.Class,Class,C:\Users\tyin363\Documents\repos\subchen__jetbrick-template-2x\jetbrick-template\src\main\java\jetbrick\template\resolver\function\ExtensionFunctionInvoker.java,32
CLIENT:client-code:N/A:N/A,FieldAccessExpr,jetbrick.template.parser.ast.AstStatementList,statements,C:\Users\tyin363\Documents\repos\subchen__jetbrick-template-2x\jetbrick-template\src\main\java\jetbrick\template\parser\ast\AstStatementList.java,32
JDK:java.base:N/A:N/A,MethodCallExpr,java.lang.ThreadLocal,get,C:\Users\tyin363\Documents\repos\subchen__jetbrick-template-2x\jetbrick-template\src\main\java\jetbrick\template\runtime\InterpretContext.java,41
org.slf4j:slf4j-api:jar:1.7.7,ClassOrInterfaceType,org.slf4j.Logger,Logger,C:\Users\tyin363\Documents\repos\subchen__jetbrick-template-2x\jetbrick-template\src\main\java\jetbrick\template\JetTemplateImpl.java,40
JDK:java.base:N/A:N/A,ClassOrInterfaceType,java.lang.String,String,C:\Users\tyin363\Documents\repos\subchen__jetbrick-template-2x\jetbrick-template\src\main\java\jetbrick\template\resolver\clazz\ClassResolver.java,37
CLIENT:client-code:N/A:N/A,ClassOrInterfaceType,jetbrick.template.JetEngineImpl,JetEngineImpl,C:\Users\tyin363\Documents\repos\subchen__jetbrick-template-2x\jetbrick-template\src\main\java\jetbrick\template\JetEngine.java,75
CLIENT:client-code:N/A:N/A,MethodCallExpr,jetbrick.template.parser.SyntaxException,set,C:\Users\tyin363\Documents\repos\subchen__jetbrick-template-2x\jetbrick-template\src\main\java\jetbrick\template\parser\AstBuilder.java,77
CLIENT:client-code:N/A:N/A,MethodCallExpr,jetbrick.template.runtime.ValueStack,getValue,C:\Users\tyin363\Documents\repos\subchen__jetbrick-template-2x\jetbrick-template\src\main\java\jetbrick\template\parser\ast\AstIdentifier.java,35
CLIENT:client-code:N/A:N/A,MethodCallExpr,jetbrick.template.resolver.SignatureUtils,getFieldSignature,C:\Users\tyin363\Documents\repos\subchen__jetbrick-template-2x\jetbrick-template\src\main\java\jetbrick\template\parser\ast\AstInvokeFieldStatic.java,53
JDK:java.base:N/A:N/A,FieldAccessExpr,java.lang.Boolean,FALSE,C:\Users\tyin363\Documents\repos\subchen__jetbrick-template-2x\jetbrick-template\src\main\java\jetbrick\template\parser\ast\AstOperatorEquals.java,62
CLIENT:client-code:N/A:N/A,ClassOrInterfaceType,jetbrick.template.parser.ast.Position,Position,C:\Users\tyin363\Documents\repos\subchen__jetbrick-template-2x\jetbrick-template\src\main\java\jetbrick\template\runtime\InterpretException.java,60
CLIENT:client-code:N/A:N/A,ClassOrInterfaceType,jetbrick.template.parser.ast.AstExpression,AstExpression,C:\Users\tyin363\Documents\repos\subchen__jetbrick-template-2x\jetbrick-template\src\main\java\jetbrick\template\parser\ast\AstOperatorBinary.java,43
JDK:java.base:N/A:N/A,ClassOrInterfaceType,java.lang.Class,Class,C:\Users\tyin363\Documents\repos\subchen__jetbrick-template-2x\jetbrick-template\src\main\java\jetbrick\template\resolver\GlobalResolver.java,195
com.github.subchen:jetbrick-commons:jar:2.1.9,ClassOrInterfaceType,jetbrick.bean.MethodInfo,MethodInfo,C:\Users\tyin363\Documents\repos\subchen__jetbrick-template-2x\jetbrick-template\src\main\java\jetbrick\template\resolver\method\MethodInvokerResolver.java,51
JDK:java.base:N/A:N/A,ClassOrInterfaceType,java.lang.String,String,C:\Users\tyin363\Documents\repos\subchen__jetbrick-template-2x\jetbrick-template\src\main\java\jetbrick\template\Errors.java,133
CLIENT:client-code:N/A:N/A,ObjectCreationExpr,jetbrick.template.parser.ParserContext,ParserContext,C:\Users\tyin363\Documents\repos\subchen__jetbrick-template-2x\jetbrick-template\src\main\java\jetbrick\template\JetTemplateImpl.java,103
CLIENT:client-code:N/A:N/A,MethodCallExpr,jetbrick.template.parser.ast.AstStatementList.ListIterator,reset,C:\Users\tyin363\Documents\repos\subchen__jetbrick-template-2x\jetbrick-template\src\main\java\jetbrick\template\parser\ast\AstStatementList.java,130
CLIENT:client-code:N/A:N/A,MethodCallExpr,jetbrick.template.parser.ParserContext,getSymbols,C:\Users\tyin363\Documents\repos\subchen__jetbrick-template-2x\jetbrick-template\src\main\java\jetbrick\template\JetTemplateOption.java,38
JDK:java.base:N/A:N/A,ClassOrInterfaceType,java.lang.String,String,C:\Users\tyin363\Documents\repos\subchen__jetbrick-template-2x\jetbrick-template\src\main\java\jetbrick\template\resolver\clazz\ClassResolver.java,36
JDK:java.base:N/A:N/A,ObjectCreationExpr,java.lang.IllegalStateException,IllegalStateException,C:\Users\tyin363\Documents\repos\subchen__jetbrick-template-2x\jetbrick-template\src\main\java\jetbrick\template\JetGlobalContext.java,53
JDK:java.base:N/A:N/A,ClassOrInterfaceType,java.lang.String,String,C:\Users\tyin363\Documents\repos\subchen__jetbrick-template-2x\jetbrick-template\src\main\java\jetbrick\template\loader\AbstractResourceLoader.java,31
CLIENT:client-code:N/A:N/A,NameExpr,jetbrick.template.JetEngineImpl,loaders,C:\Users\tyin363\Documents\repos\subchen__jetbrick-template-2x\jetbrick-template\src\main\java\jetbrick\template\JetEngineImpl.java,153
CLIENT:client-code:N/A:N/A,ClassOrInterfaceType,jetbrick.template.parser.ast.AstExpression,AstExpression,C:\Users\tyin363\Documents\repos\subchen__jetbrick-template-2x\jetbrick-template\src\main\java\jetbrick\template\parser\ast\AstTernarySimplifyOperator.java,25
JDK:java.base:N/A:N/A,MethodCallExpr,java.lang.StringBuilder,append,C:\Users\tyin363\Documents\repos\subchen__jetbrick-template-2x\jetbrick-template\src\main\java\jetbrick\template\resolver\SignatureUtils.java,37
CLIENT:client-code:N/A:N/A,MethodCallExpr,jetbrick.template.runtime.TemplateStack,pop,C:\Users\tyin363\Documents\repos\subchen__jetbrick-template-2x\jetbrick-template\src\main\java\jetbrick\template\runtime\InterpretContextImpl.java,137
CLIENT:client-code:N/A:N/A,NameExpr,jetbrick.template.JetTemplateImpl,config,C:\Users\tyin363\Documents\repos\subchen__jetbrick-template-2x\jetbrick-template\src\main\java\jetbrick\template\JetTemplateImpl.java,97
CLIENT:client-code:N/A:N/A,ClassOrInterfaceType,jetbrick.template.runtime.InterpretContext,InterpretContext,C:\Users\tyin363\Documents\repos\subchen__jetbrick-template-2x\jetbrick-template\src\main\java\jetbrick\template\parser\ast\AstOperatorEquals.java,38
JDK:java.base:N/A:N/A,MethodCallExpr,java.util.Map,get,C:\Users\tyin363\Documents\repos\subchen__jetbrick-template-2x\jetbrick-template\src\main\java\jetbrick\template\JetEngineImpl.java,124
CLIENT:client-code:N/A:N/A,NameExpr,jetbrick.template.parser.ast.AstText,text,C:\Users\tyin363\Documents\repos\subchen__jetbrick-template-2x\jetbrick-template\src\main\java\jetbrick\template\parser\ast\AstText.java,139
JDK:java.base:N/A:N/A,ClassOrInterfaceType,java.util.Map,Map,C:\Users\tyin363\Documents\repos\subchen__jetbrick-template-2x\jetbrick-template\src\main\java\jetbrick\template\runtime\InterpretContextImpl.java,40
CLIENT:client-code:N/A:N/A,NameExpr,jetbrick.template.resolver.GlobalResolver,tagInvokerResolver,C:\Users\tyin363\Documents\repos\subchen__jetbrick-template-2x\jetbrick-template\src\main\java\jetbrick\template\resolver\GlobalResolver.java,217
JDK:java.base:N/A:N/A,ClassOrInterfaceType,java.lang.Class,Class,C:\Users\tyin363\Documents\repos\subchen__jetbrick-template-2x\jetbrick-template\src\main\java\jetbrick\template\runtime\ValueContext.java,38
CLIENT:client-code:N/A:N/A,FieldAccessExpr,jetbrick.template.loader.resource.SourceResource,source,C:\Users\tyin363\Documents\repos\subchen__jetbrick-template-2x\jetbrick-template\src\main\java\jetbrick\template\loader\resource\SourceResource.java,39
JDK:java.base:N/A:N/A,ClassOrInterfaceType,java.lang.String,String,C:\Users\tyin363\Documents\repos\subchen__jetbrick-template-2x\jetbrick-template\src\main\java\jetbrick\template\resolver\SignatureUtils.java,70
CLIENT:client-code:N/A:N/A,ClassOrInterfaceType,jetbrick.template.runtime.InterpretContext,InterpretContext,C:\Users\tyin363\Documents\repos\subchen__jetbrick-template-2x\jetbrick-template\src\main\java\jetbrick\template\parser\ast\AstOperatorInstanceof.java,36
JDK:java.base:N/A:N/A,MethodCallExpr,java.lang.Object,getClass,C:\Users\tyin363\Documents\repos\subchen__jetbrick-template-2x\jetbrick-template\src\main\java\jetbrick\template\parser\ast\ALU.java,275
JDK:java.base:N/A:N/A,MethodCallExpr,java.lang.System,arraycopy,C:\Users\tyin363\Documents\repos\subchen__jetbrick-template-2x\jetbrick-template\src\main\java\jetbrick\template\resolver\method\MethodInvokerResolver.java,139
JDK:java.base:N/A:N/A,ClassOrInterfaceType,java.lang.Number,Number,C:\Users\tyin363\Documents\repos\subchen__jetbrick-template-2x\jetbrick-template\src\main\java\jetbrick\template\runtime\buildin\JetMethods.java,93
JDK:java.base:N/A:N/A,ClassOrInterfaceType,java.io.IOException,IOException,C:\Users\tyin363\Documents\repos\subchen__jetbrick-template-2x\jetbrick-template\src\main\java\jetbrick\template\runtime\writer\JetWriterPrinter.java,78
JDK:java.base:N/A:N/A,ClassOrInterfaceType,java.util.HashMap,HashMap,C:\Users\tyin363\Documents\repos\subchen__jetbrick-template-2x\jetbrick-template\src\main\java\jetbrick\template\runtime\ValueContext.java,88
JDK:java.base:N/A:N/A,MethodCallExpr,java.lang.Number,intValue,C:\Users\tyin363\Documents\repos\subchen__jetbrick-template-2x\jetbrick-template\src\main\java\jetbrick\template\parser\ast\ALU.java,330
JDK:java.base:N/A:N/A,MethodCallExpr,java.lang.Object,toString,C:\Users\tyin363\Documents\repos\subchen__jetbrick-template-2x\jetbrick-template\src\main\java\jetbrick\template\runtime\buildin\JetMethods.java,76
CLIENT:client-code:N/A:N/A,NameExpr,jetbrick.template.runtime.writer.TrimLeadingWhitespacesWriter,first,C:\Users\tyin363\Documents\repos\subchen__jetbrick-template-2x\jetbrick-template\src\main\java\jetbrick\template\runtime\writer\TrimLeadingWhitespacesWriter.java,53
org.antlr:antlr4-runtime:jar:4.10.1,MethodCallExpr,org.antlr.v4.runtime.ParserRuleContext,getParent,C:\Users\tyin363\Documents\repos\subchen__jetbrick-template-2x\jetbrick-template\src\main\java\jetbrick\template\parser\AstCodeVisitor.java,860
CLIENT:client-code:N/A:N/A,NameExpr,jetbrick.template.JetConfig,TRIM_LEADING_WHITESPACES,C:\Users\tyin363\Documents\repos\subchen__jetbrick-template-2x\jetbrick-template\src\main\java\jetbrick\template\JetConfig.java,119
CLIENT:client-code:N/A:N/A,FieldAccessExpr,jetbrick.template.parser.ast.Tokens,AST_BLOCK_TAG,C:\Users\tyin363\Documents\repos\subchen__jetbrick-template-2x\jetbrick-template\src\main\java\jetbrick\template\parser\ast\AstStatementList.java,185
org.slf4j:slf4j-api:jar:1.7.7,MethodCallExpr,org.slf4j.LoggerFactory,getLogger,C:\Users\tyin363\Documents\repos\subchen__jetbrick-template-2x\jetbrick-template\src\main\java\jetbrick\template\resolver\clazz\ClassResolver.java,34
CLIENT:client-code:N/A:N/A,MethodCallExpr,jetbrick.template.JetGlobalContext,set,C:\Users\tyin363\Documents\repos\subchen__jetbrick-template-2x\jetbrick-template\src\main\java\jetbrick\template\JetGlobalContext.java,46
CLIENT:client-code:N/A:N/A,NameExpr,jetbrick.template.parser.ast.ALU,INTEGER,C:\Users\tyin363\Documents\repos\subchen__jetbrick-template-2x\jetbrick-template\src\main\java\jetbrick\template\parser\ast\ALU.java,149
CLIENT:client-code:N/A:N/A,ClassOrInterfaceType,jetbrick.template.parser.ast.AstExpression,AstExpression,C:\Users\tyin363\Documents\repos\subchen__jetbrick-template-2x\jetbrick-template\src\main\java\jetbrick\template\parser\ast\AstTernarySimplifyOperator.java,26
CLIENT:client-code:N/A:N/A,ClassOrInterfaceType,jetbrick.template.parser.ast.AstExpression,AstExpression,C:\Users\tyin363\Documents\repos\subchen__jetbrick-template-2x\jetbrick-template\src\main\java\jetbrick\template\parser\AstCodeVisitor.java,555
CLIENT:client-code:N/A:N/A,NameExpr,jetbrick.template.parser.ast.AstStatementList,statements,C:\Users\tyin363\Documents\repos\subchen__jetbrick-template-2x\jetbrick-template\src\main\java\jetbrick\template\parser\ast\AstStatementList.java,211
CLIENT:client-code:N/A:N/A,MethodCallExpr,jetbrick.template.resolver.property.GetterResolver,resolve,C:\Users\tyin363\Documents\repos\subchen__jetbrick-template-2x\jetbrick-template\src\main\java\jetbrick\template\resolver\property\DefaultGetterResolver.java,97
CLIENT:client-code:N/A:N/A,NameExpr,jetbrick.template.parser.ast.ALU,INTEGER,C:\Users\tyin363\Documents\repos\subchen__jetbrick-template-2x\jetbrick-template\src\main\java\jetbrick\template\parser\ast\ALU.java,413
CLIENT:client-code:N/A:N/A,ClassOrInterfaceType,jetbrick.template.parser.ast.Position,Position,C:\Users\tyin363\Documents\repos\subchen__jetbrick-template-2x\jetbrick-template\src\main\java\jetbrick\template\parser\AstCodeVisitor.java,421
JDK:java.base:N/A:N/A,ClassOrInterfaceType,java.io.IOException,IOException,C:\Users\tyin363\Documents\repos\subchen__jetbrick-template-2x\jetbrick-template\src\main\java\jetbrick\template\runtime\writer\TrimLeadingWhitespacesWriter.java,41
CLIENT:client-code:N/A:N/A,MethodCallExpr,jetbrick.template.runtime.TemplateStack,push,C:\Users\tyin363\Documents\repos\subchen__jetbrick-template-2x\jetbrick-template\src\main\java\jetbrick\template\JetTemplateImpl.java,157
JDK:java.base:N/A:N/A,ObjectCreationExpr,java.lang.IllegalStateException,IllegalStateException,C:\Users\tyin363\Documents\repos\subchen__jetbrick-template-2x\jetbrick-template\src\main\java\jetbrick\template\parser\ast\ALU.java,88
JDK:java.base:N/A:N/A,ClassOrInterfaceType,java.security.AccessControlException,AccessControlException,C:\Users\tyin363\Documents\repos\subchen__jetbrick-template-2x\jetbrick-template\src\main\java\jetbrick\template\JetSecurityManager.java,36
CLIENT:client-code:N/A:N/A,MethodCallExpr,jetbrick.template.runtime.InterpretContext,current,C:\Users\tyin363\Documents\repos\subchen__jetbrick-template-2x\jetbrick-template\src\main\java\jetbrick\template\JetTemplateMacro.java,66
CLIENT:client-code:N/A:N/A,NameExpr,jetbrick.template.runtime.writer.JetWriterPrinter,error,C:\Users\tyin363\Documents\repos\subchen__jetbrick-template-2x\jetbrick-template\src\main\java\jetbrick\template\runtime\writer\JetWriterPrinter.java,107
CLIENT:client-code:N/A:N/A,ClassOrInterfaceType,jetbrick.template.JetTemplate,JetTemplate,C:\Users\tyin363\Documents\repos\subchen__jetbrick-template-2x\jetbrick-template\src\main\java\jetbrick\template\runtime\InterpretContextImpl.java,121
CLIENT:client-code:N/A:N/A,ClassOrInterfaceType,jetbrick.template.parser.ast.Position,Position,C:\Users\tyin363\Documents\repos\subchen__jetbrick-template-2x\jetbrick-template\src\main\java\jetbrick\template\parser\ast\AstDirectiveReturn.java,29
CLIENT:client-code:N/A:N/A,FieldAccessExpr,jetbrick.template.parser.ast.AstDirectiveStop,conditionExpression,C:\Users\tyin363\Documents\repos\subchen__jetbrick-template-2x\jetbrick-template\src\main\java\jetbrick\template\parser\ast\AstDirectiveStop.java,30
CLIENT:client-code:N/A:N/A,ClassOrInterfaceType,jetbrick.template.parser.ast.AstExpression,AstExpression,C:\Users\tyin363\Documents\repos\subchen__jetbrick-template-2x\jetbrick-template\src\main\java\jetbrick\template\parser\AstCodeVisitor.java,556
JDK:java.base:N/A:N/A,MethodCallExpr,java.lang.Float,valueOf,C:\Users\tyin363\Documents\repos\subchen__jetbrick-template-2x\jetbrick-template\src\main\java\jetbrick\template\runtime\buildin\JetMethods.java,86
JDK:java.base:N/A:N/A,MethodCallExpr,java.lang.String,startsWith,C:\Users\tyin363\Documents\repos\subchen__jetbrick-template-2x\jetbrick-template\src\main\java\jetbrick\template\JetEngineImpl.java,120
CLIENT:client-code:N/A:N/A,NameExpr,jetbrick.template.parser.ast.AstText.Jdk6CharArrayEncoder,count,C:\Users\tyin363\Documents\repos\subchen__jetbrick-template-2x\jetbrick-template\src\main\java\jetbrick\template\parser\ast\AstText.java,304
JDK:java.base:N/A:N/A,MethodCallExpr,java.lang.StringBuilder,append,C:\Users\tyin363\Documents\repos\subchen__jetbrick-template-2x\jetbrick-template\src\main\java\jetbrick\template\resolver\SignatureUtils.java,39
JDK:java.base:N/A:N/A,MethodCallExpr,java.lang.String,length,C:\Users\tyin363\Documents\repos\subchen__jetbrick-template-2x\jetbrick-template\src\main\java\jetbrick\template\parser\ast\AstText.java,121
CLIENT:client-code:N/A:N/A,ClassOrInterfaceType,jetbrick.template.resolver.property.GetterResolver,GetterResolver,C:\Users\tyin363\Documents\repos\subchen__jetbrick-template-2x\jetbrick-template\src\main\java\jetbrick\template\resolver\property\DefaultGetterResolver.java,38
CLIENT:client-code:N/A:N/A,ClassOrInterfaceType,jetbrick.template.parser.SyntaxException,SyntaxException,C:\Users\tyin363\Documents\repos\subchen__jetbrick-template-2x\jetbrick-template\src\main\java\jetbrick\template\parser\AstCodeVisitor.java,387
CLIENT:client-code:N/A:N/A,NameExpr,jetbrick.template.parser.ast.AstText,line,C:\Users\tyin363\Documents\repos\subchen__jetbrick-template-2x\jetbrick-template\src\main\java\jetbrick\template\parser\ast\AstText.java,44
CLIENT:client-code:N/A:N/A,ClassOrInterfaceType,jetbrick.template.resolver.macro.MacroResolver,MacroResolver,C:\Users\tyin363\Documents\repos\subchen__jetbrick-template-2x\jetbrick-template\src\main\java\jetbrick\template\resolver\GlobalResolver.java,50
CLIENT:client-code:N/A:N/A,ClassOrInterfaceType,jetbrick.template.parser.ast.AstDirective,AstDirective,C:\Users\tyin363\Documents\repos\subchen__jetbrick-template-2x\jetbrick-template\src\main\java\jetbrick\template\parser\ast\AstDirectiveTag.java,29
CLIENT:client-code:N/A:N/A,NameExpr,jetbrick.template.runtime.writer.TrimLeadingWhitespacesWriter,first,C:\Users\tyin363\Documents\repos\subchen__jetbrick-template-2x\jetbrick-template\src\main\java\jetbrick\template\runtime\writer\TrimLeadingWhitespacesWriter.java,46
CLIENT:client-code:N/A:N/A,ClassOrInterfaceType,jetbrick.template.parser.ast.AstExpression,AstExpression,C:\Users\tyin363\Documents\repos\subchen__jetbrick-template-2x\jetbrick-template\src\main\java\jetbrick\template\parser\ast\AstOperatorBinary.java,46
CLIENT:client-code:N/A:N/A,NameExpr,jetbrick.template.JetConfig,syntaxSafecall,C:\Users\tyin363\Documents\repos\subchen__jetbrick-template-2x\jetbrick-template\src\main\java\jetbrick\template\JetConfig.java,118
JDK:java.base:N/A:N/A,ClassOrInterfaceType,java.lang.Class,Class,C:\Users\tyin363\Documents\repos\subchen__jetbrick-template-2x\jetbrick-template\src\main\java\jetbrick\template\parser\AstCodeVisitor.java,247
JDK:java.base:N/A:N/A,MethodCallExpr,java.lang.String,substring,C:\Users\tyin363\Documents\repos\subchen__jetbrick-template-2x\jetbrick-template\src\main\java\jetbrick\template\runtime\buildin\JetMethods.java,213
CLIENT:client-code:N/A:N/A,MethodCallExpr,jetbrick.template.JetConfig,getImportFunctions,C:\Users\tyin363\Documents\repos\subchen__jetbrick-template-2x\jetbrick-template\src\main\java\jetbrick\template\JetEngineImpl.java,178
CLIENT:client-code:N/A:N/A,MethodCallExpr,jetbrick.template.Errors,typeName,C:\Users\tyin363\Documents\repos\subchen__jetbrick-template-2x\jetbrick-template\src\main\java\jetbrick\template\parser\ast\ALU.java,136
org.slf4j:slf4j-api:jar:1.7.7,MethodCallExpr,org.slf4j.Logger,debug,C:\Users\tyin363\Documents\repos\subchen__jetbrick-template-2x\jetbrick-template\src\main\java\jetbrick\template\resolver\tag\TagInvokerResolver.java,85
CLIENT:client-code:N/A:N/A,MethodCallExpr,jetbrick.template.parser.ast.AstExpressionList,execute,C:\Users\tyin363\Documents\repos\subchen__jetbrick-template-2x\jetbrick-template\src\main\java\jetbrick\template\parser\ast\AstDirectiveTag.java,48
JDK:java.base:N/A:N/A,ClassOrInterfaceType,java.lang.annotation.Annotation,Annotation,C:\Users\tyin363\Documents\repos\subchen__jetbrick-template-2x\jetbrick-template\src\main\java\jetbrick\template\resolver\GlobalResolver.java,82
CLIENT:client-code:N/A:N/A,MethodCallExpr,jetbrick.template.parser.ast.ALU,div,C:\Users\tyin363\Documents\repos\subchen__jetbrick-template-2x\jetbrick-template\src\main\java\jetbrick\template\parser\ast\AstOperatorBinary.java,85
CLIENT:client-code:N/A:N/A,MethodCallExpr,jetbrick.template.runtime.JetWriter,getCharset,C:\Users\tyin363\Documents\repos\subchen__jetbrick-template-2x\jetbrick-template\src\main\java\jetbrick\template\runtime\buildin\JetFunctions.java,119
CLIENT:client-code:N/A:N/A,NameExpr,jetbrick.template.parser.ast.AstInvokeMethod,unsafe,C:\Users\tyin363\Documents\repos\subchen__jetbrick-template-2x\jetbrick-template\src\main\java\jetbrick\template\parser\ast\AstInvokeMethod.java,96
CLIENT:client-code:N/A:N/A,MethodCallExpr,jetbrick.template.runtime.ValueStack,setLocal,C:\Users\tyin363\Documents\repos\subchen__jetbrick-template-2x\jetbrick-template\src\main\java\jetbrick\template\parser\ast\AstDirectiveFor.java,53
CLIENT:client-code:N/A:N/A,ClassOrInterfaceType,jetbrick.template.parser.ast.AstExpression,AstExpression,C:\Users\tyin363\Documents\repos\subchen__jetbrick-template-2x\jetbrick-template\src\main\java\jetbrick\template\parser\ast\AstDirectiveIf.java,25
JDK:java.base:N/A:N/A,ClassOrInterfaceType,java.lang.Class,Class,C:\Users\tyin363\Documents\repos\subchen__jetbrick-template-2x\jetbrick-template\src\main\java\jetbrick\template\parser\ParserContext.java,172
JDK:java.base:N/A:N/A,ClassOrInterfaceType,java.nio.charset.Charset,Charset,C:\Users\tyin363\Documents\repos\subchen__jetbrick-template-2x\jetbrick-template\src\main\java\jetbrick\template\runtime\writer\JetOutputStreamPrinter.java,32
JDK:java.base:N/A:N/A,MethodCallExpr,java.lang.String,substring,C:\Users\tyin363\Documents\repos\subchen__jetbrick-template-2x\jetbrick-template\src\main\java\jetbrick\template\JetSecurityManagerImpl.java,117
JDK:java.base:N/A:N/A,ClassOrInterfaceType,java.lang.String,String,C:\Users\tyin363\Documents\repos\subchen__jetbrick-template-2x\jetbrick-template\src\main\java\jetbrick\template\JetEngineImpl.java,44
JDK:java.base:N/A:N/A,MethodCallExpr,java.lang.Object,getClass,C:\Users\tyin363\Documents\repos\subchen__jetbrick-template-2x\jetbrick-template\src\main\java\jetbrick\template\Errors.java,122
CLIENT:client-code:N/A:N/A,FieldAccessExpr,jetbrick.template.runtime.InterpretContextImpl,globalResolver,C:\Users\tyin363\Documents\repos\subchen__jetbrick-template-2x\jetbrick-template\src\main\java\jetbrick\template\runtime\InterpretContextImpl.java,42
CLIENT:client-code:N/A:N/A,ObjectCreationExpr,jetbrick.template.runtime.writer.TrimLeadingWhitespacesOutputStream,TrimLeadingWhitespacesOutputStream,C:\Users\tyin363\Documents\repos\subchen__jetbrick-template-2x\jetbrick-template\src\main\java\jetbrick\template\runtime\JetWriter.java,53
JDK:java.base:N/A:N/A,ClassOrInterfaceType,java.lang.String,String,C:\Users\tyin363\Documents\repos\subchen__jetbrick-template-2x\jetbrick-template\src\main\java\jetbrick\template\JetEngine.java,74
org.antlr:antlr4-runtime:jar:4.10.1,MethodCallExpr,org.antlr.v4.runtime.ParserRuleContext,getParent,C:\Users\tyin363\Documents\repos\subchen__jetbrick-template-2x\jetbrick-template\src\main\java\jetbrick\template\parser\AstCodeVisitor.java,862
CLIENT:client-code:N/A:N/A,ClassOrInterfaceType,jetbrick.template.parser.ast.AstExpression,AstExpression,C:\Users\tyin363\Documents\repos\subchen__jetbrick-template-2x\jetbrick-template\src\main\java\jetbrick\template\parser\ast\AstTernarySimplifyOperator.java,24
CLIENT:client-code:N/A:N/A,NameExpr,jetbrick.template.parser.ast.AstText,text,C:\Users\tyin363\Documents\repos\subchen__jetbrick-template-2x\jetbrick-template\src\main\java\jetbrick\template\parser\ast\AstText.java,132
JDK:java.base:N/A:N/A,ClassOrInterfaceType,java.io.IOException,IOException,C:\Users\tyin363\Documents\repos\subchen__jetbrick-template-2x\jetbrick-template\src\main\java\jetbrick\template\runtime\writer\JetOutputStreamPrinterEx.java,83
CLIENT:client-code:N/A:N/A,NameExpr,jetbrick.template.parser.AstCodeVisitor,parseCtx,C:\Users\tyin363\Documents\repos\subchen__jetbrick-template-2x\jetbrick-template\src\main\java\jetbrick\template\parser\AstCodeVisitor.java,846
CLIENT:client-code:N/A:N/A,ClassOrInterfaceType,jetbrick.template.loader.ResourceLoader,ResourceLoader,C:\Users\tyin363\Documents\repos\subchen__jetbrick-template-2x\jetbrick-template\src\main\java\jetbrick\template\JetEngineImpl.java,57
CLIENT:client-code:N/A:N/A,NameExpr,jetbrick.template.JetTemplateImpl,astNode,C:\Users\tyin363\Documents\repos\subchen__jetbrick-template-2x\jetbrick-template\src\main\java\jetbrick\template\JetTemplateImpl.java,213
CLIENT:client-code:N/A:N/A,NameExpr,jetbrick.template.JetTemplateImpl,config,C:\Users\tyin363\Documents\repos\subchen__jetbrick-template-2x\jetbrick-template\src\main\java\jetbrick\template\JetTemplateImpl.java,104
CLIENT:client-code:N/A:N/A,MethodCallExpr,jetbrick.template.parser.ast.AstExpression,getPosition,C:\Users\tyin363\Documents\repos\subchen__jetbrick-template-2x\jetbrick-template\src\main\java\jetbrick\template\parser\ast\AstDirectiveInclude.java,69
CLIENT:client-code:N/A:N/A,NameExpr,jetbrick.template.loader.AbstractResourceLoader,reloadable,C:\Users\tyin363\Documents\repos\subchen__jetbrick-template-2x\jetbrick-template\src\main\java\jetbrick\template\loader\ClasspathResourceLoader.java,30
JDK:java.base:N/A:N/A,ClassOrInterfaceType,java.io.Writer,Writer,C:\Users\tyin363\Documents\repos\subchen__jetbrick-template-2x\jetbrick-template\src\main\java\jetbrick\template\runtime\JetWriter.java,72
CLIENT:client-code:N/A:N/A,FieldAccessExpr,jetbrick.template.parser.ast.AstDirectiveReturn,expression,C:\Users\tyin363\Documents\repos\subchen__jetbrick-template-2x\jetbrick-template\src\main\java\jetbrick\template\parser\ast\AstDirectiveReturn.java,31
CLIENT:client-code:N/A:N/A,NameExpr,jetbrick.template.resolver.method.ClassBuildinMethodInvoker,varArgsClass,C:\Users\tyin363\Documents\repos\subchen__jetbrick-template-2x\jetbrick-template\src\main\java\jetbrick\template\resolver\method\ClassBuildinMethodInvoker.java,53
JDK:java.base:N/A:N/A,MethodCallExpr,java.lang.Comparable,compareTo,C:\Users\tyin363\Documents\repos\subchen__jetbrick-template-2x\jetbrick-template\src\main\java\jetbrick\template\parser\ast\ALU.java,485
CLIENT:client-code:N/A:N/A,ClassOrInterfaceType,jetbrick.template.parser.ast.AstExpression,AstExpression,C:\Users\tyin363\Documents\repos\subchen__jetbrick-template-2x\jetbrick-template\src\main\java\jetbrick\template\parser\ast\AstOperatorBinary.java,48
CLIENT:client-code:N/A:N/A,ObjectCreationExpr,jetbrick.template.parser.SyntaxException,SyntaxException,C:\Users\tyin363\Documents\repos\subchen__jetbrick-template-2x\jetbrick-template\src\main\java\jetbrick\template\parser\AstCodeVisitor.java,225
com.github.subchen:jetbrick-commons:jar:2.1.9,MethodCallExpr,jetbrick.bean.KlassInfo,create,C:\Users\tyin363\Documents\repos\subchen__jetbrick-template-2x\jetbrick-template\src\main\java\jetbrick\template\resolver\property\DefaultGetterResolver.java,75
JDK:java.base:N/A:N/A,ClassOrInterfaceType,java.util.Collection,Collection,C:\Users\tyin363\Documents\repos\subchen__jetbrick-template-2x\jetbrick-template\src\main\java\jetbrick\template\runtime\buildin\JetMethods.java,107
JDK:java.base:N/A:N/A,ClassOrInterfaceType,java.lang.Number,Number,C:\Users\tyin363\Documents\repos\subchen__jetbrick-template-2x\jetbrick-template\src\main\java\jetbrick\template\runtime\buildin\JetMethods.java,94
CLIENT:client-code:N/A:N/A,MethodCallExpr,jetbrick.template.runtime.JetWriter,isStreaming,C:\Users\tyin363\Documents\repos\subchen__jetbrick-template-2x\jetbrick-template\src\main\java\jetbrick\template\parser\ast\AstText.java,211
com.github.subchen:jetbrick-commons:jar:2.1.9,MethodCallExpr,jetbrick.io.stream.UnsafeCharArrayWriter,toString,C:\Users\tyin363\Documents\repos\subchen__jetbrick-template-2x\jetbrick-template\src\main\java\jetbrick\template\runtime\JetTagContext.java,53
JDK:java.base:N/A:N/A,ClassOrInterfaceType,java.lang.Class,Class,C:\Users\tyin363\Documents\repos\subchen__jetbrick-template-2x\jetbrick-template\src\main\java\jetbrick\template\parser\ast\AstOperatorInstanceof.java,27
CLIENT:client-code:N/A:N/A,NameExpr,jetbrick.template.runtime.InterpretContextImpl,securityManager,C:\Users\tyin363\Documents\repos\subchen__jetbrick-template-2x\jetbrick-template\src\main\java\jetbrick\template\runtime\InterpretContextImpl.java,175
JDK:java.base:N/A:N/A,MethodCallExpr,java.lang.Package,getPackage,C:\Users\tyin363\Documents\repos\subchen__jetbrick-template-2x\jetbrick-template\src\main\java\jetbrick\template\resolver\clazz\ClassResolver.java,89
CLIENT:client-code:N/A:N/A,FieldAccessExpr,jetbrick.template.runtime.writer.JetOutputStreamPrinter,os,C:\Users\tyin363\Documents\repos\subchen__jetbrick-template-2x\jetbrick-template\src\main\java\jetbrick\template\runtime\writer\JetOutputStreamPrinter.java,33
CLIENT:client-code:N/A:N/A,ClassOrInterfaceType,jetbrick.template.resolver.method.MethodInvokerResolver,MethodInvokerResolver,C:\Users\tyin363\Documents\repos\subchen__jetbrick-template-2x\jetbrick-template\src\main\java\jetbrick\template\resolver\GlobalResolver.java,55
JDK:java.base:N/A:N/A,ObjectCreationExpr,java.lang.IllegalStateException,IllegalStateException,C:\Users\tyin363\Documents\repos\subchen__jetbrick-template-2x\jetbrick-template\src\main\java\jetbrick\template\parser\ParserContext.java,239
JDK:java.base:N/A:N/A,MethodCallExpr,java.lang.String,endsWith,C:\Users\tyin363\Documents\repos\subchen__jetbrick-template-2x\jetbrick-template\src\main\java\jetbrick\template\resolver\clazz\ClassResolver.java,52
JDK:java.base:N/A:N/A,ClassOrInterfaceType,java.security.AccessControlException,AccessControlException,C:\Users\tyin363\Documents\repos\subchen__jetbrick-template-2x\jetbrick-template\src\main\java\jetbrick\template\JetSecurityManager.java,32
JDK:java.base:N/A:N/A,ClassOrInterfaceType,java.util.LinkedHashMap,LinkedHashMap,C:\Users\tyin363\Documents\repos\subchen__jetbrick-template-2x\jetbrick-template\src\main\java\jetbrick\template\parser\ParserContext.java,215
JDK:java.base:N/A:N/A,ClassOrInterfaceType,java.lang.Class,Class,C:\Users\tyin363\Documents\repos\subchen__jetbrick-template-2x\jetbrick-template\src\main\java\jetbrick\template\resolver\function\FunctionInvokerResolver.java,48
CLIENT:client-code:N/A:N/A,FieldAccessExpr,jetbrick.template.parser.ParserContext,trimDirectiveCommentsPrefix,C:\Users\tyin363\Documents\repos\subchen__jetbrick-template-2x\jetbrick-template\src\main\java\jetbrick\template\parser\ParserContext.java,118
org.antlr:antlr4-runtime:jar:4.10.1,ClassOrInterfaceType,org.antlr.v4.runtime.tree.TerminalNode,TerminalNode,C:\Users\tyin363\Documents\repos\subchen__jetbrick-template-2x\jetbrick-template\src\main\java\jetbrick\template\parser\AstCodeVisitor.java,518
CLIENT:client-code:N/A:N/A,ClassOrInterfaceType,jetbrick.template.resolver.property.GetterResolver,GetterResolver,C:\Users\tyin363\Documents\repos\subchen__jetbrick-template-2x\jetbrick-template\src\main\java\jetbrick\template\resolver\property\DefaultGetterResolver.java,40
JDK:java.base:N/A:N/A,ClassOrInterfaceType,java.lang.Number,Number,C:\Users\tyin363\Documents\repos\subchen__jetbrick-template-2x\jetbrick-template\src\main\java\jetbrick\template\parser\ast\ALU.java,297
JDK:java.base:N/A:N/A,MethodCallExpr,java.lang.String,equals,C:\Users\tyin363\Documents\repos\subchen__jetbrick-template-2x\jetbrick-template\src\main\java\jetbrick\template\parser\AstCodeVisitor.java,834
CLIENT:client-code:N/A:N/A,MethodCallExpr,jetbrick.template.resolver.GlobalResolver,scan,C:\Users\tyin363\Documents\repos\subchen__jetbrick-template-2x\jetbrick-template\src\main\java\jetbrick\template\JetEngineImpl.java,189
JDK:java.base:N/A:N/A,MethodCallExpr,java.lang.String,substring,C:\Users\tyin363\Documents\repos\subchen__jetbrick-template-2x\jetbrick-template\src\main\java\jetbrick\template\runtime\buildin\JetMethods.java,215
JDK:java.base:N/A:N/A,ClassOrInterfaceType,java.lang.Object,Object,C:\Users\tyin363\Documents\repos\subchen__jetbrick-template-2x\jetbrick-template\src\main\java\jetbrick\template\parser\ast\AstDirectiveContinue.java,35
CLIENT:client-code:N/A:N/A,NameExpr,jetbrick.template.runtime.writer.JetOutputStreamPrinter,os,C:\Users\tyin363\Documents\repos\subchen__jetbrick-template-2x\jetbrick-template\src\main\java\jetbrick\template\runtime\writer\JetOutputStreamPrinter.java,91
JDK:java.base:N/A:N/A,ClassOrInterfaceType,java.lang.String,String,C:\Users\tyin363\Documents\repos\subchen__jetbrick-template-2x\jetbrick-template\src\main\java\jetbrick\template\Errors.java,126
CLIENT:client-code:N/A:N/A,ClassOrInterfaceType,jetbrick.template.runtime.ValueContext,ValueContext,C:\Users\tyin363\Documents\repos\subchen__jetbrick-template-2x\jetbrick-template\src\main\java\jetbrick\template\runtime\ValueStack.java,180
CLIENT:client-code:N/A:N/A,ObjectCreationExpr,jetbrick.template.resolver.macro.MacroResolver,MacroResolver,C:\Users\tyin363\Documents\repos\subchen__jetbrick-template-2x\jetbrick-template\src\main\java\jetbrick\template\JetTemplateImpl.java,63
CLIENT:client-code:N/A:N/A,NameExpr,jetbrick.template.parser.ast.ALU,SHORT,C:\Users\tyin363\Documents\repos\subchen__jetbrick-template-2x\jetbrick-template\src\main\java\jetbrick\template\parser\ast\ALU.java,412
CLIENT:client-code:N/A:N/A,FieldAccessExpr,jetbrick.template.JetTemplateOption,symbols,C:\Users\tyin363\Documents\repos\subchen__jetbrick-template-2x\jetbrick-template\src\main\java\jetbrick\template\JetTemplateOption.java,38
JDK:java.base:N/A:N/A,MethodCallExpr,java.util.Map,get,C:\Users\tyin363\Documents\repos\subchen__jetbrick-template-2x\jetbrick-template\src\main\java\jetbrick\template\JetGlobalContext.java,50
JDK:java.base:N/A:N/A,MethodCallExpr,java.lang.Number,intValue,C:\Users\tyin363\Documents\repos\subchen__jetbrick-template-2x\jetbrick-template\src\main\java\jetbrick\template\parser\ast\ALU.java,334
CLIENT:client-code:N/A:N/A,MethodCallExpr,jetbrick.template.parser.ast.ALU,plus,C:\Users\tyin363\Documents\repos\subchen__jetbrick-template-2x\jetbrick-template\src\main\java\jetbrick\template\parser\ast\AstOperatorBinary.java,76
CLIENT:client-code:N/A:N/A,NameExpr,jetbrick.template.resolver.clazz.ClassResolver,enableLogger,C:\Users\tyin363\Documents\repos\subchen__jetbrick-template-2x\jetbrick-template\src\main\java\jetbrick\template\resolver\clazz\ClassResolver.java,73
JDK:java.base:N/A:N/A,ClassOrInterfaceType,java.io.IOException,IOException,C:\Users\tyin363\Documents\repos\subchen__jetbrick-template-2x\jetbrick-template\src\main\java\jetbrick\template\runtime\writer\JetWriterPrinterEx.java,69
CLIENT:client-code:N/A:N/A,NameExpr,jetbrick.template.parser.ast.ALU,SHORT,C:\Users\tyin363\Documents\repos\subchen__jetbrick-template-2x\jetbrick-template\src\main\java\jetbrick\template\parser\ast\ALU.java,148
JDK:java.base:N/A:N/A,MethodCallExpr,java.lang.StringBuilder,append,C:\Users\tyin363\Documents\repos\subchen__jetbrick-template-2x\jetbrick-template\src\main\java\jetbrick\template\resolver\SignatureUtils.java,42
CLIENT:client-code:N/A:N/A,NameExpr,jetbrick.template.parser.ParserContext,strict,C:\Users\tyin363\Documents\repos\subchen__jetbrick-template-2x\jetbrick-template\src\main\java\jetbrick\template\parser\ParserContext.java,177
CLIENT:client-code:N/A:N/A,MethodCallExpr,jetbrick.template.parser.ast.AstExpression,getPosition,C:\Users\tyin363\Documents\repos\subchen__jetbrick-template-2x\jetbrick-template\src\main\java\jetbrick\template\parser\ast\AstInvokeNewArray.java,73
JDK:java.base:N/A:N/A,ClassOrInterfaceType,java.lang.Object,Object,C:\Users\tyin363\Documents\repos\subchen__jetbrick-template-2x\jetbrick-template\src\main\java\jetbrick\template\parser\ast\ALU.java,255
JDK:java.base:N/A:N/A,ClassOrInterfaceType,java.lang.Class,Class,C:\Users\tyin363\Documents\repos\subchen__jetbrick-template-2x\jetbrick-template\src\main\java\jetbrick\template\parser\ParserContext.java,176
CLIENT:client-code:N/A:N/A,ClassOrInterfaceType,jetbrick.template.parser.ast.AstDirectiveMacro,AstDirectiveMacro,C:\Users\tyin363\Documents\repos\subchen__jetbrick-template-2x\jetbrick-template\src\main\java\jetbrick\template\parser\ParserContext.java,58
CLIENT:client-code:N/A:N/A,ClassOrInterfaceType,jetbrick.template.parser.ast.AstExpression,AstExpression,C:\Users\tyin363\Documents\repos\subchen__jetbrick-template-2x\jetbrick-template\src\main\java\jetbrick\template\parser\ast\AstOperatorBinary.java,45
CLIENT:client-code:N/A:N/A,NameExpr,jetbrick.template.JetConfig,templateSecurityManager,C:\Users\tyin363\Documents\repos\subchen__jetbrick-template-2x\jetbrick-template\src\main\java\jetbrick\template\JetConfig.java,168
JDK:java.base:N/A:N/A,MethodCallExpr,java.lang.Float,valueOf,C:\Users\tyin363\Documents\repos\subchen__jetbrick-template-2x\jetbrick-template\src\main\java\jetbrick\template\parser\ast\ALU.java,154
JDK:java.base:N/A:N/A,ClassOrInterfaceType,java.util.HashMap,HashMap,C:\Users\tyin363\Documents\repos\subchen__jetbrick-template-2x\jetbrick-template\src\main\java\jetbrick\template\JetGlobalContext.java,33
CLIENT:client-code:N/A:N/A,NameExpr,jetbrick.template.parser.ast.AstDirectiveIf,thenStatement,C:\Users\tyin363\Documents\repos\subchen__jetbrick-template-2x\jetbrick-template\src\main\java\jetbrick\template\parser\ast\AstDirectiveIf.java,40
CLIENT:client-code:N/A:N/A,NameExpr,jetbrick.template.parser.ast.AstInvokeFieldStatic,name,C:\Users\tyin363\Documents\repos\subchen__jetbrick-template-2x\jetbrick-template\src\main\java\jetbrick\template\parser\ast\AstInvokeFieldStatic.java,47
JDK:java.base:N/A:N/A,MethodCallExpr,java.util.Map,keySet,C:\Users\tyin363\Documents\repos\subchen__jetbrick-template-2x\jetbrick-template\src\main\java\jetbrick\template\parser\ParserContext.java,219
JDK:java.base:N/A:N/A,ClassOrInterfaceType,java.lang.Number,Number,C:\Users\tyin363\Documents\repos\subchen__jetbrick-template-2x\jetbrick-template\src\main\java\jetbrick\template\parser\ast\ALU.java,296
JDK:java.base:N/A:N/A,ClassOrInterfaceType,java.lang.IllegalArgumentException,IllegalArgumentException,C:\Users\tyin363\Documents\repos\subchen__jetbrick-template-2x\jetbrick-template\src\main\java\jetbrick\template\runtime\buildin\JetMethods.java,252
CLIENT:client-code:N/A:N/A,MethodCallExpr,jetbrick.template.runtime.ValueStack,pop,C:\Users\tyin363\Documents\repos\subchen__jetbrick-template-2x\jetbrick-template\src\main\java\jetbrick\template\JetTemplateImpl.java,162
JDK:java.base:N/A:N/A,ClassOrInterfaceType,java.util.HashMap,HashMap,C:\Users\tyin363\Documents\repos\subchen__jetbrick-template-2x\jetbrick-template\src\main\java\jetbrick\template\JetGlobalContext.java,34
JDK:java.base:N/A:N/A,ClassOrInterfaceType,java.lang.String,String,C:\Users\tyin363\Documents\repos\subchen__jetbrick-template-2x\jetbrick-template\src\main\java\jetbrick\template\resolver\tag\TagInvokerResolver.java,119
JDK:java.base:N/A:N/A,ClassOrInterfaceType,java.lang.Integer,Integer,C:\Users\tyin363\Documents\repos\subchen__jetbrick-template-2x\jetbrick-template\src\main\java\jetbrick\template\parser\ast\AstInvokeIndexGet.java,73
CLIENT:client-code:N/A:N/A,MethodCallExpr,jetbrick.template.runtime.InterpretException,cause,C:\Users\tyin363\Documents\repos\subchen__jetbrick-template-2x\jetbrick-template\src\main\java\jetbrick\template\parser\ast\AstInvokeNewObject.java,79
JDK:java.base:N/A:N/A,ClassOrInterfaceType,java.lang.Object,Object,C:\Users\tyin363\Documents\repos\subchen__jetbrick-template-2x\jetbrick-template\src\main\java\jetbrick\template\parser\ast\ALU.java,519
JDK:java.base:N/A:N/A,ClassOrInterfaceType,java.nio.charset.Charset,Charset,C:\Users\tyin363\Documents\repos\subchen__jetbrick-template-2x\jetbrick-template\src\main\java\jetbrick\template\runtime\writer\JetOutputStreamPrinter.java,29
CLIENT:client-code:N/A:N/A,MethodCallExpr,jetbrick.template.JetConfig,getInputEncoding,C:\Users\tyin363\Documents\repos\subchen__jetbrick-template-2x\jetbrick-template\src\main\java\jetbrick\template\runtime\buildin\JetFunctions.java,90
CLIENT:client-code:N/A:N/A,ObjectCreationExpr,jetbrick.template.runtime.InterpretException,InterpretException,C:\Users\tyin363\Documents\repos\subchen__jetbrick-template-2x\jetbrick-template\src\main\java\jetbrick\template\parser\ast\AstInvokeMethod.java,56
CLIENT:client-code:N/A:N/A,MethodCallExpr,jetbrick.template.resolver.SignatureUtils,getMethodSignature,C:\Users\tyin363\Documents\repos\subchen__jetbrick-template-2x\jetbrick-template\src\main\java\jetbrick\template\parser\ast\AstInvokeMethod.java,80
JDK:java.base:N/A:N/A,ClassOrInterfaceType,java.lang.UnsupportedOperationException,UnsupportedOperationException,C:\Users\tyin363\Documents\repos\subchen__jetbrick-template-2x\jetbrick-template\src\main\java\jetbrick\template\parser\AstCodeVisitor.java,888
CLIENT:client-code:N/A:N/A,MethodCallExpr,jetbrick.template.JetTemplate,getAstNode,C:\Users\tyin363\Documents\repos\subchen__jetbrick-template-2x\jetbrick-template\src\main\java\jetbrick\template\runtime\InterpretContextImpl.java,132
CLIENT:client-code:N/A:N/A,MethodCallExpr,jetbrick.template.JetSecurityManager,checkAccess,C:\Users\tyin363\Documents\repos\subchen__jetbrick-template-2x\jetbrick-template\src\main\java\jetbrick\template\resolver\method\ClassBuildinMethodInvoker.java,48
CLIENT:client-code:N/A:N/A,ClassOrInterfaceType,jetbrick.template.parser.ast.AstDirectiveMacro,AstDirectiveMacro,C:\Users\tyin363\Documents\repos\subchen__jetbrick-template-2x\jetbrick-template\src\main\java\jetbrick\template\parser\ParserContext.java,237
JDK:java.base:N/A:N/A,ClassOrInterfaceType,java.lang.Object,Object,C:\Users\tyin363\Documents\repos\subchen__jetbrick-template-2x\jetbrick-template\src\main\java\jetbrick\template\resolver\ParameterUtils.java,69
CLIENT:client-code:N/A:N/A,NameExpr,jetbrick.template.runtime.ValueStack,UNUSED_INDEX,C:\Users\tyin363\Documents\repos\subchen__jetbrick-template-2x\jetbrick-template\src\main\java\jetbrick\template\runtime\ValueStack.java,150
CLIENT:client-code:N/A:N/A,ClassOrInterfaceType,jetbrick.template.parser.ast.AstConstantList,AstConstantList,C:\Users\tyin363\Documents\repos\subchen__jetbrick-template-2x\jetbrick-template\src\main\java\jetbrick\template\parser\AstCodeVisitor.java,502
com.github.subchen:jetbrick-commons:jar:2.1.9,MethodCallExpr,jetbrick.bean.MethodInfo,invoke,C:\Users\tyin363\Documents\repos\subchen__jetbrick-template-2x\jetbrick-template\src\main\java\jetbrick\template\resolver\method\ExtensionMethodInvoker.java,56
JDK:java.base:N/A:N/A,MethodCallExpr,java.lang.Integer,valueOf,C:\Users\tyin363\Documents\repos\subchen__jetbrick-template-2x\jetbrick-template\src\main\java\jetbrick\template\parser\ast\ALU.java,79
JDK:java.base:N/A:N/A,ClassOrInterfaceType,java.lang.Object,Object,C:\Users\tyin363\Documents\repos\subchen__jetbrick-template-2x\jetbrick-template\src\main\java\jetbrick\template\parser\ast\AstOperatorEquals.java,41
JDK:java.base:N/A:N/A,ClassOrInterfaceType,java.lang.Integer,Integer,C:\Users\tyin363\Documents\repos\subchen__jetbrick-template-2x\jetbrick-template\src\main\java\jetbrick\template\parser\ast\ALU.java,306
CLIENT:client-code:N/A:N/A,NameExpr,jetbrick.template.parser.ast.AstDirective,position,C:\Users\tyin363\Documents\repos\subchen__jetbrick-template-2x\jetbrick-template\src\main\java\jetbrick\template\parser\ast\AstDirectiveCall.java,56
CLIENT:client-code:N/A:N/A,NameExpr,jetbrick.template.runtime.writer.JetOutputStreamPrinter,charset,C:\Users\tyin363\Documents\repos\subchen__jetbrick-template-2x\jetbrick-template\src\main\java\jetbrick\template\runtime\writer\JetOutputStreamPrinter.java,119
CLIENT:client-code:N/A:N/A,NameExpr,jetbrick.template.JetTemplateImpl,reloadable,C:\Users\tyin363\Documents\repos\subchen__jetbrick-template-2x\jetbrick-template\src\main\java\jetbrick\template\JetTemplateImpl.java,198
org.slf4j:slf4j-api:jar:1.7.7,ClassOrInterfaceType,org.slf4j.Logger,Logger,C:\Users\tyin363\Documents\repos\subchen__jetbrick-template-2x\jetbrick-template\src\main\java\jetbrick\template\resolver\clazz\ClassResolver.java,34
CLIENT:client-code:N/A:N/A,NameExpr,jetbrick.template.parser.ast.AstDirectiveIf,conditionExpression,C:\Users\tyin363\Documents\repos\subchen__jetbrick-template-2x\jetbrick-template\src\main\java\jetbrick\template\parser\ast\AstDirectiveIf.java,38
CLIENT:client-code:N/A:N/A,MethodCallExpr,jetbrick.template.resolver.GlobalResolver,registerFunctions,C:\Users\tyin363\Documents\repos\subchen__jetbrick-template-2x\jetbrick-template\src\main\java\jetbrick\template\JetEngineImpl.java,179
JDK:java.base:N/A:N/A,MethodCallExpr,java.lang.Float,valueOf,C:\Users\tyin363\Documents\repos\subchen__jetbrick-template-2x\jetbrick-template\src\main\java\jetbrick\template\parser\ast\ALU.java,83
com.github.subchen:jetbrick-commons:jar:2.1.9,FieldAccessExpr,jetbrick.io.resource.AbstractResource,relativePathName,C:\Users\tyin363\Documents\repos\subchen__jetbrick-template-2x\jetbrick-template\src\main\java\jetbrick\template\loader\resource\SourceResource.java,38
JDK:java.base:N/A:N/A,ClassOrInterfaceType,java.lang.Object,Object,C:\Users\tyin363\Documents\repos\subchen__jetbrick-template-2x\jetbrick-template\src\main\java\jetbrick\template\parser\ast\AstConstant.java,37
CLIENT:client-code:N/A:N/A,NameExpr,jetbrick.template.parser.ast.AstExpressionList,expressions,C:\Users\tyin363\Documents\repos\subchen__jetbrick-template-2x\jetbrick-template\src\main\java\jetbrick\template\parser\ast\AstExpressionList.java,38
CLIENT:client-code:N/A:N/A,NameExpr,jetbrick.template.runtime.JetTagContext,statements,C:\Users\tyin363\Documents\repos\subchen__jetbrick-template-2x\jetbrick-template\src\main\java\jetbrick\template\runtime\JetTagContext.java,48
CLIENT:client-code:N/A:N/A,NameExpr,jetbrick.template.runtime.writer.JetWriterPrinter,charset,C:\Users\tyin363\Documents\repos\subchen__jetbrick-template-2x\jetbrick-template\src\main\java\jetbrick\template\runtime\writer\JetWriterPrinter.java,50
CLIENT:client-code:N/A:N/A,NameExpr,jetbrick.template.runtime.TemplateStack,index,C:\Users\tyin363\Documents\repos\subchen__jetbrick-template-2x\jetbrick-template\src\main\java\jetbrick\template\runtime\TemplateStack.java,48
JDK:java.base:N/A:N/A,ClassOrInterfaceType,java.lang.Class,Class,C:\Users\tyin363\Documents\repos\subchen__jetbrick-template-2x\jetbrick-template\src\main\java\jetbrick\template\resolver\method\MethodInvokerResolver.java,71
CLIENT:client-code:N/A:N/A,NameExpr,jetbrick.template.parser.ParserContext,localClassResolver,C:\Users\tyin363\Documents\repos\subchen__jetbrick-template-2x\jetbrick-template\src\main\java\jetbrick\template\parser\ParserContext.java,152
CLIENT:client-code:N/A:N/A,MethodCallExpr,jetbrick.template.parser.ast.AstExpression,getPosition,C:\Users\tyin363\Documents\repos\subchen__jetbrick-template-2x\jetbrick-template\src\main\java\jetbrick\template\parser\ast\AstDirectiveFor.java,60
CLIENT:client-code:N/A:N/A,NameExpr,jetbrick.template.parser.ast.ALU,BYTE,C:\Users\tyin363\Documents\repos\subchen__jetbrick-template-2x\jetbrick-template\src\main\java\jetbrick\template\parser\ast\ALU.java,170
CLIENT:client-code:N/A:N/A,NameExpr,jetbrick.template.runtime.JetForIterator,size,C:\Users\tyin363\Documents\repos\subchen__jetbrick-template-2x\jetbrick-template\src\main\java\jetbrick\template\runtime\JetForIterator.java,63
CLIENT:client-code:N/A:N/A,MethodCallExpr,jetbrick.template.runtime.JetWriter,getCharset,C:\Users\tyin363\Documents\repos\subchen__jetbrick-template-2x\jetbrick-template\src\main\java\jetbrick\template\runtime\JetWriter.java,70
CLIENT:client-code:N/A:N/A,MethodCallExpr,jetbrick.template.parser.ast.AstStatementList.ListIterator,has,C:\Users\tyin363\Documents\repos\subchen__jetbrick-template-2x\jetbrick-template\src\main\java\jetbrick\template\parser\ast\AstStatementList.java,63
CLIENT:client-code:N/A:N/A,MethodCallExpr,jetbrick.template.resolver.ParameterUtils,getActualArguments,C:\Users\tyin363\Documents\repos\subchen__jetbrick-template-2x\jetbrick-template\src\main\java\jetbrick\template\resolver\tag\TagInvoker.java,44
CLIENT:client-code:N/A:N/A,ClassOrInterfaceType,jetbrick.template.parser.SyntaxException,SyntaxException,C:\Users\tyin363\Documents\repos\subchen__jetbrick-template-2x\jetbrick-template\src\main\java\jetbrick\template\parser\AstCodeVisitor.java,483
CLIENT:client-code:N/A:N/A,NameExpr,jetbrick.template.runtime.writer.JetWriterPrinterEx,os,C:\Users\tyin363\Documents\repos\subchen__jetbrick-template-2x\jetbrick-template\src\main\java\jetbrick\template\runtime\writer\JetWriterPrinterEx.java,71
JDK:java.base:N/A:N/A,ClassOrInterfaceType,java.lang.Object,Object,C:\Users\tyin363\Documents\repos\subchen__jetbrick-template-2x\jetbrick-template\src\main\java\jetbrick\template\parser\ast\AstDirectiveInclude.java,45
JDK:java.base:N/A:N/A,ClassOrInterfaceType,java.io.OutputStream,OutputStream,C:\Users\tyin363\Documents\repos\subchen__jetbrick-template-2x\jetbrick-template\src\main\java\jetbrick\template\runtime\writer\TrimLeadingWhitespacesOutputStream.java,26
CLIENT:client-code:N/A:N/A,NameExpr,jetbrick.template.runtime.buildin.JetFunctions,RANDOM,C:\Users\tyin363\Documents\repos\subchen__jetbrick-template-2x\jetbrick-template\src\main\java\jetbrick\template\runtime\buildin\JetFunctions.java,46
CLIENT:client-code:N/A:N/A,ClassOrInterfaceType,jetbrick.template.parser.ast.AstExpressionList,AstExpressionList,C:\Users\tyin363\Documents\repos\subchen__jetbrick-template-2x\jetbrick-template\src\main\java\jetbrick\template\parser\AstCodeVisitor.java,642
JDK:java.base:N/A:N/A,ClassOrInterfaceType,java.lang.String,String,C:\Users\tyin363\Documents\repos\subchen__jetbrick-template-2x\jetbrick-template\src\main\java\jetbrick\template\runtime\buildin\JetMethods.java,173
JDK:java.base:N/A:N/A,ClassOrInterfaceType,java.lang.String,String,C:\Users\tyin363\Documents\repos\subchen__jetbrick-template-2x\jetbrick-template\src\main\java\jetbrick\template\JetTemplateImpl.java,178
JDK:java.base:N/A:N/A,ObjectCreationExpr,java.lang.IllegalStateException,IllegalStateException,C:\Users\tyin363\Documents\repos\subchen__jetbrick-template-2x\jetbrick-template\src\main\java\jetbrick\template\parser\ParserContext.java,189
JDK:java.base:N/A:N/A,ClassOrInterfaceType,java.util.List,List,C:\Users\tyin363\Documents\repos\subchen__jetbrick-template-2x\jetbrick-template\src\main\java\jetbrick\template\parser\ParserContext.java,57
CLIENT:client-code:N/A:N/A,MethodCallExpr,jetbrick.template.resolver.method.MethodInvoker,invoke,C:\Users\tyin363\Documents\repos\subchen__jetbrick-template-2x\jetbrick-template\src\main\java\jetbrick\template\parser\ast\AstInvokeMethodStatic.java,87
JDK:java.base:N/A:N/A,MethodCallExpr,java.lang.String,getBytes,C:\Users\tyin363\Documents\repos\subchen__jetbrick-template-2x\jetbrick-template\src\main\java\jetbrick\template\parser\ast\AstText.java,249
CLIENT:client-code:N/A:N/A,MethodCallExpr,jetbrick.template.Errors,markSourceLines,C:\Users\tyin363\Documents\repos\subchen__jetbrick-template-2x\jetbrick-template\src\main\java\jetbrick\template\Errors.java,154
CLIENT:client-code:N/A:N/A,NameExpr,jetbrick.template.JetTemplateImpl,resource,C:\Users\tyin363\Documents\repos\subchen__jetbrick-template-2x\jetbrick-template\src\main\java\jetbrick\template\JetTemplateImpl.java,188
CLIENT:client-code:N/A:N/A,FieldAccessExpr,jetbrick.template.parser.ast.Tokens,AST_BLOCK_SET,C:\Users\tyin363\Documents\repos\subchen__jetbrick-template-2x\jetbrick-template\src\main\java\jetbrick\template\parser\AstCodeVisitor.java,234
CLIENT:client-code:N/A:N/A,NameExpr,jetbrick.template.parser.ParserContext,localClassResolver,C:\Users\tyin363\Documents\repos\subchen__jetbrick-template-2x\jetbrick-template\src\main\java\jetbrick\template\parser\ParserContext.java,151
CLIENT:client-code:N/A:N/A,ClassOrInterfaceType,jetbrick.template.runtime.ValueStack,ValueStack,C:\Users\tyin363\Documents\repos\subchen__jetbrick-template-2x\jetbrick-template\src\main\java\jetbrick\template\runtime\JetTagContext.java,78
CLIENT:client-code:N/A:N/A,NameExpr,jetbrick.template.runtime.TemplateStack,index,C:\Users\tyin363\Documents\repos\subchen__jetbrick-template-2x\jetbrick-template\src\main\java\jetbrick\template\runtime\TemplateStack.java,47
CLIENT:client-code:N/A:N/A,ClassOrInterfaceType,jetbrick.template.parser.ast.AstText.Jdk6CharArrayEncoder,Jdk6CharArrayEncoder,C:\Users\tyin363\Documents\repos\subchen__jetbrick-template-2x\jetbrick-template\src\main\java\jetbrick\template\parser\ast\AstText.java,219
CLIENT:client-code:N/A:N/A,ClassOrInterfaceType,jetbrick.template.runtime.JetForIterator,JetForIterator,C:\Users\tyin363\Documents\repos\subchen__jetbrick-template-2x\jetbrick-template\src\main\java\jetbrick\template\parser\ast\AstDirectiveFor.java,44
org.antlr:antlr4-runtime:jar:4.10.1,MethodCallExpr,org.antlr.v4.runtime.tree.TerminalNode,getSymbol,C:\Users\tyin363\Documents\repos\subchen__jetbrick-template-2x\jetbrick-template\src\main\java\jetbrick\template\parser\AstCodeVisitor.java,722
CLIENT:client-code:N/A:N/A,FieldAccessExpr,jetbrick.template.Errors,DIRECTIVE_MACRO_NAME_DUPLICATED,C:\Users\tyin363\Documents\repos\subchen__jetbrick-template-2x\jetbrick-template\src\main\java\jetbrick\template\resolver\macro\MacroResolver.java,48
CLIENT:client-code:N/A:N/A,NameExpr,jetbrick.template.JetEngineImpl,globalResolver,C:\Users\tyin363\Documents\repos\subchen__jetbrick-template-2x\jetbrick-template\src\main\java\jetbrick\template\JetEngineImpl.java,217
CLIENT:client-code:N/A:N/A,ClassOrInterfaceType,jetbrick.template.resolver.property.MapGetter,MapGetter,C:\Users\tyin363\Documents\repos\subchen__jetbrick-template-2x\jetbrick-template\src\main\java\jetbrick\template\resolver\property\DefaultGetterResolver.java,91
CLIENT:client-code:N/A:N/A,FieldAccessExpr,jetbrick.template.runtime.InterpretContextImpl,returnName,C:\Users\tyin363\Documents\repos\subchen__jetbrick-template-2x\jetbrick-template\src\main\java\jetbrick\template\runtime\InterpretContextImpl.java,140
CLIENT:client-code:N/A:N/A,ClassOrInterfaceType,jetbrick.template.parser.ast.Position,Position,C:\Users\tyin363\Documents\repos\subchen__jetbrick-template-2x\jetbrick-template\src\main\java\jetbrick\template\parser\ast\AstDirectiveSet.java,29
CLIENT:client-code:N/A:N/A,NameExpr,jetbrick.template.parser.ast.AstExpression,position,C:\Users\tyin363\Documents\repos\subchen__jetbrick-template-2x\jetbrick-template\src\main\java\jetbrick\template\parser\ast\AstInvokeField.java,69
JDK:java.base:N/A:N/A,MethodCallExpr,java.lang.Number,intValue,C:\Users\tyin363\Documents\repos\subchen__jetbrick-template-2x\jetbrick-template\src\main\java\jetbrick\template\parser\ast\ALU.java,503
CLIENT:client-code:N/A:N/A,ObjectCreationExpr,jetbrick.template.parser.ast.Position,Position,C:\Users\tyin363\Documents\repos\subchen__jetbrick-template-2x\jetbrick-template\src\main\java\jetbrick\template\parser\AstCodeVisitor.java,396
CLIENT:client-code:N/A:N/A,NameExpr,jetbrick.template.parser.ast.AstDirectiveInclude,returnName,C:\Users\tyin363\Documents\repos\subchen__jetbrick-template-2x\jetbrick-template\src\main\java\jetbrick\template\parser\ast\AstDirectiveInclude.java,67
JDK:java.base:N/A:N/A,ClassOrInterfaceType,java.io.OutputStream,OutputStream,C:\Users\tyin363\Documents\repos\subchen__jetbrick-template-2x\jetbrick-template\src\main\java\jetbrick\template\runtime\writer\TrimLeadingWhitespacesOutputStream.java,27
JDK:java.base:N/A:N/A,MethodCallExpr,java.util.Set,size,C:\Users\tyin363\Documents\repos\subchen__jetbrick-template-2x\jetbrick-template\src\main\java\jetbrick\template\resolver\GlobalResolver.java,79
JDK:java.base:N/A:N/A,ClassOrInterfaceType,java.util.ArrayList,ArrayList,C:\Users\tyin363\Documents\repos\subchen__jetbrick-template-2x\jetbrick-template\src\main\java\jetbrick\template\resolver\clazz\ClassResolver.java,127
CLIENT:client-code:N/A:N/A,ObjectCreationExpr,jetbrick.template.runtime.InterpretException,InterpretException,C:\Users\tyin363\Documents\repos\subchen__jetbrick-template-2x\jetbrick-template\src\main\java\jetbrick\template\parser\ast\AstInvokeMethod.java,58
CLIENT:client-code:N/A:N/A,MethodCallExpr,jetbrick.template.parser.ast.AstStatementList.ListIterator,peek,C:\Users\tyin363\Documents\repos\subchen__jetbrick-template-2x\jetbrick-template\src\main\java\jetbrick\template\parser\ast\AstStatementList.java,84
CLIENT:client-code:N/A:N/A,NameExpr,jetbrick.template.parser.ParserContext,declaredMacros,C:\Users\tyin363\Documents\repos\subchen__jetbrick-template-2x\jetbrick-template\src\main\java\jetbrick\template\parser\ParserContext.java,243
JDK:java.base:N/A:N/A,ClassOrInterfaceType,java.lang.String,String,C:\Users\tyin363\Documents\repos\subchen__jetbrick-template-2x\jetbrick-template\src\main\java\jetbrick\template\parser\SyntaxException.java,39
JDK:java.base:N/A:N/A,ClassOrInterfaceType,java.lang.IndexOutOfBoundsException,IndexOutOfBoundsException,C:\Users\tyin363\Documents\repos\subchen__jetbrick-template-2x\jetbrick-template\src\main\java\jetbrick\template\runtime\writer\TrimLeadingWhitespacesOutputStream.java,58
CLIENT:client-code:N/A:N/A,MethodCallExpr,jetbrick.template.resolver.GlobalResolver,registerFunctions,C:\Users\tyin363\Documents\repos\subchen__jetbrick-template-2x\jetbrick-template\src\main\java\jetbrick\template\JetEngineImpl.java,177
CLIENT:client-code:N/A:N/A,ClassOrInterfaceType,jetbrick.template.parser.ast.Position,Position,C:\Users\tyin363\Documents\repos\subchen__jetbrick-template-2x\jetbrick-template\src\main\java\jetbrick\template\parser\ast\AstDirectiveContinue.java,27
JDK:java.base:N/A:N/A,ObjectCreationExpr,java.util.ArrayList,ArrayList,C:\Users\tyin363\Documents\repos\subchen__jetbrick-template-2x\jetbrick-template\src\main\java\jetbrick\template\resolver\function\FunctionInvokerResolver.java,86
org.slf4j:slf4j-api:jar:1.7.7,MethodCallExpr,org.slf4j.Logger,info,C:\Users\tyin363\Documents\repos\subchen__jetbrick-template-2x\jetbrick-template\src\main\java\jetbrick\template\resolver\method\MethodInvokerResolver.java,57
CLIENT:client-code:N/A:N/A,ClassOrInterfaceType,jetbrick.template.parser.ast.AstExpression,AstExpression,C:\Users\tyin363\Documents\repos\subchen__jetbrick-template-2x\jetbrick-template\src\main\java\jetbrick\template\parser\AstCodeVisitor.java,281
CLIENT:client-code:N/A:N/A,MethodCallExpr,jetbrick.template.runtime.InterpretContext,getTemplate,C:\Users\tyin363\Documents\repos\subchen__jetbrick-template-2x\jetbrick-template\src\main\java\jetbrick\template\parser\ast\AstInvokeIndexGet.java,45
JDK:java.base:N/A:N/A,ClassOrInterfaceType,java.lang.Integer,Integer,C:\Users\tyin363\Documents\repos\subchen__jetbrick-template-2x\jetbrick-template\src\main\java\jetbrick\template\runtime\buildin\JetFunctions.java,55
CLIENT:client-code:N/A:N/A,MethodCallExpr,jetbrick.template.JetEngineImpl,doCreateGlobalContext,C:\Users\tyin363\Documents\repos\subchen__jetbrick-template-2x\jetbrick-template\src\main\java\jetbrick\template\JetEngineImpl.java,63
CLIENT:client-code:N/A:N/A,NameExpr,jetbrick.template.runtime.TemplateStack,index,C:\Users\tyin363\Documents\repos\subchen__jetbrick-template-2x\jetbrick-template\src\main\java\jetbrick\template\runtime\TemplateStack.java,50
org.antlr:antlr4-runtime:jar:4.10.1,MethodCallExpr,org.antlr.v4.runtime.Token,getLine,C:\Users\tyin363\Documents\repos\subchen__jetbrick-template-2x\jetbrick-template\src\main\java\jetbrick\template\parser\AstCodeVisitor.java,409
JDK:java.base:N/A:N/A,ClassOrInterfaceType,java.util.List,List,C:\Users\tyin363\Documents\repos\subchen__jetbrick-template-2x\jetbrick-template\src\main\java\jetbrick\template\parser\ParserContext.java,58
CLIENT:client-code:N/A:N/A,FieldAccessExpr,jetbrick.template.Errors,EXPRESSION_OBJECT_IS_VOID,C:\Users\tyin363\Documents\repos\subchen__jetbrick-template-2x\jetbrick-template\src\main\java\jetbrick\template\parser\ast\AstInvokeIndexGet.java,50
JDK:java.base:N/A:N/A,ClassOrInterfaceType,java.util.Iterator,Iterator,C:\Users\tyin363\Documents\repos\subchen__jetbrick-template-2x\jetbrick-template\src\main\java\jetbrick\template\runtime\JetForIterator.java,39
JDK:java.base:N/A:N/A,MethodCallExpr,java.lang.Object,getClass,C:\Users\tyin363\Documents\repos\subchen__jetbrick-template-2x\jetbrick-template\src\main\java\jetbrick\template\parser\ast\AstIdentifier.java,46
JDK:java.base:N/A:N/A,ClassOrInterfaceType,java.io.IOException,IOException,C:\Users\tyin363\Documents\repos\subchen__jetbrick-template-2x\jetbrick-template\src\main\java\jetbrick\template\runtime\writer\JetWriterPrinter.java,134
CLIENT:client-code:N/A:N/A,MethodCallExpr,jetbrick.template.parser.ParserContext,useSymbol,C:\Users\tyin363\Documents\repos\subchen__jetbrick-template-2x\jetbrick-template\src\main\java\jetbrick\template\parser\AstCodeVisitor.java,846
CLIENT:client-code:N/A:N/A,MethodCallExpr,jetbrick.template.Errors,format,C:\Users\tyin363\Documents\repos\subchen__jetbrick-template-2x\jetbrick-template\src\main\java\jetbrick\template\parser\ParserContext.java,239
CLIENT:client-code:N/A:N/A,ClassOrInterfaceType,jetbrick.template.parser.ast.AstDirectiveContinue,AstDirectiveContinue,C:\Users\tyin363\Documents\repos\subchen__jetbrick-template-2x\jetbrick-template\src\main\java\jetbrick\template\parser\AstCodeVisitor.java,332
CLIENT:client-code:N/A:N/A,ClassOrInterfaceType,jetbrick.template.runtime.JetForIterator,JetForIterator,C:\Users\tyin363\Documents\repos\subchen__jetbrick-template-2x\jetbrick-template\src\main\java\jetbrick\template\runtime\JetForIterator.java,33
JDK:java.base:N/A:N/A,ClassOrInterfaceType,java.lang.IllegalStateException,IllegalStateException,C:\Users\tyin363\Documents\repos\subchen__jetbrick-template-2x\jetbrick-template\src\main\java\jetbrick\template\parser\AstCodeVisitor.java,470
CLIENT:client-code:N/A:N/A,MethodCallExpr,jetbrick.template.parser.AstCodeVisitor,resolveClass,C:\Users\tyin363\Documents\repos\subchen__jetbrick-template-2x\jetbrick-template\src\main\java\jetbrick\template\parser\AstCodeVisitor.java,653
JDK:java.base:N/A:N/A,ClassOrInterfaceType,java.lang.Object,Object,C:\Users\tyin363\Documents\repos\subchen__jetbrick-template-2x\jetbrick-template\src\main\java\jetbrick\template\resolver\ParameterUtils.java,66
org.slf4j:slf4j-api:jar:1.7.7,MethodCallExpr,org.slf4j.Logger,info,C:\Users\tyin363\Documents\repos\subchen__jetbrick-template-2x\jetbrick-template\src\main\java\jetbrick\template\resolver\clazz\ClassResolver.java,74
JDK:java.base:N/A:N/A,ClassOrInterfaceType,java.lang.IllegalStateException,IllegalStateException,C:\Users\tyin363\Documents\repos\subchen__jetbrick-template-2x\jetbrick-template\src\main\java\jetbrick\template\parser\ast\ALU.java,255
CLIENT:client-code:N/A:N/A,ClassOrInterfaceType,jetbrick.template.parser.ast.AstStatement,AstStatement,C:\Users\tyin363\Documents\repos\subchen__jetbrick-template-2x\jetbrick-template\src\main\java\jetbrick\template\parser\ast\AstStatementList.java,84
org.antlr:antlr4-runtime:jar:4.10.1,MethodCallExpr,org.antlr.v4.runtime.Token,getType,C:\Users\tyin363\Documents\repos\subchen__jetbrick-template-2x\jetbrick-template\src\main\java\jetbrick\template\parser\AstCodeVisitor.java,537
JDK:java.base:N/A:N/A,ObjectCreationExpr,java.lang.IllegalStateException,IllegalStateException,C:\Users\tyin363\Documents\repos\subchen__jetbrick-template-2x\jetbrick-template\src\main\java\jetbrick\template\parser\ParserContext.java,187
JDK:java.base:N/A:N/A,ClassOrInterfaceType,java.lang.Integer,Integer,C:\Users\tyin363\Documents\repos\subchen__jetbrick-template-2x\jetbrick-template\src\main\java\jetbrick\template\parser\ast\ALU.java,303
CLIENT:client-code:N/A:N/A,ClassOrInterfaceType,jetbrick.template.parser.ast.AstDirectiveMacro,AstDirectiveMacro,C:\Users\tyin363\Documents\repos\subchen__jetbrick-template-2x\jetbrick-template\src\main\java\jetbrick\template\parser\ParserContext.java,235
CLIENT:client-code:N/A:N/A,NameExpr,jetbrick.template.parser.ast.AstText.Jdk6CharArrayEncoder,offset,C:\Users\tyin363\Documents\repos\subchen__jetbrick-template-2x\jetbrick-template\src\main\java\jetbrick\template\parser\ast\AstText.java,304
JDK:java.base:N/A:N/A,ObjectCreationExpr,java.lang.IllegalStateException,IllegalStateException,C:\Users\tyin363\Documents\repos\subchen__jetbrick-template-2x\jetbrick-template\src\main\java\jetbrick\template\parser\ast\ALU.java,212
CLIENT:client-code:N/A:N/A,NameExpr,jetbrick.template.parser.ast.AstDirectiveSet,expression,C:\Users\tyin363\Documents\repos\subchen__jetbrick-template-2x\jetbrick-template\src\main\java\jetbrick\template\parser\ast\AstDirectiveSet.java,37
CLIENT:client-code:N/A:N/A,ClassOrInterfaceType,jetbrick.template.runtime.ValueStack,ValueStack,C:\Users\tyin363\Documents\repos\subchen__jetbrick-template-2x\jetbrick-template\src\main\java\jetbrick\template\runtime\InterpretContext.java,52
JDK:java.base:N/A:N/A,ClassOrInterfaceType,java.lang.reflect.Constructor,Constructor,C:\Users\tyin363\Documents\repos\subchen__jetbrick-template-2x\jetbrick-template\src\main\java\jetbrick\template\JetSecurityManagerImpl.java,127
CLIENT:client-code:N/A:N/A,ClassOrInterfaceType,jetbrick.template.JetSecurityManager,JetSecurityManager,C:\Users\tyin363\Documents\repos\subchen__jetbrick-template-2x\jetbrick-template\src\main\java\jetbrick\template\runtime\InterpretContext.java,48
JDK:java.base:N/A:N/A,ClassOrInterfaceType,java.lang.String,String,C:\Users\tyin363\Documents\repos\subchen__jetbrick-template-2x\jetbrick-template\src\main\java\jetbrick\template\parser\ast\AstDirectiveFor.java,32
JDK:java.base:N/A:N/A,ClassOrInterfaceType,java.lang.Class,Class,C:\Users\tyin363\Documents\repos\subchen__jetbrick-template-2x\jetbrick-template\src\main\java\jetbrick\template\parser\ParserContext.java,148
JDK:java.base:N/A:N/A,MethodCallExpr,java.util.Map,get,C:\Users\tyin363\Documents\repos\subchen__jetbrick-template-2x\jetbrick-template\src\main\java\jetbrick\template\runtime\ValueContext.java,40
JDK:java.base:N/A:N/A,ClassOrInterfaceType,java.lang.Class,Class,C:\Users\tyin363\Documents\repos\subchen__jetbrick-template-2x\jetbrick-template\src\main\java\jetbrick\template\resolver\tag\TagInvokerResolver.java,99
JDK:java.base:N/A:N/A,ClassOrInterfaceType,java.lang.Long,Long,C:\Users\tyin363\Documents\repos\subchen__jetbrick-template-2x\jetbrick-template\src\main\java\jetbrick\template\parser\ast\ALU.java,280
JDK:java.base:N/A:N/A,ClassOrInterfaceType,java.lang.Class,Class,C:\Users\tyin363\Documents\repos\subchen__jetbrick-template-2x\jetbrick-template\src\main\java\jetbrick\template\resolver\GlobalResolver.java,77
JDK:java.base:N/A:N/A,ClassOrInterfaceType,java.lang.Integer,Integer,C:\Users\tyin363\Documents\repos\subchen__jetbrick-template-2x\jetbrick-template\src\main\java\jetbrick\template\parser\ast\ALU.java,45
CLIENT:client-code:N/A:N/A,NameExpr,jetbrick.template.parser.ast.AstInvokeNewObject,unsafe,C:\Users\tyin363\Documents\repos\subchen__jetbrick-template-2x\jetbrick-template\src\main\java\jetbrick\template\parser\ast\AstInvokeNewObject.java,64
JDK:java.base:N/A:N/A,ClassOrInterfaceType,java.util.Map,Map,C:\Users\tyin363\Documents\repos\subchen__jetbrick-template-2x\jetbrick-template\src\main\java\jetbrick\template\parser\ParserContext.java,53
CLIENT:client-code:N/A:N/A,MethodCallExpr,jetbrick.template.resolver.ParameterUtils,getParameterTypes,C:\Users\tyin363\Documents\repos\subchen__jetbrick-template-2x\jetbrick-template\src\main\java\jetbrick\template\parser\ast\AstDirectiveTag.java,58
CLIENT:client-code:N/A:N/A,FieldAccessExpr,jetbrick.template.parser.ast.AstInvokeField,last,C:\Users\tyin363\Documents\repos\subchen__jetbrick-template-2x\jetbrick-template\src\main\java\jetbrick\template\parser\ast\AstInvokeField.java,72
CLIENT:client-code:N/A:N/A,ClassOrInterfaceType,jetbrick.template.runtime.InterpretException,InterpretException,C:\Users\tyin363\Documents\repos\subchen__jetbrick-template-2x\jetbrick-template\src\main\java\jetbrick\template\parser\ast\AstInvokeMethod.java,106
JDK:java.base:N/A:N/A,ClassOrInterfaceType,java.io.IOException,IOException,C:\Users\tyin363\Documents\repos\subchen__jetbrick-template-2x\jetbrick-template\src\main\java\jetbrick\template\runtime\writer\JetOutputStreamPrinterEx.java,76
CLIENT:client-code:N/A:N/A,NameExpr,jetbrick.template.parser.ParserContext,declaredMacros,C:\Users\tyin363\Documents\repos\subchen__jetbrick-template-2x\jetbrick-template\src\main\java\jetbrick\template\parser\ParserContext.java,237
JDK:java.base:N/A:N/A,ClassOrInterfaceType,java.lang.String,String,C:\Users\tyin363\Documents\repos\subchen__jetbrick-template-2x\jetbrick-template\src\main\java\jetbrick\template\JetEngineImpl.java,168
CLIENT:client-code:N/A:N/A,NameExpr,jetbrick.template.runtime.JetForIterator,size,C:\Users\tyin363\Documents\repos\subchen__jetbrick-template-2x\jetbrick-template\src\main\java\jetbrick\template\runtime\JetForIterator.java,59
CLIENT:client-code:N/A:N/A,ClassOrInterfaceType,jetbrick.template.JetSecurityManager,JetSecurityManager,C:\Users\tyin363\Documents\repos\subchen__jetbrick-template-2x\jetbrick-template\src\main\java\jetbrick\template\resolver\property\FieldGetter.java,36
CLIENT:client-code:N/A:N/A,ObjectCreationExpr,jetbrick.template.runtime.InterpretException,InterpretException,C:\Users\tyin363\Documents\repos\subchen__jetbrick-template-2x\jetbrick-template\src\main\java\jetbrick\template\parser\ast\AstDirectiveInclude.java,69
JDK:java.base:N/A:N/A,ClassOrInterfaceType,java.lang.String,String,C:\Users\tyin363\Documents\repos\subchen__jetbrick-template-2x\jetbrick-template\src\main\java\jetbrick\template\parser\AstCodeVisitor.java,667
JDK:java.base:N/A:N/A,ClassOrInterfaceType,java.lang.Object,Object,C:\Users\tyin363\Documents\repos\subchen__jetbrick-template-2x\jetbrick-template\src\main\java\jetbrick\template\parser\ast\AstConstant.java,33
CLIENT:client-code:N/A:N/A,ClassOrInterfaceType,jetbrick.template.resolver.property.Getter,Getter,C:\Users\tyin363\Documents\repos\subchen__jetbrick-template-2x\jetbrick-template\src\main\java\jetbrick\template\parser\ast\AstInvokeField.java,60
JDK:java.base:N/A:N/A,ClassOrInterfaceType,java.lang.StringBuilder,StringBuilder,C:\Users\tyin363\Documents\repos\subchen__jetbrick-template-2x\jetbrick-template\src\main\java\jetbrick\template\Errors.java,160
JDK:java.base:N/A:N/A,ClassOrInterfaceType,java.lang.String,String,C:\Users\tyin363\Documents\repos\subchen__jetbrick-template-2x\jetbrick-template\src\main\java\jetbrick\template\resolver\GlobalResolver.java,223
JDK:java.base:N/A:N/A,ClassOrInterfaceType,java.lang.Integer,Integer,C:\Users\tyin363\Documents\repos\subchen__jetbrick-template-2x\jetbrick-template\src\main\java\jetbrick\template\parser\ast\ALU.java,310
CLIENT:client-code:N/A:N/A,MethodCallExpr,jetbrick.template.runtime.InterpretContext,getReturnName,C:\Users\tyin363\Documents\repos\subchen__jetbrick-template-2x\jetbrick-template\src\main\java\jetbrick\template\parser\ast\AstDirectiveReturn.java,38
CLIENT:client-code:N/A:N/A,ClassOrInterfaceType,jetbrick.template.JetTemplate,JetTemplate,C:\Users\tyin363\Documents\repos\subchen__jetbrick-template-2x\jetbrick-template\src\main\java\jetbrick\template\JetEngineImpl.java,44
JDK:java.base:N/A:N/A,ClassOrInterfaceType,java.util.Iterator,Iterator,C:\Users\tyin363\Documents\repos\subchen__jetbrick-template-2x\jetbrick-template\src\main\java\jetbrick\template\runtime\JetForIterator.java,41
JDK:java.base:N/A:N/A,MethodCallExpr,java.io.OutputStream,flush,C:\Users\tyin363\Documents\repos\subchen__jetbrick-template-2x\jetbrick-template\src\main\java\jetbrick\template\runtime\writer\TrimLeadingWhitespacesOutputStream.java,82
CLIENT:client-code:N/A:N/A,ObjectCreationExpr,jetbrick.template.parser.ast.AstDirectiveMacro,AstDirectiveMacro,C:\Users\tyin363\Documents\repos\subchen__jetbrick-template-2x\jetbrick-template\src\main\java\jetbrick\template\parser\AstCodeVisitor.java,435
org.slf4j:slf4j-api:jar:1.7.7,ClassOrInterfaceType,org.slf4j.Logger,Logger,C:\Users\tyin363\Documents\repos\subchen__jetbrick-template-2x\jetbrick-template\src\main\java\jetbrick\template\resolver\function\FunctionInvokerResolver.java,40
JDK:java.base:N/A:N/A,ClassOrInterfaceType,java.lang.Class,Class,C:\Users\tyin363\Documents\repos\subchen__jetbrick-template-2x\jetbrick-template\src\main\java\jetbrick\template\parser\ParserContext.java,149
org.slf4j:slf4j-api:jar:1.7.7,ClassOrInterfaceType,org.slf4j.Logger,Logger,C:\Users\tyin363\Documents\repos\subchen__jetbrick-template-2x\jetbrick-template\src\main\java\jetbrick\template\JetConfig.java,57
CLIENT:client-code:N/A:N/A,NameExpr,jetbrick.template.parser.ast.AstDirectiveFor,expression,C:\Users\tyin363\Documents\repos\subchen__jetbrick-template-2x\jetbrick-template\src\main\java\jetbrick\template\parser\ast\AstDirectiveFor.java,60
com.github.subchen:jetbrick-commons:jar:2.1.9,MethodCallExpr,jetbrick.bean.MethodInfo,getParameterTypes,C:\Users\tyin363\Documents\repos\subchen__jetbrick-template-2x\jetbrick-template\src\main\java\jetbrick\template\resolver\function\ExtensionFunctionInvoker.java,39
CLIENT:client-code:N/A:N/A,MethodCallExpr,jetbrick.template.resolver.GlobalResolver,importClass,C:\Users\tyin363\Documents\repos\subchen__jetbrick-template-2x\jetbrick-template\src\main\java\jetbrick\template\JetEngineImpl.java,167
CLIENT:client-code:N/A:N/A,ObjectCreationExpr,jetbrick.template.JetEngineImpl,JetEngineImpl,C:\Users\tyin363\Documents\repos\subchen__jetbrick-template-2x\jetbrick-template\src\main\java\jetbrick\template\JetEngine.java,64
CLIENT:client-code:N/A:N/A,MethodCallExpr,jetbrick.template.runtime.TemplateStack,current,C:\Users\tyin363\Documents\repos\subchen__jetbrick-template-2x\jetbrick-template\src\main\java\jetbrick\template\runtime\InterpretContextImpl.java,138
CLIENT:client-code:N/A:N/A,ClassOrInterfaceType,jetbrick.template.runtime.JetTagContext,JetTagContext,C:\Users\tyin363\Documents\repos\subchen__jetbrick-template-2x\jetbrick-template\src\main\java\jetbrick\template\resolver\tag\TagInvoker.java,43
JDK:java.base:N/A:N/A,ClassOrInterfaceType,java.lang.String,String,C:\Users\tyin363\Documents\repos\subchen__jetbrick-template-2x\jetbrick-template\src\main\java\jetbrick\template\runtime\buildin\JetMethods.java,177
JDK:java.base:N/A:N/A,ClassOrInterfaceType,java.lang.Class,Class,C:\Users\tyin363\Documents\repos\subchen__jetbrick-template-2x\jetbrick-template\src\main\java\jetbrick\template\Errors.java,90
CLIENT:client-code:N/A:N/A,FieldAccessExpr,jetbrick.template.Errors,UNREACHABLE_CODE,C:\Users\tyin363\Documents\repos\subchen__jetbrick-template-2x\jetbrick-template\src\main\java\jetbrick\template\parser\ParserContext.java,221
JDK:java.base:N/A:N/A,ClassOrInterfaceType,java.lang.String,String,C:\Users\tyin363\Documents\repos\subchen__jetbrick-template-2x\jetbrick-template\src\main\java\jetbrick\template\parser\Source.java,38
CLIENT:client-code:N/A:N/A,MethodCallExpr,jetbrick.template.runtime.JetWriter,print,C:\Users\tyin363\Documents\repos\subchen__jetbrick-template-2x\jetbrick-template\src\main\java\jetbrick\template\runtime\buildin\JetTags.java,52
CLIENT:client-code:N/A:N/A,ClassOrInterfaceType,jetbrick.template.parser.ast.AstDirectiveMacro,AstDirectiveMacro,C:\Users\tyin363\Documents\repos\subchen__jetbrick-template-2x\jetbrick-template\src\main\java\jetbrick\template\parser\ParserContext.java,233
CLIENT:client-code:N/A:N/A,NameExpr,jetbrick.template.resolver.macro.MacroResolver,loadedTemplates,C:\Users\tyin363\Documents\repos\subchen__jetbrick-template-2x\jetbrick-template\src\main\java\jetbrick\template\resolver\macro\MacroResolver.java,82
JDK:java.base:N/A:N/A,ClassOrInterfaceType,java.lang.String,String,C:\Users\tyin363\Documents\repos\subchen__jetbrick-template-2x\jetbrick-template\src\main\java\jetbrick\template\JetTemplate.java,38
CLIENT:client-code:N/A:N/A,ClassOrInterfaceType,jetbrick.template.runtime.InterpretException,InterpretException,C:\Users\tyin363\Documents\repos\subchen__jetbrick-template-2x\jetbrick-template\src\main\java\jetbrick\template\parser\ast\AstInvokeFunction.java,57
JDK:java.base:N/A:N/A,ClassOrInterfaceType,java.lang.String,String,C:\Users\tyin363\Documents\repos\subchen__jetbrick-template-2x\jetbrick-template\src\main\java\jetbrick\template\JetGlobalContext.java,30
JDK:java.base:N/A:N/A,ClassOrInterfaceType,java.lang.RuntimeException,RuntimeException,C:\Users\tyin363\Documents\repos\subchen__jetbrick-template-2x\jetbrick-template\src\main\java\jetbrick\template\parser\ast\AstInvokeField.java,91
CLIENT:client-code:N/A:N/A,ClassOrInterfaceType,jetbrick.template.runtime.OriginalStream,OriginalStream,C:\Users\tyin363\Documents\repos\subchen__jetbrick-template-2x\jetbrick-template\src\main\java\jetbrick\template\runtime\writer\TrimLeadingWhitespacesWriter.java,26
CLIENT:client-code:N/A:N/A,NameExpr,jetbrick.template.parser.ast.ALU,DOUBLE,C:\Users\tyin363\Documents\repos\subchen__jetbrick-template-2x\jetbrick-template\src\main\java\jetbrick\template\parser\ast\ALU.java,419
CLIENT:client-code:N/A:N/A,ClassOrInterfaceType,jetbrick.template.parser.ast.AstConstantMapEntry,AstConstantMapEntry,C:\Users\tyin363\Documents\repos\subchen__jetbrick-template-2x\jetbrick-template\src\main\java\jetbrick\template\parser\ast\AstConstantMap.java,39
JDK:java.base:N/A:N/A,ObjectCreationExpr,java.util.ArrayList,ArrayList,C:\Users\tyin363\Documents\repos\subchen__jetbrick-template-2x\jetbrick-template\src\main\java\jetbrick\template\resolver\tag\TagInvokerResolver.java,90
CLIENT:client-code:N/A:N/A,ClassOrInterfaceType,jetbrick.template.runtime.InterpretContext,InterpretContext,C:\Users\tyin363\Documents\repos\subchen__jetbrick-template-2x\jetbrick-template\src\main\java\jetbrick\template\parser\ast\AstInvokeMethodStatic.java,59
JDK:java.base:N/A:N/A,MethodCallExpr,java.lang.Class,getName,C:\Users\tyin363\Documents\repos\subchen__jetbrick-template-2x\jetbrick-template\src\main\java\jetbrick\template\resolver\clazz\ClassResolver.java,85
CLIENT:client-code:N/A:N/A,ClassOrInterfaceType,jetbrick.template.parser.ast.AstNode,AstNode,C:\Users\tyin363\Documents\repos\subchen__jetbrick-template-2x\jetbrick-template\src\main\java\jetbrick\template\parser\AstCodeVisitor.java,665
CLIENT:client-code:N/A:N/A,FieldAccessExpr,jetbrick.template.parser.ParserContext,trimDirectiveComments,C:\Users\tyin363\Documents\repos\subchen__jetbrick-template-2x\jetbrick-template\src\main\java\jetbrick\template\parser\ParserContext.java,110
CLIENT:client-code:N/A:N/A,NameExpr,jetbrick.template.parser.ast.ALU,BYTE,C:\Users\tyin363\Documents\repos\subchen__jetbrick-template-2x\jetbrick-template\src\main\java\jetbrick\template\parser\ast\ALU.java,440
CLIENT:client-code:N/A:N/A,NameExpr,jetbrick.template.resolver.GlobalResolver,tagInvokerResolver,C:\Users\tyin363\Documents\repos\subchen__jetbrick-template-2x\jetbrick-template\src\main\java\jetbrick\template\resolver\GlobalResolver.java,180
JDK:java.base:N/A:N/A,MethodCallExpr,java.util.List,iterator,C:\Users\tyin363\Documents\repos\subchen__jetbrick-template-2x\jetbrick-template\src\main\java\jetbrick\template\runtime\JetForIterator.java,69
JDK:java.base:N/A:N/A,ClassOrInterfaceType,java.lang.IllegalStateException,IllegalStateException,C:\Users\tyin363\Documents\repos\subchen__jetbrick-template-2x\jetbrick-template\src\main\java\jetbrick\template\parser\ast\ALU.java,516
JDK:java.base:N/A:N/A,ClassOrInterfaceType,java.lang.String,String,C:\Users\tyin363\Documents\repos\subchen__jetbrick-template-2x\jetbrick-template\src\main\java\jetbrick\template\parser\SyntaxException.java,35
CLIENT:client-code:N/A:N/A,NameExpr,jetbrick.template.JetTemplateOption,symbols,C:\Users\tyin363\Documents\repos\subchen__jetbrick-template-2x\jetbrick-template\src\main\java\jetbrick\template\JetTemplateOption.java,54
CLIENT:client-code:N/A:N/A,FieldAccessExpr,jetbrick.template.resolver.property.FieldGetter,field,C:\Users\tyin363\Documents\repos\subchen__jetbrick-template-2x\jetbrick-template\src\main\java\jetbrick\template\resolver\property\FieldGetter.java,32
CLIENT:client-code:N/A:N/A,ClassOrInterfaceType,jetbrick.template.runtime.JetForIterator,JetForIterator,C:\Users\tyin363\Documents\repos\subchen__jetbrick-template-2x\jetbrick-template\src\main\java\jetbrick\template\parser\ast\AstDirectiveFor.java,49
CLIENT:client-code:N/A:N/A,ClassOrInterfaceType,jetbrick.template.runtime.InterpretException,InterpretException,C:\Users\tyin363\Documents\repos\subchen__jetbrick-template-2x\jetbrick-template\src\main\java\jetbrick\template\parser\ast\AstExpression.java,35
CLIENT:client-code:N/A:N/A,FieldAccessExpr,jetbrick.template.runtime.writer.TrimLeadingWhitespacesWriter,first,C:\Users\tyin363\Documents\repos\subchen__jetbrick-template-2x\jetbrick-template\src\main\java\jetbrick\template\runtime\writer\TrimLeadingWhitespacesWriter.java,32
CLIENT:client-code:N/A:N/A,NameExpr,jetbrick.template.runtime.writer.JetWriterPrinterEx,os,C:\Users\tyin363\Documents\repos\subchen__jetbrick-template-2x\jetbrick-template\src\main\java\jetbrick\template\runtime\writer\JetWriterPrinterEx.java,64
JDK:java.base:N/A:N/A,MethodCallExpr,java.lang.Object,getClass,C:\Users\tyin363\Documents\repos\subchen__jetbrick-template-2x\jetbrick-template\src\main\java\jetbrick\template\parser\ast\ALU.java,494
CLIENT:client-code:N/A:N/A,NameExpr,jetbrick.template.parser.ast.ALU,LONG,C:\Users\tyin363\Documents\repos\subchen__jetbrick-template-2x\jetbrick-template\src\main\java\jetbrick\template\parser\ast\ALU.java,247
JDK:java.base:N/A:N/A,ClassOrInterfaceType,java.lang.StringBuilder,StringBuilder,C:\Users\tyin363\Documents\repos\subchen__jetbrick-template-2x\jetbrick-template\src\main\java\jetbrick\template\parser\ast\AstStatementList.java,91
CLIENT:client-code:N/A:N/A,MethodCallExpr,jetbrick.template.resolver.GlobalResolver,importClass,C:\Users\tyin363\Documents\repos\subchen__jetbrick-template-2x\jetbrick-template\src\main\java\jetbrick\template\JetEngineImpl.java,169
JDK:java.base:N/A:N/A,MethodCallExpr,java.lang.Long,valueOf,C:\Users\tyin363\Documents\repos\subchen__jetbrick-template-2x\jetbrick-template\src\main\java\jetbrick\template\parser\ast\ALU.java,81
CLIENT:client-code:N/A:N/A,ObjectCreationExpr,jetbrick.template.TemplateException,TemplateException,C:\Users\tyin363\Documents\repos\subchen__jetbrick-template-2x\jetbrick-template\src\main\java\jetbrick\template\resolver\GlobalResolver.java,139
JDK:java.base:N/A:N/A,MethodCallExpr,java.util.List,size,C:\Users\tyin363\Documents\repos\subchen__jetbrick-template-2x\jetbrick-template\src\main\java\jetbrick\template\JetTemplateImpl.java,130
JDK:java.base:N/A:N/A,ClassOrInterfaceType,java.lang.String,String,C:\Users\tyin363\Documents\repos\subchen__jetbrick-template-2x\jetbrick-template\src\main\java\jetbrick\template\parser\ParserContext.java,165
JDK:java.base:N/A:N/A,ClassOrInterfaceType,java.util.Map,Map,C:\Users\tyin363\Documents\repos\subchen__jetbrick-template-2x\jetbrick-template\src\main\java\jetbrick\template\parser\ParserContext.java,54
JDK:java.base:N/A:N/A,ClassOrInterfaceType,java.lang.String,String,C:\Users\tyin363\Documents\repos\subchen__jetbrick-template-2x\jetbrick-template\src\main\java\jetbrick\template\JetGlobalContext.java,29
JDK:java.base:N/A:N/A,ClassOrInterfaceType,java.lang.IllegalStateException,IllegalStateException,C:\Users\tyin363\Documents\repos\subchen__jetbrick-template-2x\jetbrick-template\src\main\java\jetbrick\template\parser\ast\ALU.java,251
JDK:java.base:N/A:N/A,ClassOrInterfaceType,java.lang.Object,Object,C:\Users\tyin363\Documents\repos\subchen__jetbrick-template-2x\jetbrick-template\src\main\java\jetbrick\template\resolver\property\Getter.java,28
CLIENT:client-code:N/A:N/A,NameExpr,jetbrick.template.parser.ast.ALU,DOUBLE,C:\Users\tyin363\Documents\repos\subchen__jetbrick-template-2x\jetbrick-template\src\main\java\jetbrick\template\parser\ast\ALU.java,155
CLIENT:client-code:N/A:N/A,ClassOrInterfaceType,jetbrick.template.JetEngine,JetEngine,C:\Users\tyin363\Documents\repos\subchen__jetbrick-template-2x\jetbrick-template\src\main\java\jetbrick\template\JetTemplate.java,54
org.antlr:antlr4-runtime:jar:4.10.1,ClassOrInterfaceType,org.antlr.v4.runtime.ANTLRInputStream,ANTLRInputStream,C:\Users\tyin363\Documents\repos\subchen__jetbrick-template-2x\jetbrick-template\src\main\java\jetbrick\template\parser\AstBuilder.java,35
CLIENT:client-code:N/A:N/A,ClassOrInterfaceType,jetbrick.template.parser.ast.AstType,AstType,C:\Users\tyin363\Documents\repos\subchen__jetbrick-template-2x\jetbrick-template\src\main\java\jetbrick\template\parser\AstCodeVisitor.java,213
CLIENT:client-code:N/A:N/A,ClassOrInterfaceType,jetbrick.template.loader.ResourceLoader,ResourceLoader,C:\Users\tyin363\Documents\repos\subchen__jetbrick-template-2x\jetbrick-template\src\main\java\jetbrick\template\JetEngineImpl.java,47
CLIENT:client-code:N/A:N/A,MethodCallExpr,jetbrick.template.runtime.InterpretException,set,C:\Users\tyin363\Documents\repos\subchen__jetbrick-template-2x\jetbrick-template\src\main\java\jetbrick\template\parser\ast\AstInvokeField.java,69
JDK:java.base:N/A:N/A,ClassOrInterfaceType,java.util.Properties,Properties,C:\Users\tyin363\Documents\repos\subchen__jetbrick-template-2x\jetbrick-template\src\main\java\jetbrick\template\JetEngine.java,63
JDK:java.base:N/A:N/A,MethodCallExpr,java.lang.Object,getClass,C:\Users\tyin363\Documents\repos\subchen__jetbrick-template-2x\jetbrick-template\src\main\java\jetbrick\template\parser\ast\ALU.java,493
JDK:java.base:N/A:N/A,ClassOrInterfaceType,java.lang.String,String,C:\Users\tyin363\Documents\repos\subchen__jetbrick-template-2x\jetbrick-template\src\main\java\jetbrick\template\JetTemplate.java,36
CLIENT:client-code:N/A:N/A,ClassOrInterfaceType,jetbrick.template.parser.ast.AstNode,AstNode,C:\Users\tyin363\Documents\repos\subchen__jetbrick-template-2x\jetbrick-template\src\main\java\jetbrick\template\parser\AstCodeVisitor.java,138
JDK:java.base:N/A:N/A,ClassOrInterfaceType,java.util.Iterator,Iterator,C:\Users\tyin363\Documents\repos\subchen__jetbrick-template-2x\jetbrick-template\src\main\java\jetbrick\template\runtime\JetForIterator.java,29
JDK:java.base:N/A:N/A,MethodCallExpr,java.util.List,size,C:\Users\tyin363\Documents\repos\subchen__jetbrick-template-2x\jetbrick-template\src\main\java\jetbrick\template\JetTemplateImpl.java,123
CLIENT:client-code:N/A:N/A,NameExpr,jetbrick.template.resolver.GlobalResolver,macroResolver,C:\Users\tyin363\Documents\repos\subchen__jetbrick-template-2x\jetbrick-template\src\main\java\jetbrick\template\resolver\GlobalResolver.java,187
CLIENT:client-code:N/A:N/A,FieldAccessExpr,jetbrick.template.loader.resource.SourceResource,DEFAULT_NAME,C:\Users\tyin363\Documents\repos\subchen__jetbrick-template-2x\jetbrick-template\src\main\java\jetbrick\template\JetEngineImpl.java,106
CLIENT:client-code:N/A:N/A,NameExpr,jetbrick.template.parser.ast.ALU,LONG,C:\Users\tyin363\Documents\repos\subchen__jetbrick-template-2x\jetbrick-template\src\main\java\jetbrick\template\parser\ast\ALU.java,504
org.antlr:antlr4-runtime:jar:4.10.1,MethodCallExpr,org.antlr.v4.runtime.Token,getText,C:\Users\tyin363\Documents\repos\subchen__jetbrick-template-2x\jetbrick-template\src\main\java\jetbrick\template\parser\AstCodeVisitor.java,520
JDK:java.base:N/A:N/A,ClassOrInterfaceType,java.lang.Class,Class,C:\Users\tyin363\Documents\repos\subchen__jetbrick-template-2x\jetbrick-template\src\main\java\jetbrick\template\resolver\GlobalResolver.java,81
CLIENT:client-code:N/A:N/A,ClassOrInterfaceType,jetbrick.template.runtime.JetWriter,JetWriter,C:\Users\tyin363\Documents\repos\subchen__jetbrick-template-2x\jetbrick-template\src\main\java\jetbrick\template\runtime\JetTagContext.java,42
CLIENT:client-code:N/A:N/A,FieldAccessExpr,jetbrick.template.parser.ast.AstDirectiveMacro,statements,C:\Users\tyin363\Documents\repos\subchen__jetbrick-template-2x\jetbrick-template\src\main\java\jetbrick\template\parser\ast\AstDirectiveMacro.java,37
CLIENT:client-code:N/A:N/A,MethodCallExpr,jetbrick.template.runtime.InterpretException,set,C:\Users\tyin363\Documents\repos\subchen__jetbrick-template-2x\jetbrick-template\src\main\java\jetbrick\template\parser\ast\AstInvokeIndexGet.java,83
CLIENT:client-code:N/A:N/A,NameExpr,jetbrick.template.runtime.JetForIterator,size,C:\Users\tyin363\Documents\repos\subchen__jetbrick-template-2x\jetbrick-template\src\main\java\jetbrick\template\runtime\JetForIterator.java,55
CLIENT:client-code:N/A:N/A,MethodCallExpr,jetbrick.template.JetSecurityManager,checkAccess,C:\Users\tyin363\Documents\repos\subchen__jetbrick-template-2x\jetbrick-template\src\main\java\jetbrick\template\parser\ast\AstInvokeFieldStatic.java,62
JDK:java.base:N/A:N/A,ClassOrInterfaceType,java.lang.Number,Number,C:\Users\tyin363\Documents\repos\subchen__jetbrick-template-2x\jetbrick-template\src\main\java\jetbrick\template\parser\ast\ALU.java,407
CLIENT:client-code:N/A:N/A,FieldAccessExpr,jetbrick.template.parser.ast.AstType,className,C:\Users\tyin363\Documents\repos\subchen__jetbrick-template-2x\jetbrick-template\src\main\java\jetbrick\template\parser\ast\AstType.java,27
JDK:java.base:N/A:N/A,ClassOrInterfaceType,java.lang.Class,Class,C:\Users\tyin363\Documents\repos\subchen__jetbrick-template-2x\jetbrick-template\src\main\java\jetbrick\template\parser\ast\ALU.java,44
JDK:java.base:N/A:N/A,ClassOrInterfaceType,java.lang.RuntimeException,RuntimeException,C:\Users\tyin363\Documents\repos\subchen__jetbrick-template-2x\jetbrick-template\src\main\java\jetbrick\template\parser\ast\AstInvokeField.java,80
JDK:java.base:N/A:N/A,MethodCallExpr,java.lang.Object,getClass,C:\Users\tyin363\Documents\repos\subchen__jetbrick-template-2x\jetbrick-template\src\main\java\jetbrick\template\runtime\JetForIterator.java,64
CLIENT:client-code:N/A:N/A,MethodCallExpr,jetbrick.template.parser.ast.ALU,getNumberType,C:\Users\tyin363\Documents\repos\subchen__jetbrick-template-2x\jetbrick-template\src\main\java\jetbrick\template\parser\ast\ALU.java,242
JDK:java.base:N/A:N/A,MethodCallExpr,java.lang.Number,intValue,C:\Users\tyin363\Documents\repos\subchen__jetbrick-template-2x\jetbrick-template\src\main\java\jetbrick\template\parser\ast\ALU.java,246
CLIENT:client-code:N/A:N/A,ClassOrInterfaceType,jetbrick.template.runtime.InterpretException,InterpretException,C:\Users\tyin363\Documents\repos\subchen__jetbrick-template-2x\jetbrick-template\src\main\java\jetbrick\template\parser\ast\AstInvokeMethod.java,93
JDK:java.base:N/A:N/A,MethodCallExpr,java.util.List,toArray,C:\Users\tyin363\Documents\repos\subchen__jetbrick-template-2x\jetbrick-template\src\main\java\jetbrick\template\parser\ast\AstInvokeNewArray.java,37
JDK:java.base:N/A:N/A,MethodCallExpr,java.lang.Class,isAssignableFrom,C:\Users\tyin363\Documents\repos\subchen__jetbrick-template-2x\jetbrick-template\src\main\java\jetbrick\template\parser\ast\ALU.java,239
JDK:java.base:N/A:N/A,ClassOrInterfaceType,java.lang.String,String,C:\Users\tyin363\Documents\repos\subchen__jetbrick-template-2x\jetbrick-template\src\main\java\jetbrick\template\parser\Source.java,34
CLIENT:client-code:N/A:N/A,MethodCallExpr,jetbrick.template.parser.ast.ALU,isTrue,C:\Users\tyin363\Documents\repos\subchen__jetbrick-template-2x\jetbrick-template\src\main\java\jetbrick\template\parser\ast\AstOperatorEquals.java,62
CLIENT:client-code:N/A:N/A,ObjectCreationExpr,jetbrick.template.parser.ast.AstStatementList,AstStatementList,C:\Users\tyin363\Documents\repos\subchen__jetbrick-template-2x\jetbrick-template\src\main\java\jetbrick\template\parser\AstCodeVisitor.java,119
CLIENT:client-code:N/A:N/A,ClassOrInterfaceType,jetbrick.template.parser.ast.AstExpression,AstExpression,C:\Users\tyin363\Documents\repos\subchen__jetbrick-template-2x\jetbrick-template\src\main\java\jetbrick\template\parser\ast\AstDirectiveReturn.java,29
CLIENT:client-code:N/A:N/A,NameExpr,jetbrick.template.parser.ParserContext,localClassResolver,C:\Users\tyin363\Documents\repos\subchen__jetbrick-template-2x\jetbrick-template\src\main\java\jetbrick\template\parser\ParserContext.java,143
CLIENT:client-code:N/A:N/A,MethodCallExpr,jetbrick.template.JetGlobalContext,define,C:\Users\tyin363\Documents\repos\subchen__jetbrick-template-2x\jetbrick-template\src\main\java\jetbrick\template\JetEngineImpl.java,207
CLIENT:client-code:N/A:N/A,ClassOrInterfaceType,jetbrick.template.parser.ast.AstExpression,AstExpression,C:\Users\tyin363\Documents\repos\subchen__jetbrick-template-2x\jetbrick-template\src\main\java\jetbrick\template\parser\AstCodeVisitor.java,536
CLIENT:client-code:N/A:N/A,ClassOrInterfaceType,jetbrick.template.runtime.InterpretContext,InterpretContext,C:\Users\tyin363\Documents\repos\subchen__jetbrick-template-2x\jetbrick-template\src\main\java\jetbrick\template\parser\ast\AstConstant.java,33
CLIENT:client-code:N/A:N/A,NameExpr,jetbrick.template.parser.ast.AstText,text,C:\Users\tyin363\Documents\repos\subchen__jetbrick-template-2x\jetbrick-template\src\main\java\jetbrick\template\parser\ast\AstText.java,53
JDK:java.base:N/A:N/A,ClassOrInterfaceType,java.lang.String,String,C:\Users\tyin363\Documents\repos\subchen__jetbrick-template-2x\jetbrick-template\src\main\java\jetbrick\template\runtime\buildin\JetMethods.java,181
JDK:java.base:N/A:N/A,MethodCallExpr,java.io.File,getAbsoluteFile,C:\Users\tyin363\Documents\repos\subchen__jetbrick-template-2x\jetbrick-template\src\main\java\jetbrick\template\loader\FileSystemResourceLoader.java,38
CLIENT:client-code:N/A:N/A,ClassOrInterfaceType,jetbrick.template.parser.ast.AstStatement,AstStatement,C:\Users\tyin363\Documents\repos\subchen__jetbrick-template-2x\jetbrick-template\src\main\java\jetbrick\template\parser\ast\AstStatementList.java,78
CLIENT:client-code:N/A:N/A,NameExpr,jetbrick.template.runtime.ValueStack,current,C:\Users\tyin363\Documents\repos\subchen__jetbrick-template-2x\jetbrick-template\src\main\java\jetbrick\template\runtime\ValueStack.java,75
CLIENT:client-code:N/A:N/A,FieldAccessExpr,jetbrick.template.parser.ParserContext,trimDirectiveCommentsSuffix,C:\Users\tyin363\Documents\repos\subchen__jetbrick-template-2x\jetbrick-template\src\main\java\jetbrick\template\parser\ParserContext.java,126
CLIENT:client-code:N/A:N/A,NameExpr,jetbrick.template.JetTemplateImpl,astNode,C:\Users\tyin363\Documents\repos\subchen__jetbrick-template-2x\jetbrick-template\src\main\java\jetbrick\template\JetTemplateImpl.java,160
CLIENT:client-code:N/A:N/A,ClassOrInterfaceType,jetbrick.template.parser.ast.AstOperatorEquals,AstOperatorEquals,C:\Users\tyin363\Documents\repos\subchen__jetbrick-template-2x\jetbrick-template\src\main\java\jetbrick\template\parser\AstCodeVisitor.java,597
JDK:java.base:N/A:N/A,ClassOrInterfaceType,java.lang.Object,Object,C:\Users\tyin363\Documents\repos\subchen__jetbrick-template-2x\jetbrick-template\src\main\java\jetbrick\template\parser\ast\AstDirectiveInclude.java,53
CLIENT:client-code:N/A:N/A,MethodCallExpr,jetbrick.template.runtime.TemplateStack,current,C:\Users\tyin363\Documents\repos\subchen__jetbrick-template-2x\jetbrick-template\src\main\java\jetbrick\template\runtime\InterpretContextImpl.java,150
JDK:java.base:N/A:N/A,MethodCallExpr,java.lang.String,trim,C:\Users\tyin363\Documents\repos\subchen__jetbrick-template-2x\jetbrick-template\src\main\java\jetbrick\template\parser\AstCodeVisitor.java,399
JDK:java.base:N/A:N/A,MethodCallExpr,java.lang.Class,getName,C:\Users\tyin363\Documents\repos\subchen__jetbrick-template-2x\jetbrick-template\src\main\java\jetbrick\template\resolver\method\MethodInvokerResolver.java,80
CLIENT:client-code:N/A:N/A,NameExpr,jetbrick.template.parser.ParserContext,declaredMacros,C:\Users\tyin363\Documents\repos\subchen__jetbrick-template-2x\jetbrick-template\src\main\java\jetbrick\template\parser\ParserContext.java,251
JDK:java.base:N/A:N/A,ClassOrInterfaceType,java.lang.Number,Number,C:\Users\tyin363\Documents\repos\subchen__jetbrick-template-2x\jetbrick-template\src\main\java\jetbrick\template\parser\ast\ALU.java,144
CLIENT:client-code:N/A:N/A,FieldAccessExpr,jetbrick.template.runtime.writer.JetOutputStreamPrinter,charset,C:\Users\tyin363\Documents\repos\subchen__jetbrick-template-2x\jetbrick-template\src\main\java\jetbrick\template\runtime\writer\JetOutputStreamPrinter.java,34
JDK:java.base:N/A:N/A,ClassOrInterfaceType,java.util.Properties,Properties,C:\Users\tyin363\Documents\repos\subchen__jetbrick-template-2x\jetbrick-template\src\main\java\jetbrick\template\JetConfig.java,80
JDK:java.base:N/A:N/A,ObjectCreationExpr,java.util.HashMap,HashMap,C:\Users\tyin363\Documents\repos\subchen__jetbrick-template-2x\jetbrick-template\src\main\java\jetbrick\template\resolver\function\FunctionInvokerResolver.java,43
CLIENT:client-code:N/A:N/A,ObjectCreationExpr,jetbrick.template.loader.resource.SourceResource,SourceResource,C:\Users\tyin363\Documents\repos\subchen__jetbrick-template-2x\jetbrick-template\src\main\java\jetbrick\template\JetEngineImpl.java,111
JDK:java.base:N/A:N/A,FieldAccessExpr,java.lang.Boolean,FALSE,C:\Users\tyin363\Documents\repos\subchen__jetbrick-template-2x\jetbrick-template\src\main\java\jetbrick\template\parser\ast\ALU.java,443
CLIENT:client-code:N/A:N/A,MethodCallExpr,jetbrick.template.Errors,isReflectIllegalArgumentException,C:\Users\tyin363\Documents\repos\subchen__jetbrick-template-2x\jetbrick-template\src\main\java\jetbrick\template\parser\ast\AstInvokeMethod.java,109
JDK:java.base:N/A:N/A,ClassOrInterfaceType,java.lang.Number,Number,C:\Users\tyin363\Documents\repos\subchen__jetbrick-template-2x\jetbrick-template\src\main\java\jetbrick\template\parser\ast\ALU.java,409
CLIENT:client-code:N/A:N/A,ClassOrInterfaceType,jetbrick.template.JetTemplateMacro,JetTemplateMacro,C:\Users\tyin363\Documents\repos\subchen__jetbrick-template-2x\jetbrick-template\src\main\java\jetbrick\template\parser\ast\AstDirectiveCall.java,50
JDK:java.base:N/A:N/A,ClassOrInterfaceType,java.lang.String,String,C:\Users\tyin363\Documents\repos\subchen__jetbrick-template-2x\jetbrick-template\src\main\java\jetbrick\template\parser\ParserContext.java,176
JDK:java.base:N/A:N/A,MethodCallExpr,java.lang.Object,getClass,C:\Users\tyin363\Documents\repos\subchen__jetbrick-template-2x\jetbrick-template\src\main\java\jetbrick\template\parser\ast\AstInvokeIndexGet.java,83
JDK:java.base:N/A:N/A,ClassOrInterfaceType,java.lang.Object,Object,C:\Users\tyin363\Documents\repos\subchen__jetbrick-template-2x\jetbrick-template\src\main\java\jetbrick\template\resolver\method\ExtensionMethodInvoker.java,52
JDK:java.base:N/A:N/A,ClassOrInterfaceType,java.util.Iterator,Iterator,C:\Users\tyin363\Documents\repos\subchen__jetbrick-template-2x\jetbrick-template\src\main\java\jetbrick\template\runtime\JetForIterator.java,30
JDK:java.base:N/A:N/A,MethodCallExpr,java.util.List,add,C:\Users\tyin363\Documents\repos\subchen__jetbrick-template-2x\jetbrick-template\src\main\java\jetbrick\template\resolver\property\DefaultGetterResolver.java,42
JDK:java.base:N/A:N/A,MethodCallExpr,java.util.List,size,C:\Users\tyin363\Documents\repos\subchen__jetbrick-template-2x\jetbrick-template\src\main\java\jetbrick\template\parser\AstCodeVisitor.java,355
JDK:java.base:N/A:N/A,ClassOrInterfaceType,java.lang.Number,Number,C:\Users\tyin363\Documents\repos\subchen__jetbrick-template-2x\jetbrick-template\src\main\java\jetbrick\template\parser\ast\ALU.java,143
CLIENT:client-code:N/A:N/A,ObjectCreationExpr,jetbrick.template.JetTemplateImpl,JetTemplateImpl,C:\Users\tyin363\Documents\repos\subchen__jetbrick-template-2x\jetbrick-template\src\main\java\jetbrick\template\JetEngineImpl.java,112
JDK:java.base:N/A:N/A,MethodCallExpr,java.lang.Math,max,C:\Users\tyin363\Documents\repos\subchen__jetbrick-template-2x\jetbrick-template\src\main\java\jetbrick\template\Errors.java,161
CLIENT:client-code:N/A:N/A,ClassOrInterfaceType,jetbrick.template.runtime.JetWriter,JetWriter,C:\Users\tyin363\Documents\repos\subchen__jetbrick-template-2x\jetbrick-template\src\main\java\jetbrick\template\runtime\InterpretContextImpl.java,100
JDK:java.base:N/A:N/A,ClassOrInterfaceType,java.io.IOException,IOException,C:\Users\tyin363\Documents\repos\subchen__jetbrick-template-2x\jetbrick-template\src\main\java\jetbrick\template\runtime\writer\JetOutputStreamPrinterEx.java,69
CLIENT:client-code:N/A:N/A,MethodCallExpr,jetbrick.template.parser.ast.AstExpressionList,execute,C:\Users\tyin363\Documents\repos\subchen__jetbrick-template-2x\jetbrick-template\src\main\java\jetbrick\template\parser\ast\AstConstantList.java,35
JDK:java.base:N/A:N/A,ClassOrInterfaceType,java.lang.String,String,C:\Users\tyin363\Documents\repos\subchen__jetbrick-template-2x\jetbrick-template\src\main\java\jetbrick\template\parser\Source.java,32
CLIENT:client-code:N/A:N/A,MethodCallExpr,jetbrick.template.runtime.JetWriter,create,C:\Users\tyin363\Documents\repos\subchen__jetbrick-template-2x\jetbrick-template\src\main\java\jetbrick\template\runtime\InterpretContextImpl.java,130
CLIENT:client-code:N/A:N/A,FieldAccessExpr,jetbrick.template.parser.ast.AstDirectiveFor,identifier,C:\Users\tyin363\Documents\repos\subchen__jetbrick-template-2x\jetbrick-template\src\main\java\jetbrick\template\parser\ast\AstDirectiveFor.java,34
CLIENT:client-code:N/A:N/A,NameExpr,jetbrick.template.parser.ast.AstExpression,position,C:\Users\tyin363\Documents\repos\subchen__jetbrick-template-2x\jetbrick-template\src\main\java\jetbrick\template\parser\ast\AstInvokeIndexGet.java,83
CLIENT:client-code:N/A:N/A,NameExpr,jetbrick.template.parser.ParserContext,localClassResolver,C:\Users\tyin363\Documents\repos\subchen__jetbrick-template-2x\jetbrick-template\src\main\java\jetbrick\template\parser\ParserContext.java,145
JDK:java.base:N/A:N/A,ClassOrInterfaceType,java.lang.Class,Class,C:\Users\tyin363\Documents\repos\subchen__jetbrick-template-2x\jetbrick-template\src\main\java\jetbrick\template\resolver\clazz\ClassResolver.java,82
JDK:java.base:N/A:N/A,ClassOrInterfaceType,java.lang.Object,Object,C:\Users\tyin363\Documents\repos\subchen__jetbrick-template-2x\jetbrick-template\src\main\java\jetbrick\template\runtime\JetWriter.java,64
JDK:java.base:N/A:N/A,MethodCallExpr,java.util.Map,get,C:\Users\tyin363\Documents\repos\subchen__jetbrick-template-2x\jetbrick-template\src\main\java\jetbrick\template\runtime\ValueContext.java,55
CLIENT:client-code:N/A:N/A,NameExpr,jetbrick.template.resolver.clazz.ClassResolver,enableLogger,C:\Users\tyin363\Documents\repos\subchen__jetbrick-template-2x\jetbrick-template\src\main\java\jetbrick\template\resolver\clazz\ClassResolver.java,60
CLIENT:client-code:N/A:N/A,ObjectCreationExpr,jetbrick.template.runtime.writer.TrimLeadingWhitespacesWriter,TrimLeadingWhitespacesWriter,C:\Users\tyin363\Documents\repos\subchen__jetbrick-template-2x\jetbrick-template\src\main\java\jetbrick\template\runtime\JetWriter.java,34
CLIENT:client-code:N/A:N/A,ClassOrInterfaceType,jetbrick.template.runtime.JetWriter,JetWriter,C:\Users\tyin363\Documents\repos\subchen__jetbrick-template-2x\jetbrick-template\src\main\java\jetbrick\template\parser\ast\AstText.java,253
CLIENT:client-code:N/A:N/A,ClassOrInterfaceType,jetbrick.template.parser.ast.AstOperatorEquals,AstOperatorEquals,C:\Users\tyin363\Documents\repos\subchen__jetbrick-template-2x\jetbrick-template\src\main\java\jetbrick\template\parser\AstCodeVisitor.java,599
CLIENT:client-code:N/A:N/A,NameExpr,jetbrick.template.runtime.InterpretContextImpl,templateStack,C:\Users\tyin363\Documents\repos\subchen__jetbrick-template-2x\jetbrick-template\src\main\java\jetbrick\template\runtime\InterpretContextImpl.java,76
JDK:java.base:N/A:N/A,MethodCallExpr,java.lang.String,substring,C:\Users\tyin363\Documents\repos\subchen__jetbrick-template-2x\jetbrick-template\src\main\java\jetbrick\template\parser\ast\AstText.java,198
CLIENT:client-code:N/A:N/A,FieldAccessExpr,jetbrick.template.JetTemplateOption,safecall,C:\Users\tyin363\Documents\repos\subchen__jetbrick-template-2x\jetbrick-template\src\main\java\jetbrick\template\JetTemplateOption.java,36
JDK:java.base:N/A:N/A,ClassOrInterfaceType,java.lang.Number,Number,C:\Users\tyin363\Documents\repos\subchen__jetbrick-template-2x\jetbrick-template\src\main\java\jetbrick\template\parser\ast\ALU.java,408
CLIENT:client-code:N/A:N/A,MethodCallExpr,jetbrick.template.parser.ast.AstStatementList.ListIterator,peek,C:\Users\tyin363\Documents\repos\subchen__jetbrick-template-2x\jetbrick-template\src\main\java\jetbrick\template\parser\ast\AstStatementList.java,78
CLIENT:client-code:N/A:N/A,FieldAccessExpr,jetbrick.template.parser.ast.Tokens,NE,C:\Users\tyin363\Documents\repos\subchen__jetbrick-template-2x\jetbrick-template\src\main\java\jetbrick\template\parser\AstCodeVisitor.java,595
CLIENT:client-code:N/A:N/A,ClassOrInterfaceType,jetbrick.template.parser.ast.AstDirectiveContinue,AstDirectiveContinue,C:\Users\tyin363\Documents\repos\subchen__jetbrick-template-2x\jetbrick-template\src\main\java\jetbrick\template\parser\AstCodeVisitor.java,329
CLIENT:client-code:N/A:N/A,MethodCallExpr,jetbrick.template.parser.ast.ALU,isTrue,C:\Users\tyin363\Documents\repos\subchen__jetbrick-template-2x\jetbrick-template\src\main\java\jetbrick\template\parser\ast\AstDirectiveStop.java,37
CLIENT:client-code:N/A:N/A,MethodCallExpr,jetbrick.template.parser.ast.AstText.TextEncoder,writeTo,C:\Users\tyin363\Documents\repos\subchen__jetbrick-template-2x\jetbrick-template\src\main\java\jetbrick\template\parser\ast\AstText.java,228
JDK:java.base:N/A:N/A,ClassOrInterfaceType,java.nio.charset.Charset,Charset,C:\Users\tyin363\Documents\repos\subchen__jetbrick-template-2x\jetbrick-template\src\main\java\jetbrick\template\runtime\writer\JetOutputStreamPrinter.java,49
CLIENT:client-code:N/A:N/A,ClassOrInterfaceType,jetbrick.template.parser.ast.AstInvokeNewArray,AstInvokeNewArray,C:\Users\tyin363\Documents\repos\subchen__jetbrick-template-2x\jetbrick-template\src\main\java\jetbrick\template\parser\AstCodeVisitor.java,654
CLIENT:client-code:N/A:N/A,NameExpr,jetbrick.template.runtime.JetForIterator,size,C:\Users\tyin363\Documents\repos\subchen__jetbrick-template-2x\jetbrick-template\src\main\java\jetbrick\template\runtime\JetForIterator.java,51
CLIENT:client-code:N/A:N/A,NameExpr,jetbrick.template.runtime.JetTagContext,statements,C:\Users\tyin363\Documents\repos\subchen__jetbrick-template-2x\jetbrick-template\src\main\java\jetbrick\template\runtime\JetTagContext.java,60
JDK:java.base:N/A:N/A,ClassOrInterfaceType,java.lang.String,String,C:\Users\tyin363\Documents\repos\subchen__jetbrick-template-2x\jetbrick-template\src\main\java\jetbrick\template\resolver\function\ExtensionFunctionInvoker.java,58
CLIENT:client-code:N/A:N/A,ClassOrInterfaceType,jetbrick.template.JetSecurityManager,JetSecurityManager,C:\Users\tyin363\Documents\repos\subchen__jetbrick-template-2x\jetbrick-template\src\main\java\jetbrick\template\JetTemplateImpl.java,45
CLIENT:client-code:N/A:N/A,NameExpr,jetbrick.template.runtime.InterpretContext,threadLocal,C:\Users\tyin363\Documents\repos\subchen__jetbrick-template-2x\jetbrick-template\src\main\java\jetbrick\template\runtime\InterpretContext.java,41
CLIENT:client-code:N/A:N/A,ClassOrInterfaceType,jetbrick.template.parser.ast.AstNode,AstNode,C:\Users\tyin363\Documents\repos\subchen__jetbrick-template-2x\jetbrick-template\src\main\java\jetbrick\template\parser\AstCodeVisitor.java,407
CLIENT:client-code:N/A:N/A,MethodCallExpr,jetbrick.template.Errors,typeName,C:\Users\tyin363\Documents\repos\subchen__jetbrick-template-2x\jetbrick-template\src\main\java\jetbrick\template\parser\ast\ALU.java,516
JDK:java.base:N/A:N/A,ClassOrInterfaceType,java.lang.String,String,C:\Users\tyin363\Documents\repos\subchen__jetbrick-template-2x\jetbrick-template\src\main\java\jetbrick\template\parser\AstCodeVisitor.java,411
CLIENT:client-code:N/A:N/A,MethodCallExpr,jetbrick.template.loader.ResourceLoader,load,C:\Users\tyin363\Documents\repos\subchen__jetbrick-template-2x\jetbrick-template\src\main\java\jetbrick\template\JetEngineImpl.java,130
com.github.subchen:jetbrick-commons:jar:2.1.9,ObjectCreationExpr,jetbrick.io.resource.ResourceNotFoundException,ResourceNotFoundException,C:\Users\tyin363\Documents\repos\subchen__jetbrick-template-2x\jetbrick-template\src\main\java\jetbrick\template\JetTemplateImpl.java,75
JDK:java.base:N/A:N/A,FieldAccessExpr,java.lang.Boolean,FALSE,C:\Users\tyin363\Documents\repos\subchen__jetbrick-template-2x\jetbrick-template\src\main\java\jetbrick\template\parser\ast\ALU.java,445
CLIENT:client-code:N/A:N/A,NameExpr,jetbrick.template.runtime.writer.JetWriterPrinterEx,os,C:\Users\tyin363\Documents\repos\subchen__jetbrick-template-2x\jetbrick-template\src\main\java\jetbrick\template\runtime\writer\JetWriterPrinterEx.java,58
JDK:java.base:N/A:N/A,ClassOrInterfaceType,java.lang.Class,Class,C:\Users\tyin363\Documents\repos\subchen__jetbrick-template-2x\jetbrick-template\src\main\java\jetbrick\template\resolver\function\FunctionInvokerResolver.java,95
JDK:java.base:N/A:N/A,ClassOrInterfaceType,java.util.Map,Map,C:\Users\tyin363\Documents\repos\subchen__jetbrick-template-2x\jetbrick-template\src\main\java\jetbrick\template\runtime\InterpretContextImpl.java,158
JDK:java.base:N/A:N/A,ObjectCreationExpr,java.util.EmptyStackException,EmptyStackException,C:\Users\tyin363\Documents\repos\subchen__jetbrick-template-2x\jetbrick-template\src\main\java\jetbrick\template\runtime\TemplateStack.java,58
JDK:java.base:N/A:N/A,ClassOrInterfaceType,java.io.OutputStream,OutputStream,C:\Users\tyin363\Documents\repos\subchen__jetbrick-template-2x\jetbrick-template\src\main\java\jetbrick\template\runtime\writer\TrimLeadingWhitespacesOutputStream.java,30
CLIENT:client-code:N/A:N/A,NameExpr,jetbrick.template.parser.AstCodeVisitor,parseCtx,C:\Users\tyin363\Documents\repos\subchen__jetbrick-template-2x\jetbrick-template\src\main\java\jetbrick\template\parser\AstCodeVisitor.java,798
JDK:java.base:N/A:N/A,MethodCallExpr,java.lang.Number,longValue,C:\Users\tyin363\Documents\repos\subchen__jetbrick-template-2x\jetbrick-template\src\main\java\jetbrick\template\parser\ast\ALU.java,267
CLIENT:client-code:N/A:N/A,MethodCallExpr,jetbrick.template.runtime.JetWriter,create,C:\Users\tyin363\Documents\repos\subchen__jetbrick-template-2x\jetbrick-template\src\main\java\jetbrick\template\runtime\buildin\JetFunctions.java,78
com.github.subchen:jetbrick-commons:jar:2.1.9,MethodCallExpr,jetbrick.util.PathUtils,concat,C:\Users\tyin363\Documents\repos\subchen__jetbrick-template-2x\jetbrick-template\src\main\java\jetbrick\template\loader\FileSystemResourceLoader.java,36
CLIENT:client-code:N/A:N/A,ClassOrInterfaceType,jetbrick.template.parser.ast.AstConstantMapEntry,AstConstantMapEntry,C:\Users\tyin363\Documents\repos\subchen__jetbrick-template-2x\jetbrick-template\src\main\java\jetbrick\template\parser\ast\AstConstantMap.java,29
CLIENT:client-code:N/A:N/A,ClassOrInterfaceType,jetbrick.template.parser.ast.AstStatementList.ListIterator,ListIterator,C:\Users\tyin363\Documents\repos\subchen__jetbrick-template-2x\jetbrick-template\src\main\java\jetbrick\template\parser\ast\AstStatementList.java,48
CLIENT:client-code:N/A:N/A,FieldAccessExpr,jetbrick.template.parser.ast.AstDirectiveSet,identifier,C:\Users\tyin363\Documents\repos\subchen__jetbrick-template-2x\jetbrick-template\src\main\java\jetbrick\template\parser\ast\AstDirectiveSet.java,31
JDK:java.base:N/A:N/A,ClassOrInterfaceType,java.lang.String,String,C:\Users\tyin363\Documents\repos\subchen__jetbrick-template-2x\jetbrick-template\src\main\java\jetbrick\template\JetContext.java,24
CLIENT:client-code:N/A:N/A,ObjectCreationExpr,jetbrick.template.parser.SyntaxException,SyntaxException,C:\Users\tyin363\Documents\repos\subchen__jetbrick-template-2x\jetbrick-template\src\main\java\jetbrick\template\parser\AstCodeVisitor.java,439
JDK:java.base:N/A:N/A,ClassOrInterfaceType,java.lang.Object,Object,C:\Users\tyin363\Documents\repos\subchen__jetbrick-template-2x\jetbrick-template\src\main\java\jetbrick\template\parser\ast\AstConstant.java,25
CLIENT:client-code:N/A:N/A,FieldAccessExpr,jetbrick.template.parser.Symbols,OPTION_IMPORT,C:\Users\tyin363\Documents\repos\subchen__jetbrick-template-2x\jetbrick-template\src\main\java\jetbrick\template\parser\AstCodeVisitor.java,169
CLIENT:client-code:N/A:N/A,FieldAccessExpr,jetbrick.template.Errors,VARIABLE_REDEFINE,C:\Users\tyin363\Documents\repos\subchen__jetbrick-template-2x\jetbrick-template\src\main\java\jetbrick\template\JetGlobalContext.java,40
JDK:java.base:N/A:N/A,ClassOrInterfaceType,java.lang.Object,Object,C:\Users\tyin363\Documents\repos\subchen__jetbrick-template-2x\jetbrick-template\src\main\java\jetbrick\template\parser\ast\AstValue.java,36
CLIENT:client-code:N/A:N/A,NameExpr,jetbrick.template.JetConfig,templateSuffix,C:\Users\tyin363\Documents\repos\subchen__jetbrick-template-2x\jetbrick-template\src\main\java\jetbrick\template\JetConfig.java,164
JDK:java.base:N/A:N/A,ClassOrInterfaceType,java.lang.Number,Number,C:\Users\tyin363\Documents\repos\subchen__jetbrick-template-2x\jetbrick-template\src\main\java\jetbrick\template\parser\ast\ALU.java,145
CLIENT:client-code:N/A:N/A,ClassOrInterfaceType,jetbrick.template.runtime.InterpretContext,InterpretContext,C:\Users\tyin363\Documents\repos\subchen__jetbrick-template-2x\jetbrick-template\src\main\java\jetbrick\template\parser\ast\AstInvokeMethodStatic.java,48
JDK:java.base:N/A:N/A,ClassOrInterfaceType,java.lang.String,String,C:\Users\tyin363\Documents\repos\subchen__jetbrick-template-2x\jetbrick-template\src\main\java\jetbrick\template\resolver\property\MapGetter.java,31
CLIENT:client-code:N/A:N/A,ClassOrInterfaceType,jetbrick.template.runtime.JetWriter,JetWriter,C:\Users\tyin363\Documents\repos\subchen__jetbrick-template-2x\jetbrick-template\src\main\java\jetbrick\template\runtime\JetTagContext.java,45
CLIENT:client-code:N/A:N/A,ClassOrInterfaceType,jetbrick.template.loader.ResourceLoader,ResourceLoader,C:\Users\tyin363\Documents\repos\subchen__jetbrick-template-2x\jetbrick-template\src\main\java\jetbrick\template\JetConfig.java,159
CLIENT:client-code:N/A:N/A,ClassOrInterfaceType,jetbrick.template.parser.SyntaxException,SyntaxException,C:\Users\tyin363\Documents\repos\subchen__jetbrick-template-2x\jetbrick-template\src\main\java\jetbrick\template\parser\AstCodeVisitor.java,471
JDK:java.base:N/A:N/A,ObjectCreationExpr,java.lang.IllegalStateException,IllegalStateException,C:\Users\tyin363\Documents\repos\subchen__jetbrick-template-2x\jetbrick-template\src\main\java\jetbrick\template\JetGlobalContext.java,40
JDK:java.base:N/A:N/A,ClassOrInterfaceType,java.lang.Object,Object,C:\Users\tyin363\Documents\repos\subchen__jetbrick-template-2x\jetbrick-template\src\main\java\jetbrick\template\parser\ast\AstOperatorEquals.java,38
JDK:java.base:N/A:N/A,ClassOrInterfaceType,java.util.List,List,C:\Users\tyin363\Documents\repos\subchen__jetbrick-template-2x\jetbrick-template\src\main\java\jetbrick\template\parser\AstCodeVisitor.java,820
,ClassOrInterfaceType,jetbrick.io.finder.FileFinder.ResourceEntry,ResourceEntry,C:\Users\tyin363\Documents\repos\subchen__jetbrick-template-2x\jetbrick-template\src\main\java\jetbrick\template\resolver\clazz\ClassResolver.java,132
CLIENT:client-code:N/A:N/A,NameExpr,jetbrick.template.parser.ast.AstText,text,C:\Users\tyin363\Documents\repos\subchen__jetbrick-template-2x\jetbrick-template\src\main\java\jetbrick\template\parser\ast\AstText.java,49
CLIENT:client-code:N/A:N/A,NameExpr,jetbrick.template.resolver.macro.MacroResolver,decleardMacros,C:\Users\tyin363\Documents\repos\subchen__jetbrick-template-2x\jetbrick-template\src\main\java\jetbrick\template\resolver\macro\MacroResolver.java,56
JDK:java.base:N/A:N/A,MethodCallExpr,java.lang.ThreadLocal,remove,C:\Users\tyin363\Documents\repos\subchen__jetbrick-template-2x\jetbrick-template\src\main\java\jetbrick\template\runtime\InterpretContextImpl.java,56
CLIENT:client-code:N/A:N/A,FieldAccessExpr,jetbrick.template.parser.Source,contents,C:\Users\tyin363\Documents\repos\subchen__jetbrick-template-2x\jetbrick-template\src\main\java\jetbrick\template\parser\Source.java,35
JDK:java.base:N/A:N/A,ClassOrInterfaceType,java.lang.Object,Object,C:\Users\tyin363\Documents\repos\subchen__jetbrick-template-2x\jetbrick-template\src\main\java\jetbrick\template\resolver\ParameterUtils.java,64
CLIENT:client-code:N/A:N/A,NameExpr,jetbrick.template.resolver.clazz.ClassResolver,enableLogger,C:\Users\tyin363\Documents\repos\subchen__jetbrick-template-2x\jetbrick-template\src\main\java\jetbrick\template\resolver\clazz\ClassResolver.java,53
CLIENT:client-code:N/A:N/A,MethodCallExpr,jetbrick.template.Errors,typeName,C:\Users\tyin363\Documents\repos\subchen__jetbrick-template-2x\jetbrick-template\src\main\java\jetbrick\template\parser\ast\ALU.java,251
CLIENT:client-code:N/A:N/A,NameExpr,jetbrick.template.parser.ast.AstExpressionList,expressions,C:\Users\tyin363\Documents\repos\subchen__jetbrick-template-2x\jetbrick-template\src\main\java\jetbrick\template\parser\ast\AstExpressionList.java,41
JDK:java.base:N/A:N/A,ClassOrInterfaceType,java.lang.String,String,C:\Users\tyin363\Documents\repos\subchen__jetbrick-template-2x\jetbrick-template\src\main\java\jetbrick\template\resolver\GlobalResolver.java,230
JDK:java.base:N/A:N/A,ClassOrInterfaceType,java.lang.String,String,C:\Users\tyin363\Documents\repos\subchen__jetbrick-template-2x\jetbrick-template\src\main\java\jetbrick\template\runtime\buildin\JetMethods.java,185
JDK:java.base:N/A:N/A,MethodCallExpr,java.lang.Number,doubleValue,C:\Users\tyin363\Documents\repos\subchen__jetbrick-template-2x\jetbrick-template\src\main\java\jetbrick\template\parser\ast\ALU.java,480
CLIENT:client-code:N/A:N/A,FieldAccessExpr,jetbrick.template.JetTemplateImpl,engine,C:\Users\tyin363\Documents\repos\subchen__jetbrick-template-2x\jetbrick-template\src\main\java\jetbrick\template\JetTemplateImpl.java,57
CLIENT:client-code:N/A:N/A,MethodCallExpr,jetbrick.template.runtime.InterpretContextImpl,setThreadLocal,C:\Users\tyin363\Documents\repos\subchen__jetbrick-template-2x\jetbrick-template\src\main\java\jetbrick\template\JetTemplateImpl.java,172
CLIENT:client-code:N/A:N/A,ClassOrInterfaceType,jetbrick.template.parser.ast.AstConstantMapEntry,AstConstantMapEntry,C:\Users\tyin363\Documents\repos\subchen__jetbrick-template-2x\jetbrick-template\src\main\java\jetbrick\template\parser\ast\AstConstantMap.java,28
CLIENT:client-code:N/A:N/A,MethodCallExpr,jetbrick.template.parser.ast.AstStatementList.ListIterator,hasNext,C:\Users\tyin363\Documents\repos\subchen__jetbrick-template-2x\jetbrick-template\src\main\java\jetbrick\template\parser\ast\AstStatementList.java,184
CLIENT:client-code:N/A:N/A,ClassOrInterfaceType,jetbrick.template.resolver.clazz.ClassResolver,ClassResolver,C:\Users\tyin363\Documents\repos\subchen__jetbrick-template-2x\jetbrick-template\src\main\java\jetbrick\template\parser\ParserContext.java,49
CLIENT:client-code:N/A:N/A,ObjectCreationExpr,jetbrick.template.resolver.property.ArrayLengthGetter,ArrayLengthGetter,C:\Users\tyin363\Documents\repos\subchen__jetbrick-template-2x\jetbrick-template\src\main\java\jetbrick\template\resolver\property\ArrayLengthGetter.java,29
JDK:java.base:N/A:N/A,ClassOrInterfaceType,java.util.List,List,C:\Users\tyin363\Documents\repos\subchen__jetbrick-template-2x\jetbrick-template\src\main\java\jetbrick\template\JetConfig.java,159
CLIENT:client-code:N/A:N/A,ClassOrInterfaceType,jetbrick.template.parser.ast.AstOperatorEquals,AstOperatorEquals,C:\Users\tyin363\Documents\repos\subchen__jetbrick-template-2x\jetbrick-template\src\main\java\jetbrick\template\parser\AstCodeVisitor.java,593
CLIENT:client-code:N/A:N/A,ClassOrInterfaceType,jetbrick.template.runtime.TemplateStack,TemplateStack,C:\Users\tyin363\Documents\repos\subchen__jetbrick-template-2x\jetbrick-template\src\main\java\jetbrick\template\runtime\InterpretContext.java,50
JDK:java.base:N/A:N/A,MethodCallExpr,java.util.Map,isEmpty,C:\Users\tyin363\Documents\repos\subchen__jetbrick-template-2x\jetbrick-template\src\main\java\jetbrick\template\parser\ast\ALU.java,525
JDK:java.base:N/A:N/A,ClassOrInterfaceType,java.util.List,List,C:\Users\tyin363\Documents\repos\subchen__jetbrick-template-2x\jetbrick-template\src\main\java\jetbrick\template\resolver\macro\MacroResolver.java,26
CLIENT:client-code:N/A:N/A,MethodCallExpr,jetbrick.template.parser.AstBuilder,create,C:\Users\tyin363\Documents\repos\subchen__jetbrick-template-2x\jetbrick-template\src\main\java\jetbrick\template\JetTemplateImpl.java,113
org.antlr:antlr4-runtime:jar:4.10.1,MethodCallExpr,org.antlr.v4.runtime.Token,getLine,C:\Users\tyin363\Documents\repos\subchen__jetbrick-template-2x\jetbrick-template\src\main\java\jetbrick\template\parser\AstCodeVisitor.java,421
JDK:java.base:N/A:N/A,ClassOrInterfaceType,java.lang.String,String,C:\Users\tyin363\Documents\repos\subchen__jetbrick-template-2x\jetbrick-template\src\main\java\jetbrick\template\parser\Source.java,29
org.slf4j:slf4j-api:jar:1.7.7,MethodCallExpr,org.slf4j.LoggerFactory,getLogger,C:\Users\tyin363\Documents\repos\subchen__jetbrick-template-2x\jetbrick-template\src\main\java\jetbrick\template\JetTemplateImpl.java,40
JDK:java.base:N/A:N/A,ClassOrInterfaceType,java.lang.Object,Object,C:\Users\tyin363\Documents\repos\subchen__jetbrick-template-2x\jetbrick-template\src\main\java\jetbrick\template\parser\ast\AstOperatorEquals.java,39
CLIENT:client-code:N/A:N/A,ClassOrInterfaceType,jetbrick.template.parser.ast.AstConstantMapEntry,AstConstantMapEntry,C:\Users\tyin363\Documents\repos\subchen__jetbrick-template-2x\jetbrick-template\src\main\java\jetbrick\template\parser\ast\AstConstantMap.java,31
CLIENT:client-code:N/A:N/A,NameExpr,jetbrick.template.parser.ParserContext,localClassResolver,C:\Users\tyin363\Documents\repos\subchen__jetbrick-template-2x\jetbrick-template\src\main\java\jetbrick\template\parser\ParserContext.java,142
com.github.subchen:jetbrick-commons:jar:2.1.9,ClassOrInterfaceType,jetbrick.io.finder.FileFinder,FileFinder,C:\Users\tyin363\Documents\repos\subchen__jetbrick-template-2x\jetbrick-template\src\main\java\jetbrick\template\resolver\clazz\ClassResolver.java,130
CLIENT:client-code:N/A:N/A,ClassOrInterfaceType,jetbrick.template.runtime.JetWriter,JetWriter,C:\Users\tyin363\Documents\repos\subchen__jetbrick-template-2x\jetbrick-template\src\main\java\jetbrick\template\runtime\JetWriter.java,59
JDK:java.base:N/A:N/A,ClassOrInterfaceType,java.lang.String,String,C:\Users\tyin363\Documents\repos\subchen__jetbrick-template-2x\jetbrick-template\src\main\java\jetbrick\template\parser\ParserContext.java,172
JDK:java.base:N/A:N/A,FieldAccessExpr,java.lang.Boolean,FALSE,C:\Users\tyin363\Documents\repos\subchen__jetbrick-template-2x\jetbrick-template\src\main\java\jetbrick\template\parser\ast\ALU.java,447
JDK:java.base:N/A:N/A,ClassOrInterfaceType,java.io.IOException,IOException,C:\Users\tyin363\Documents\repos\subchen__jetbrick-template-2x\jetbrick-template\src\main\java\jetbrick\template\runtime\writer\JetOutputStreamPrinter.java,147
CLIENT:client-code:N/A:N/A,ObjectCreationExpr,jetbrick.template.runtime.InterpretException,InterpretException,C:\Users\tyin363\Documents\repos\subchen__jetbrick-template-2x\jetbrick-template\src\main\java\jetbrick\template\parser\ast\AstOperatorBinary.java,127
org.antlr:antlr4-runtime:jar:4.10.1,ClassOrInterfaceType,org.antlr.v4.runtime.tree.TerminalNode,TerminalNode,C:\Users\tyin363\Documents\repos\subchen__jetbrick-template-2x\jetbrick-template\src\main\java\jetbrick\template\parser\AstCodeVisitor.java,535
JDK:java.base:N/A:N/A,ClassOrInterfaceType,java.lang.Object,Object,C:\Users\tyin363\Documents\repos\subchen__jetbrick-template-2x\jetbrick-template\src\main\java\jetbrick\template\parser\ast\AstConstant.java,27
com.github.subchen:jetbrick-commons:jar:2.1.9,MethodCallExpr,jetbrick.bean.MethodInfo,getMethod,C:\Users\tyin363\Documents\repos\subchen__jetbrick-template-2x\jetbrick-template\src\main\java\jetbrick\template\resolver\function\ExtensionFunctionInvoker.java,48
CLIENT:client-code:N/A:N/A,NameExpr,jetbrick.template.parser.ast.AstDirectiveSet,expression,C:\Users\tyin363\Documents\repos\subchen__jetbrick-template-2x\jetbrick-template\src\main\java\jetbrick\template\parser\ast\AstDirectiveSet.java,41
CLIENT:client-code:N/A:N/A,NameExpr,jetbrick.template.resolver.GlobalResolver,tagInvokerResolver,C:\Users\tyin363\Documents\repos\subchen__jetbrick-template-2x\jetbrick-template\src\main\java\jetbrick\template\resolver\GlobalResolver.java,173
CLIENT:client-code:N/A:N/A,ClassOrInterfaceType,jetbrick.template.parser.ast.AstNode,AstNode,C:\Users\tyin363\Documents\repos\subchen__jetbrick-template-2x\jetbrick-template\src\main\java\jetbrick\template\parser\AstCodeVisitor.java,674
JDK:java.base:N/A:N/A,ClassOrInterfaceType,java.lang.String,String,C:\Users\tyin363\Documents\repos\subchen__jetbrick-template-2x\jetbrick-template\src\main\java\jetbrick\template\parser\Source.java,28
org.slf4j:slf4j-api:jar:1.7.7,MethodCallExpr,org.slf4j.Logger,info,C:\Users\tyin363\Documents\repos\subchen__jetbrick-template-2x\jetbrick-template\src\main\java\jetbrick\template\resolver\clazz\ClassResolver.java,61
CLIENT:client-code:N/A:N/A,NameExpr,jetbrick.template.parser.ast.ALU,FLOAT,C:\Users\tyin363\Documents\repos\subchen__jetbrick-template-2x\jetbrick-template\src\main\java\jetbrick\template\parser\ast\ALU.java,477
CLIENT:client-code:N/A:N/A,ClassOrInterfaceType,jetbrick.template.parser.ast.AstExpression,AstExpression,C:\Users\tyin363\Documents\repos\subchen__jetbrick-template-2x\jetbrick-template\src\main\java\jetbrick\template\parser\ast\AstDirectiveReturn.java,27
CLIENT:client-code:N/A:N/A,FieldAccessExpr,jetbrick.template.Errors,VARIABLE_REDEFINE,C:\Users\tyin363\Documents\repos\subchen__jetbrick-template-2x\jetbrick-template\src\main\java\jetbrick\template\parser\ParserContext.java,189
CLIENT:client-code:N/A:N/A,ObjectCreationExpr,jetbrick.template.runtime.writer.TrimLeadingWhitespacesWriter,TrimLeadingWhitespacesWriter,C:\Users\tyin363\Documents\repos\subchen__jetbrick-template-2x\jetbrick-template\src\main\java\jetbrick\template\runtime\JetWriter.java,39
JDK:java.base:N/A:N/A,MethodCallExpr,java.lang.Math,max,C:\Users\tyin363\Documents\repos\subchen__jetbrick-template-2x\jetbrick-template\src\main\java\jetbrick\template\Errors.java,165
CLIENT:client-code:N/A:N/A,ClassOrInterfaceType,jetbrick.template.JetSecurityManager,JetSecurityManager,C:\Users\tyin363\Documents\repos\subchen__jetbrick-template-2x\jetbrick-template\src\main\java\jetbrick\template\resolver\property\MapGetter.java,36
JDK:java.base:N/A:N/A,ClassOrInterfaceType,java.lang.Object,Object,C:\Users\tyin363\Documents\repos\subchen__jetbrick-template-2x\jetbrick-template\src\main\java\jetbrick\template\runtime\OriginalStream.java,24
CLIENT:client-code:N/A:N/A,MethodCallExpr,jetbrick.template.Errors,format,C:\Users\tyin363\Documents\repos\subchen__jetbrick-template-2x\jetbrick-template\src\main\java\jetbrick\template\parser\ast\ALU.java,136
CLIENT:client-code:N/A:N/A,ClassOrInterfaceType,jetbrick.template.runtime.InterpretException,InterpretException,C:\Users\tyin363\Documents\repos\subchen__jetbrick-template-2x\jetbrick-template\src\main\java\jetbrick\template\parser\ast\AstInvokeFunction.java,66
JDK:java.base:N/A:N/A,ClassOrInterfaceType,java.lang.String,String,C:\Users\tyin363\Documents\repos\subchen__jetbrick-template-2x\jetbrick-template\src\main\java\jetbrick\template\parser\AstCodeVisitor.java,676
CLIENT:client-code:N/A:N/A,ObjectCreationExpr,jetbrick.template.JetEngineImpl,JetEngineImpl,C:\Users\tyin363\Documents\repos\subchen__jetbrick-template-2x\jetbrick-template\src\main\java\jetbrick\template\JetEngine.java,54
CLIENT:client-code:N/A:N/A,NameExpr,jetbrick.template.parser.ast.AstExpressionList,expressions,C:\Users\tyin363\Documents\repos\subchen__jetbrick-template-2x\jetbrick-template\src\main\java\jetbrick\template\parser\ast\AstExpressionList.java,43
JDK:java.base:N/A:N/A,MethodCallExpr,java.security.MessageDigest,getInstance,C:\Users\tyin363\Documents\repos\subchen__jetbrick-template-2x\jetbrick-template\src\main\java\jetbrick\template\runtime\buildin\JetMethods.java,243
CLIENT:client-code:N/A:N/A,NameExpr,jetbrick.template.JetConfig,IMPORT_TAGS,C:\Users\tyin363\Documents\repos\subchen__jetbrick-template-2x\jetbrick-template\src\main\java\jetbrick\template\JetConfig.java,107
CLIENT:client-code:N/A:N/A,ClassOrInterfaceType,jetbrick.template.runtime.JetWriter,JetWriter,C:\Users\tyin363\Documents\repos\subchen__jetbrick-template-2x\jetbrick-template\src\main\java\jetbrick\template\runtime\InterpretContextImpl.java,95
CLIENT:client-code:N/A:N/A,ClassOrInterfaceType,jetbrick.template.resolver.method.MethodInvoker,MethodInvoker,C:\Users\tyin363\Documents\repos\subchen__jetbrick-template-2x\jetbrick-template\src\main\java\jetbrick\template\resolver\GlobalResolver.java,202
CLIENT:client-code:N/A:N/A,NameExpr,jetbrick.template.parser.ParserContext,loadMacroFiles,C:\Users\tyin363\Documents\repos\subchen__jetbrick-template-2x\jetbrick-template\src\main\java\jetbrick\template\parser\ParserContext.java,247
CLIENT:client-code:N/A:N/A,NameExpr,jetbrick.template.parser.ast.AstInvokeNewObject,unsafe,C:\Users\tyin363\Documents\repos\subchen__jetbrick-template-2x\jetbrick-template\src\main\java\jetbrick\template\parser\ast\AstInvokeNewObject.java,73
CLIENT:client-code:N/A:N/A,ClassOrInterfaceType,jetbrick.template.parser.ast.AstOperatorEquals,AstOperatorEquals,C:\Users\tyin363\Documents\repos\subchen__jetbrick-template-2x\jetbrick-template\src\main\java\jetbrick\template\parser\AstCodeVisitor.java,595
JDK:java.base:N/A:N/A,MethodCallExpr,java.io.File,exists,C:\Users\tyin363\Documents\repos\subchen__jetbrick-template-2x\jetbrick-template\src\main\java\jetbrick\template\loader\FileSystemResourceLoader.java,39
CLIENT:client-code:N/A:N/A,NameExpr,jetbrick.template.JetConfig,trimDirectiveComments,C:\Users\tyin363\Documents\repos\subchen__jetbrick-template-2x\jetbrick-template\src\main\java\jetbrick\template\JetConfig.java,121
JDK:java.base:N/A:N/A,ClassOrInterfaceType,java.lang.Object,Object,C:\Users\tyin363\Documents\repos\subchen__jetbrick-template-2x\jetbrick-template\src\main\java\jetbrick\template\parser\ast\AstInvokeMethod.java,51
CLIENT:client-code:N/A:N/A,MethodCallExpr,jetbrick.template.parser.AstCodeVisitor,resolveClass,C:\Users\tyin363\Documents\repos\subchen__jetbrick-template-2x\jetbrick-template\src\main\java\jetbrick\template\parser\AstCodeVisitor.java,635
CLIENT:client-code:N/A:N/A,ClassOrInterfaceType,jetbrick.template.parser.ast.AstExpression,AstExpression,C:\Users\tyin363\Documents\repos\subchen__jetbrick-template-2x\jetbrick-template\src\main\java\jetbrick\template\parser\AstCodeVisitor.java,527
CLIENT:client-code:N/A:N/A,ClassOrInterfaceType,jetbrick.template.runtime.InterpretException,InterpretException,C:\Users\tyin363\Documents\repos\subchen__jetbrick-template-2x\jetbrick-template\src\main\java\jetbrick\template\parser\ast\AstDirectiveReturn.java,48
JDK:java.base:N/A:N/A,ClassOrInterfaceType,java.util.List,List,C:\Users\tyin363\Documents\repos\subchen__jetbrick-template-2x\jetbrick-template\src\main\java\jetbrick\template\JetConfig.java,147
JDK:java.base:N/A:N/A,MethodCallExpr,java.math.BigInteger,toString,C:\Users\tyin363\Documents\repos\subchen__jetbrick-template-2x\jetbrick-template\src\main\java\jetbrick\template\runtime\buildin\JetMethods.java,229
CLIENT:client-code:N/A:N/A,NameExpr,jetbrick.template.parser.ast.AstConstantMapEntry,valueExpression,C:\Users\tyin363\Documents\repos\subchen__jetbrick-template-2x\jetbrick-template\src\main\java\jetbrick\template\parser\ast\AstConstantMapEntry.java,37
CLIENT:client-code:N/A:N/A,NameExpr,jetbrick.template.resolver.function.FunctionInvokerResolver,cache,C:\Users\tyin363\Documents\repos\subchen__jetbrick-template-2x\jetbrick-template\src\main\java\jetbrick\template\resolver\function\FunctionInvokerResolver.java,105
JDK:java.base:N/A:N/A,ObjectCreationExpr,java.lang.AssertionError,AssertionError,C:\Users\tyin363\Documents\repos\subchen__jetbrick-template-2x\jetbrick-template\src\main\java\jetbrick\template\runtime\buildin\JetMethods.java,231
CLIENT:client-code:N/A:N/A,MethodCallExpr,jetbrick.template.runtime.JetWriter,create,C:\Users\tyin363\Documents\repos\subchen__jetbrick-template-2x\jetbrick-template\src\main\java\jetbrick\template\runtime\JetWriter.java,70
CLIENT:client-code:N/A:N/A,MethodCallExpr,jetbrick.template.parser.SyntaxException,set,C:\Users\tyin363\Documents\repos\subchen__jetbrick-template-2x\jetbrick-template\src\main\java\jetbrick\template\parser\AstCodeVisitor.java,836
JDK:java.base:N/A:N/A,FieldAccessExpr,java.lang.Boolean,FALSE,C:\Users\tyin363\Documents\repos\subchen__jetbrick-template-2x\jetbrick-template\src\main\java\jetbrick\template\parser\ast\ALU.java,416
JDK:java.base:N/A:N/A,ClassOrInterfaceType,java.lang.reflect.Method,Method,C:\Users\tyin363\Documents\repos\subchen__jetbrick-template-2x\jetbrick-template\src\main\java\jetbrick\template\JetSecurityManagerImpl.java,136
JDK:java.base:N/A:N/A,ClassOrInterfaceType,java.lang.Long,Long,C:\Users\tyin363\Documents\repos\subchen__jetbrick-template-2x\jetbrick-template\src\main\java\jetbrick\template\parser\ast\ALU.java,300
JDK:java.base:N/A:N/A,ClassOrInterfaceType,java.lang.Object,Object,C:\Users\tyin363\Documents\repos\subchen__jetbrick-template-2x\jetbrick-template\src\main\java\jetbrick\template\runtime\writer\JetWriterPrinter.java,39
CLIENT:client-code:N/A:N/A,FieldAccessExpr,jetbrick.template.parser.ast.ALU,VOID,C:\Users\tyin363\Documents\repos\subchen__jetbrick-template-2x\jetbrick-template\src\main\java\jetbrick\template\parser\ast\AstInvokeMethod.java,57
JDK:java.base:N/A:N/A,ClassOrInterfaceType,java.lang.String,String,C:\Users\tyin363\Documents\repos\subchen__jetbrick-template-2x\jetbrick-template\src\main\java\jetbrick\template\runtime\buildin\JetMethods.java,157
JDK:java.base:N/A:N/A,ClassOrInterfaceType,java.lang.String,String,C:\Users\tyin363\Documents\repos\subchen__jetbrick-template-2x\jetbrick-template\src\main\java\jetbrick\template\runtime\InterpretContext.java,66
JDK:java.base:N/A:N/A,ObjectCreationExpr,java.lang.IllegalStateException,IllegalStateException,C:\Users\tyin363\Documents\repos\subchen__jetbrick-template-2x\jetbrick-template\src\main\java\jetbrick\template\parser\ParserContext.java,205
JDK:java.base:N/A:N/A,ClassOrInterfaceType,java.lang.String,String,C:\Users\tyin363\Documents\repos\subchen__jetbrick-template-2x\jetbrick-template\src\main\java\jetbrick\template\runtime\InterpretContext.java,68
JDK:java.base:N/A:N/A,ClassOrInterfaceType,java.lang.String,String,C:\Users\tyin363\Documents\repos\subchen__jetbrick-template-2x\jetbrick-template\src\main\java\jetbrick\template\resolver\SignatureUtils.java,27
CLIENT:client-code:N/A:N/A,NameExpr,jetbrick.template.parser.ast.ALU,SHORT,C:\Users\tyin363\Documents\repos\subchen__jetbrick-template-2x\jetbrick-template\src\main\java\jetbrick\template\parser\ast\ALU.java,171
CLIENT:client-code:N/A:N/A,ClassOrInterfaceType,jetbrick.template.parser.ast.AstStatementList,AstStatementList,C:\Users\tyin363\Documents\repos\subchen__jetbrick-template-2x\jetbrick-template\src\main\java\jetbrick\template\parser\ast\AstDirectiveFor.java,30
CLIENT:client-code:N/A:N/A,ClassOrInterfaceType,jetbrick.template.parser.Source,Source,C:\Users\tyin363\Documents\repos\subchen__jetbrick-template-2x\jetbrick-template\src\main\java\jetbrick\template\runtime\InterpretException.java,33
CLIENT:client-code:N/A:N/A,FieldAccessExpr,jetbrick.template.parser.ast.Tokens,AND,C:\Users\tyin363\Documents\repos\subchen__jetbrick-template-2x\jetbrick-template\src\main\java\jetbrick\template\parser\AstCodeVisitor.java,597
JDK:java.base:N/A:N/A,MethodCallExpr,java.lang.Number,longValue,C:\Users\tyin363\Documents\repos\subchen__jetbrick-template-2x\jetbrick-template\src\main\java\jetbrick\template\parser\ast\ALU.java,248
CLIENT:client-code:N/A:N/A,NameExpr,jetbrick.template.JetConfig,INPUT_ENCODING,C:\Users\tyin363\Documents\repos\subchen__jetbrick-template-2x\jetbrick-template\src\main\java\jetbrick\template\JetConfig.java,115
JDK:java.base:N/A:N/A,MethodCallExpr,java.lang.Object,getClass,C:\Users\tyin363\Documents\repos\subchen__jetbrick-template-2x\jetbrick-template\src\main\java\jetbrick\template\JetGlobalContext.java,53
CLIENT:client-code:N/A:N/A,FieldAccessExpr,jetbrick.template.JetEngineImpl,loaders,C:\Users\tyin363\Documents\repos\subchen__jetbrick-template-2x\jetbrick-template\src\main\java\jetbrick\template\JetEngineImpl.java,53
CLIENT:client-code:N/A:N/A,NameExpr,jetbrick.template.runtime.writer.JetOutputStreamPrinterEx,charset,C:\Users\tyin363\Documents\repos\subchen__jetbrick-template-2x\jetbrick-template\src\main\java\jetbrick\template\runtime\writer\JetOutputStreamPrinterEx.java,92
CLIENT:client-code:N/A:N/A,NameExpr,jetbrick.template.runtime.JetForIterator,size,C:\Users\tyin363\Documents\repos\subchen__jetbrick-template-2x\jetbrick-template\src\main\java\jetbrick\template\runtime\JetForIterator.java,46
CLIENT:client-code:N/A:N/A,MethodCallExpr,jetbrick.template.JetConfig,isSyntaxStrict,C:\Users\tyin363\Documents\repos\subchen__jetbrick-template-2x\jetbrick-template\src\main\java\jetbrick\template\JetTemplateImpl.java,104
JDK:java.base:N/A:N/A,ClassOrInterfaceType,java.io.IOException,IOException,C:\Users\tyin363\Documents\repos\subchen__jetbrick-template-2x\jetbrick-template\src\main\java\jetbrick\template\runtime\writer\JetOutputStreamPrinterEx.java,62
JDK:java.base:N/A:N/A,ClassOrInterfaceType,java.lang.String,String,C:\Users\tyin363\Documents\repos\subchen__jetbrick-template-2x\jetbrick-template\src\main\java\jetbrick\template\parser\AstCodeVisitor.java,125
CLIENT:client-code:N/A:N/A,MethodCallExpr,jetbrick.template.JetTemplate,isReloadable,C:\Users\tyin363\Documents\repos\subchen__jetbrick-template-2x\jetbrick-template\src\main\java\jetbrick\template\parser\ast\AstDirectiveCall.java,52
CLIENT:client-code:N/A:N/A,ClassOrInterfaceType,jetbrick.template.parser.ast.AstOperatorEquals,AstOperatorEquals,C:\Users\tyin363\Documents\repos\subchen__jetbrick-template-2x\jetbrick-template\src\main\java\jetbrick\template\parser\AstCodeVisitor.java,589
JDK:java.base:N/A:N/A,ClassOrInterfaceType,java.io.IOException,IOException,C:\Users\tyin363\Documents\repos\subchen__jetbrick-template-2x\jetbrick-template\src\main\java\jetbrick\template\runtime\writer\JetWriterPrinter.java,120
JDK:java.base:N/A:N/A,ClassOrInterfaceType,java.lang.Class,Class,C:\Users\tyin363\Documents\repos\subchen__jetbrick-template-2x\jetbrick-template\src\main\java\jetbrick\template\parser\AstCodeVisitor.java,797
CLIENT:client-code:N/A:N/A,ObjectCreationExpr,jetbrick.template.runtime.InterpretException,InterpretException,C:\Users\tyin363\Documents\repos\subchen__jetbrick-template-2x\jetbrick-template\src\main\java\jetbrick\template\parser\ast\AstDirectiveInclude.java,47
com.github.subchen:jetbrick-commons:jar:2.1.9,ClassOrInterfaceType,jetbrick.io.stream.UnsafeCharArrayWriter,UnsafeCharArrayWriter,C:\Users\tyin363\Documents\repos\subchen__jetbrick-template-2x\jetbrick-template\src\main\java\jetbrick\template\runtime\buildin\JetFunctions.java,118
CLIENT:client-code:N/A:N/A,NameExpr,jetbrick.template.parser.ast.AstText,FIELD_STRING_VALUE,C:\Users\tyin363\Documents\repos\subchen__jetbrick-template-2x\jetbrick-template\src\main\java\jetbrick\template\parser\ast\AstText.java,297
CLIENT:client-code:N/A:N/A,MethodCallExpr,jetbrick.template.JetGlobalContext,define,C:\Users\tyin363\Documents\repos\subchen__jetbrick-template-2x\jetbrick-template\src\main\java\jetbrick\template\JetEngineImpl.java,199
CLIENT:client-code:N/A:N/A,FieldAccessExpr,jetbrick.template.Errors,OPERATION_UNARY_UNDEFINED,C:\Users\tyin363\Documents\repos\subchen__jetbrick-template-2x\jetbrick-template\src\main\java\jetbrick\template\parser\ast\ALU.java,288
JDK:java.base:N/A:N/A,ClassOrInterfaceType,java.lang.Long,Long,C:\Users\tyin363\Documents\repos\subchen__jetbrick-template-2x\jetbrick-template\src\main\java\jetbrick\template\parser\ast\ALU.java,299
CLIENT:client-code:N/A:N/A,MethodCallExpr,jetbrick.template.parser.ast.ALU,getNumberType,C:\Users\tyin363\Documents\repos\subchen__jetbrick-template-2x\jetbrick-template\src\main\java\jetbrick\template\parser\ast\ALU.java,499
com.github.subchen:jetbrick-commons:jar:2.1.9,ClassOrInterfaceType,jetbrick.util.tuple.NameValuePair,NameValuePair,C:\Users\tyin363\Documents\repos\subchen__jetbrick-template-2x\jetbrick-template\src\main\java\jetbrick\template\parser\ast\AstConstantMapEntry.java,36
CLIENT:client-code:N/A:N/A,NameExpr,jetbrick.template.parser.ast.AstDirectiveFor,elseStatements,C:\Users\tyin363\Documents\repos\subchen__jetbrick-template-2x\jetbrick-template\src\main\java\jetbrick\template\parser\ast\AstDirectiveFor.java,84
JDK:java.base:N/A:N/A,ObjectCreationExpr,java.lang.IllegalStateException,IllegalStateException,C:\Users\tyin363\Documents\repos\subchen__jetbrick-template-2x\jetbrick-template\src\main\java\jetbrick\template\parser\ast\ALU.java,458
CLIENT:client-code:N/A:N/A,ClassOrInterfaceType,jetbrick.template.JetEngine,JetEngine,C:\Users\tyin363\Documents\repos\subchen__jetbrick-template-2x\jetbrick-template\src\main\java\jetbrick\template\JetEngineImpl.java,40
org.antlr:antlr4-runtime:jar:4.10.1,MethodCallExpr,org.antlr.v4.runtime.Token,getType,C:\Users\tyin363\Documents\repos\subchen__jetbrick-template-2x\jetbrick-template\src\main\java\jetbrick\template\parser\AstCodeVisitor.java,521
CLIENT:client-code:N/A:N/A,FieldAccessExpr,jetbrick.template.parser.ParserContext,localSymbols,C:\Users\tyin363\Documents\repos\subchen__jetbrick-template-2x\jetbrick-template\src\main\java\jetbrick\template\parser\ParserContext.java,65
CLIENT:client-code:N/A:N/A,FieldAccessExpr,jetbrick.template.runtime.InterpretContext,SIGNAL_BREAK,C:\Users\tyin363\Documents\repos\subchen__jetbrick-template-2x\jetbrick-template\src\main\java\jetbrick\template\parser\ast\AstDirectiveFor.java,68
JDK:java.base:N/A:N/A,MethodCallExpr,java.lang.String,substring,C:\Users\tyin363\Documents\repos\subchen__jetbrick-template-2x\jetbrick-template\src\main\java\jetbrick\template\parser\AstCodeVisitor.java,741
JDK:java.base:N/A:N/A,ClassOrInterfaceType,java.lang.String,String,C:\Users\tyin363\Documents\repos\subchen__jetbrick-template-2x\jetbrick-template\src\main\java\jetbrick\template\resolver\GlobalResolver.java,209
CLIENT:client-code:N/A:N/A,NameExpr,jetbrick.template.parser.ast.AstDirectiveTag,tagContext,C:\Users\tyin363\Documents\repos\subchen__jetbrick-template-2x\jetbrick-template\src\main\java\jetbrick\template\parser\ast\AstDirectiveTag.java,70
CLIENT:client-code:N/A:N/A,NameExpr,jetbrick.template.runtime.ValueStack,current,C:\Users\tyin363\Documents\repos\subchen__jetbrick-template-2x\jetbrick-template\src\main\java\jetbrick\template\runtime\ValueStack.java,87
JDK:java.base:N/A:N/A,ClassOrInterfaceType,java.lang.reflect.Method,Method,C:\Users\tyin363\Documents\repos\subchen__jetbrick-template-2x\jetbrick-template\src\main\java\jetbrick\template\JetSecurityManager.java,36
CLIENT:client-code:N/A:N/A,MethodCallExpr,jetbrick.template.runtime.ValueStack,doGetType,C:\Users\tyin363\Documents\repos\subchen__jetbrick-template-2x\jetbrick-template\src\main\java\jetbrick\template\runtime\ValueStack.java,186
CLIENT:client-code:N/A:N/A,NameExpr,jetbrick.template.runtime.writer.JetOutputStreamPrinter,charset,C:\Users\tyin363\Documents\repos\subchen__jetbrick-template-2x\jetbrick-template\src\main\java\jetbrick\template\runtime\writer\JetOutputStreamPrinter.java,133
CLIENT:client-code:N/A:N/A,NameExpr,jetbrick.template.parser.ast.AstExpression,position,C:\Users\tyin363\Documents\repos\subchen__jetbrick-template-2x\jetbrick-template\src\main\java\jetbrick\template\parser\ast\AstInvokeField.java,52
CLIENT:client-code:N/A:N/A,NameExpr,jetbrick.template.resolver.property.DefaultGetterResolver,resolvers,C:\Users\tyin363\Documents\repos\subchen__jetbrick-template-2x\jetbrick-template\src\main\java\jetbrick\template\resolver\property\DefaultGetterResolver.java,39
CLIENT:client-code:N/A:N/A,NameExpr,jetbrick.template.parser.ast.ALU,LONG,C:\Users\tyin363\Documents\repos\subchen__jetbrick-template-2x\jetbrick-template\src\main\java\jetbrick\template\parser\ast\ALU.java,266
JDK:java.base:N/A:N/A,ClassOrInterfaceType,java.lang.String,String,C:\Users\tyin363\Documents\repos\subchen__jetbrick-template-2x\jetbrick-template\src\main\java\jetbrick\template\parser\ast\AstConstantMapEntry.java,36
JDK:java.base:N/A:N/A,MethodCallExpr,java.util.List,get,C:\Users\tyin363\Documents\repos\subchen__jetbrick-template-2x\jetbrick-template\src\main\java\jetbrick\template\parser\ast\AstStatementList.java,268
JDK:java.base:N/A:N/A,ClassOrInterfaceType,java.lang.Class,Class,C:\Users\tyin363\Documents\repos\subchen__jetbrick-template-2x\jetbrick-template\src\main\java\jetbrick\template\parser\AstCodeVisitor.java,798
CLIENT:client-code:N/A:N/A,MethodCallExpr,jetbrick.template.resolver.method.MethodInvoker,isVoidResult,C:\Users\tyin363\Documents\repos\subchen__jetbrick-template-2x\jetbrick-template\src\main\java\jetbrick\template\parser\ast\AstInvokeMethodStatic.java,91
CLIENT:client-code:N/A:N/A,ClassOrInterfaceType,jetbrick.template.parser.ast.AstDirectiveSet,AstDirectiveSet,C:\Users\tyin363\Documents\repos\subchen__jetbrick-template-2x\jetbrick-template\src\main\java\jetbrick\template\parser\AstCodeVisitor.java,264
CLIENT:client-code:N/A:N/A,FieldAccessExpr,jetbrick.template.Errors,OPERATION_BINARY_UNDEFINED,C:\Users\tyin363\Documents\repos\subchen__jetbrick-template-2x\jetbrick-template\src\main\java\jetbrick\template\parser\ast\ALU.java,111
CLIENT:client-code:N/A:N/A,ClassOrInterfaceType,jetbrick.template.runtime.InterpretContext,InterpretContext,C:\Users\tyin363\Documents\repos\subchen__jetbrick-template-2x\jetbrick-template\src\main\java\jetbrick\template\parser\ast\AstInvokeNewArray.java,42
CLIENT:client-code:N/A:N/A,NameExpr,jetbrick.template.parser.ast.ALU,INTEGER,C:\Users\tyin363\Documents\repos\subchen__jetbrick-template-2x\jetbrick-template\src\main\java\jetbrick\template\parser\ast\ALU.java,172
JDK:java.base:N/A:N/A,FieldAccessExpr,java.lang.Boolean,FALSE,C:\Users\tyin363\Documents\repos\subchen__jetbrick-template-2x\jetbrick-template\src\main\java\jetbrick\template\parser\ast\ALU.java,418
JDK:java.base:N/A:N/A,ClassOrInterfaceType,java.lang.Boolean,Boolean,C:\Users\tyin363\Documents\repos\subchen__jetbrick-template-2x\jetbrick-template\src\main\java\jetbrick\template\parser\AstCodeVisitor.java,186
CLIENT:client-code:N/A:N/A,FieldAccessExpr,jetbrick.template.parser.ast.Tokens,EQ,C:\Users\tyin363\Documents\repos\subchen__jetbrick-template-2x\jetbrick-template\src\main\java\jetbrick\template\parser\AstCodeVisitor.java,593
CLIENT:client-code:N/A:N/A,NameExpr,jetbrick.template.JetConfig,importFunctions,C:\Users\tyin363\Documents\repos\subchen__jetbrick-template-2x\jetbrick-template\src\main\java\jetbrick\template\JetConfig.java,136
CLIENT:client-code:N/A:N/A,NameExpr,jetbrick.template.parser.ast.AstDirectiveFor,elseStatements,C:\Users\tyin363\Documents\repos\subchen__jetbrick-template-2x\jetbrick-template\src\main\java\jetbrick\template\parser\ast\AstDirectiveFor.java,85
JDK:java.base:N/A:N/A,ClassOrInterfaceType,java.lang.Object,Object,C:\Users\tyin363\Documents\repos\subchen__jetbrick-template-2x\jetbrick-template\src\main\java\jetbrick\template\parser\ast\AstInvokeMethod.java,50
CLIENT:client-code:N/A:N/A,FieldAccessExpr,jetbrick.template.parser.ParserContext,localSymbols,C:\Users\tyin363\Documents\repos\subchen__jetbrick-template-2x\jetbrick-template\src\main\java\jetbrick\template\parser\ParserContext.java,64
JDK:java.base:N/A:N/A,MethodCallExpr,java.lang.String,format,C:\Users\tyin363\Documents\repos\subchen__jetbrick-template-2x\jetbrick-template\src\main\java\jetbrick\template\Errors.java,186
CLIENT:client-code:N/A:N/A,ClassOrInterfaceType,jetbrick.template.parser.ast.AstStatementList,AstStatementList,C:\Users\tyin363\Documents\repos\subchen__jetbrick-template-2x\jetbrick-template\src\main\java\jetbrick\template\parser\AstCodeVisitor.java,433
CLIENT:client-code:N/A:N/A,ClassOrInterfaceType,jetbrick.template.parser.ast.AstDirectiveMacro,AstDirectiveMacro,C:\Users\tyin363\Documents\repos\subchen__jetbrick-template-2x\jetbrick-template\src\main\java\jetbrick\template\JetTemplateMacro.java,44
CLIENT:client-code:N/A:N/A,ClassOrInterfaceType,jetbrick.template.parser.ast.AstStatementList,AstStatementList,C:\Users\tyin363\Documents\repos\subchen__jetbrick-template-2x\jetbrick-template\src\main\java\jetbrick\template\parser\ast\AstDirectiveFor.java,32
com.github.subchen:jetbrick-commons:jar:2.1.9,MethodCallExpr,jetbrick.bean.MethodInfo,getParameterCount,C:\Users\tyin363\Documents\repos\subchen__jetbrick-template-2x\jetbrick-template\src\main\java\jetbrick\template\resolver\method\MethodInvokerResolver.java,52
JDK:java.base:N/A:N/A,ClassOrInterfaceType,java.lang.UnsupportedOperationException,UnsupportedOperationException,C:\Users\tyin363\Documents\repos\subchen__jetbrick-template-2x\jetbrick-template\src\main\java\jetbrick\template\parser\AstCodeVisitor.java,908
JDK:java.base:N/A:N/A,ClassOrInterfaceType,java.lang.String,String,C:\Users\tyin363\Documents\repos\subchen__jetbrick-template-2x\jetbrick-template\src\main\java\jetbrick\template\resolver\property\MapGetter.java,29
JDK:java.base:N/A:N/A,MethodCallExpr,java.util.Map,get,C:\Users\tyin363\Documents\repos\subchen__jetbrick-template-2x\jetbrick-template\src\main\java\jetbrick\template\runtime\ValueContext.java,64
JDK:java.base:N/A:N/A,MethodCallExpr,java.util.List,add,C:\Users\tyin363\Documents\repos\subchen__jetbrick-template-2x\jetbrick-template\src\main\java\jetbrick\template\parser\AstCodeVisitor.java,824
CLIENT:client-code:N/A:N/A,NameExpr,jetbrick.template.runtime.writer.JetWriterPrinterEx,os,C:\Users\tyin363\Documents\repos\subchen__jetbrick-template-2x\jetbrick-template\src\main\java\jetbrick\template\runtime\writer\JetWriterPrinterEx.java,85
CLIENT:client-code:N/A:N/A,MethodCallExpr,jetbrick.template.runtime.JetWriter,getCharset,C:\Users\tyin363\Documents\repos\subchen__jetbrick-template-2x\jetbrick-template\src\main\java\jetbrick\template\runtime\buildin\JetFunctions.java,78
CLIENT:client-code:N/A:N/A,ClassOrInterfaceType,jetbrick.template.parser.ast.AstDirectiveStop,AstDirectiveStop,C:\Users\tyin363\Documents\repos\subchen__jetbrick-template-2x\jetbrick-template\src\main\java\jetbrick\template\parser\AstCodeVisitor.java,338
CLIENT:client-code:N/A:N/A,NameExpr,jetbrick.template.parser.ast.AstExpression,position,C:\Users\tyin363\Documents\repos\subchen__jetbrick-template-2x\jetbrick-template\src\main\java\jetbrick\template\parser\ast\AstInvokeField.java,54
CLIENT:client-code:N/A:N/A,FieldAccessExpr,jetbrick.template.parser.ast.Tokens,BIT_SHR,C:\Users\tyin363\Documents\repos\subchen__jetbrick-template-2x\jetbrick-template\src\main\java\jetbrick\template\parser\ast\AstOperatorBinary.java,102
CLIENT:client-code:N/A:N/A,ClassOrInterfaceType,jetbrick.template.runtime.writer.TrimLeadingWhitespacesOutputStream,TrimLeadingWhitespacesOutputStream,C:\Users\tyin363\Documents\repos\subchen__jetbrick-template-2x\jetbrick-template\src\main\java\jetbrick\template\runtime\JetWriter.java,48
JDK:java.base:N/A:N/A,ClassOrInterfaceType,java.io.IOException,IOException,C:\Users\tyin363\Documents\repos\subchen__jetbrick-template-2x\jetbrick-template\src\main\java\jetbrick\template\runtime\writer\JetOutputStreamPrinter.java,120
JDK:java.base:N/A:N/A,ClassOrInterfaceType,java.lang.Class,Class,C:\Users\tyin363\Documents\repos\subchen__jetbrick-template-2x\jetbrick-template\src\main\java\jetbrick\template\parser\ast\ALU.java,320
CLIENT:client-code:N/A:N/A,NameExpr,jetbrick.template.resolver.property.DefaultGetterResolver,resolvers,C:\Users\tyin363\Documents\repos\subchen__jetbrick-template-2x\jetbrick-template\src\main\java\jetbrick\template\resolver\property\DefaultGetterResolver.java,40
org.antlr:antlr4-runtime:jar:4.10.1,ClassOrInterfaceType,org.antlr.v4.runtime.Recognizer,Recognizer,C:\Users\tyin363\Documents\repos\subchen__jetbrick-template-2x\jetbrick-template\src\main\java\jetbrick\template\parser\AstBuilder.java,60
com.github.subchen:jetbrick-commons:jar:2.1.9,ClassOrInterfaceType,jetbrick.util.tuple.NameValuePair,NameValuePair,C:\Users\tyin363\Documents\repos\subchen__jetbrick-template-2x\jetbrick-template\src\main\java\jetbrick\template\parser\ast\AstConstantMapEntry.java,38
JDK:java.base:N/A:N/A,ClassOrInterfaceType,java.lang.Boolean,Boolean,C:\Users\tyin363\Documents\repos\subchen__jetbrick-template-2x\jetbrick-template\src\main\java\jetbrick\template\parser\AstCodeVisitor.java,185
JDK:java.base:N/A:N/A,MethodCallExpr,java.lang.Number,floatValue,C:\Users\tyin363\Documents\repos\subchen__jetbrick-template-2x\jetbrick-template\src\main\java\jetbrick\template\parser\ast\ALU.java,478
JDK:java.base:N/A:N/A,ClassOrInterfaceType,java.lang.Object,Object,C:\Users\tyin363\Documents\repos\subchen__jetbrick-template-2x\jetbrick-template\src\main\java\jetbrick\template\resolver\ParameterUtils.java,50
JDK:java.base:N/A:N/A,ClassOrInterfaceType,java.util.HashMap,HashMap,C:\Users\tyin363\Documents\repos\subchen__jetbrick-template-2x\jetbrick-template\src\main\java\jetbrick\template\resolver\method\MethodInvokerResolver.java,43
JDK:java.base:N/A:N/A,ClassOrInterfaceType,java.util.List,List,C:\Users\tyin363\Documents\repos\subchen__jetbrick-template-2x\jetbrick-template\src\main\java\jetbrick\template\JetConfig.java,151
CLIENT:client-code:N/A:N/A,MethodCallExpr,jetbrick.template.resolver.SignatureUtils,getMethodSignature,C:\Users\tyin363\Documents\repos\subchen__jetbrick-template-2x\jetbrick-template\src\main\java\jetbrick\template\resolver\method\MethodInvokerResolver.java,99
CLIENT:client-code:N/A:N/A,ObjectCreationExpr,jetbrick.template.runtime.InterpretException,InterpretException,C:\Users\tyin363\Documents\repos\subchen__jetbrick-template-2x\jetbrick-template\src\main\java\jetbrick\template\parser\ast\AstInvokeMethodStatic.java,80
JDK:java.base:N/A:N/A,ClassOrInterfaceType,java.lang.StringBuilder,StringBuilder,C:\Users\tyin363\Documents\repos\subchen__jetbrick-template-2x\jetbrick-template\src\main\java\jetbrick\template\Errors.java,143
CLIENT:client-code:N/A:N/A,NameExpr,jetbrick.template.JetConfig,IMPORT_METHODS,C:\Users\tyin363\Documents\repos\subchen__jetbrick-template-2x\jetbrick-template\src\main\java\jetbrick\template\JetConfig.java,105
JDK:java.base:N/A:N/A,ClassOrInterfaceType,java.lang.String,String,C:\Users\tyin363\Documents\repos\subchen__jetbrick-template-2x\jetbrick-template\src\main\java\jetbrick\template\parser\ast\AstConstantMapEntry.java,29
CLIENT:client-code:N/A:N/A,MethodCallExpr,jetbrick.template.Errors,isReflectIllegalArgumentException,C:\Users\tyin363\Documents\repos\subchen__jetbrick-template-2x\jetbrick-template\src\main\java\jetbrick\template\parser\ast\AstInvokeFunction.java,89
CLIENT:client-code:N/A:N/A,MethodCallExpr,jetbrick.template.parser.ast.AstExpression,execute,C:\Users\tyin363\Documents\repos\subchen__jetbrick-template-2x\jetbrick-template\src\main\java\jetbrick\template\parser\ast\AstInvokeNewArray.java,63
JDK:java.base:N/A:N/A,MethodCallExpr,java.lang.String,substring,C:\Users\tyin363\Documents\repos\subchen__jetbrick-template-2x\jetbrick-template\src\main\java\jetbrick\template\parser\AstCodeVisitor.java,743
org.slf4j:slf4j-api:jar:1.7.7,MethodCallExpr,org.slf4j.Logger,info,C:\Users\tyin363\Documents\repos\subchen__jetbrick-template-2x\jetbrick-template\src\main\java\jetbrick\template\resolver\clazz\ClassResolver.java,85
CLIENT:client-code:N/A:N/A,FieldAccessExpr,jetbrick.template.parser.ast.Tokens,LT,C:\Users\tyin363\Documents\repos\subchen__jetbrick-template-2x\jetbrick-template\src\main\java\jetbrick\template\parser\AstCodeVisitor.java,581
CLIENT:client-code:N/A:N/A,NameExpr,jetbrick.template.runtime.TemplateStack,UNUSED_INDEX,C:\Users\tyin363\Documents\repos\subchen__jetbrick-template-2x\jetbrick-template\src\main\java\jetbrick\template\runtime\TemplateStack.java,39
CLIENT:client-code:N/A:N/A,ClassOrInterfaceType,jetbrick.template.parser.ast.AstStatementList.ListIterator,ListIterator,C:\Users\tyin363\Documents\repos\subchen__jetbrick-template-2x\jetbrick-template\src\main\java\jetbrick\template\parser\ast\AstStatementList.java,73
CLIENT:client-code:N/A:N/A,NameExpr,jetbrick.template.parser.ast.AstDirectiveFor,expression,C:\Users\tyin363\Documents\repos\subchen__jetbrick-template-2x\jetbrick-template\src\main\java\jetbrick\template\parser\ast\AstDirectiveFor.java,42
org.slf4j:slf4j-api:jar:1.7.7,MethodCallExpr,org.slf4j.Logger,info,C:\Users\tyin363\Documents\repos\subchen__jetbrick-template-2x\jetbrick-template\src\main\java\jetbrick\template\JetConfig.java,89
org.antlr:antlr4-runtime:jar:4.10.1,MethodCallExpr,org.antlr.v4.runtime.Token,getText,C:\Users\tyin363\Documents\repos\subchen__jetbrick-template-2x\jetbrick-template\src\main\java\jetbrick\template\parser\AstCodeVisitor.java,524
JDK:java.base:N/A:N/A,ClassOrInterfaceType,java.lang.String,String,C:\Users\tyin363\Documents\repos\subchen__jetbrick-template-2x\jetbrick-template\src\main\java\jetbrick\template\runtime\buildin\JetMethods.java,161
JDK:java.base:N/A:N/A,ClassOrInterfaceType,java.io.Writer,Writer,C:\Users\tyin363\Documents\repos\subchen__jetbrick-template-2x\jetbrick-template\src\main\java\jetbrick\template\JetTemplate.java,36
JDK:java.base:N/A:N/A,FieldAccessExpr,java.lang.Boolean,FALSE,C:\Users\tyin363\Documents\repos\subchen__jetbrick-template-2x\jetbrick-template\src\main\java\jetbrick\template\parser\ast\ALU.java,420
CLIENT:client-code:N/A:N/A,ClassOrInterfaceType,jetbrick.template.parser.AstCodeVisitor,AstCodeVisitor,C:\Users\tyin363\Documents\repos\subchen__jetbrick-template-2x\jetbrick-template\src\main\java\jetbrick\template\parser\AstBuilder.java,48
JDK:java.base:N/A:N/A,MethodCallExpr,java.lang.Number,shortValue,C:\Users\tyin363\Documents\repos\subchen__jetbrick-template-2x\jetbrick-template\src\main\java\jetbrick\template\parser\ast\ALU.java,283
CLIENT:client-code:N/A:N/A,MethodCallExpr,jetbrick.template.runtime.InterpretException,set,C:\Users\tyin363\Documents\repos\subchen__jetbrick-template-2x\jetbrick-template\src\main\java\jetbrick\template\parser\ast\AstInvokeField.java,54
CLIENT:client-code:N/A:N/A,NameExpr,jetbrick.template.runtime.JetForIterator,size,C:\Users\tyin363\Documents\repos\subchen__jetbrick-template-2x\jetbrick-template\src\main\java\jetbrick\template\runtime\JetForIterator.java,42
JDK:java.base:N/A:N/A,ClassOrInterfaceType,java.lang.Object,Object,C:\Users\tyin363\Documents\repos\subchen__jetbrick-template-2x\jetbrick-template\src\main\java\jetbrick\template\runtime\ValueContext.java,31
com.github.subchen:jetbrick-commons:jar:2.1.9,ClassOrInterfaceType,jetbrick.collection.ListMap,ListMap,C:\Users\tyin363\Documents\repos\subchen__jetbrick-template-2x\jetbrick-template\src\main\java\jetbrick\template\parser\ast\AstConstantMap.java,38
CLIENT:client-code:N/A:N/A,MethodCallExpr,jetbrick.template.runtime.InterpretException,set,C:\Users\tyin363\Documents\repos\subchen__jetbrick-template-2x\jetbrick-template\src\main\java\jetbrick\template\parser\ast\AstOperatorUnary.java,53
CLIENT:client-code:N/A:N/A,NameExpr,jetbrick.template.resolver.macro.MacroResolver,loadedTemplates,C:\Users\tyin363\Documents\repos\subchen__jetbrick-template-2x\jetbrick-template\src\main\java\jetbrick\template\resolver\macro\MacroResolver.java,66
JDK:java.base:N/A:N/A,MethodCallExpr,java.lang.reflect.Array,getLength,C:\Users\tyin363\Documents\repos\subchen__jetbrick-template-2x\jetbrick-template\src\main\java\jetbrick\template\resolver\property\ArrayLengthGetter.java,37
CLIENT:client-code:N/A:N/A,FieldAccessExpr,jetbrick.template.parser.ParserContext,nullSafe,C:\Users\tyin363\Documents\repos\subchen__jetbrick-template-2x\jetbrick-template\src\main\java\jetbrick\template\parser\ParserContext.java,136
CLIENT:client-code:N/A:N/A,MethodCallExpr,jetbrick.template.JetConfig,getTemplateSecurityManager,C:\Users\tyin363\Documents\repos\subchen__jetbrick-template-2x\jetbrick-template\src\main\java\jetbrick\template\JetEngineImpl.java,112
CLIENT:client-code:N/A:N/A,MethodCallExpr,jetbrick.template.parser.SyntaxException,set,C:\Users\tyin363\Documents\repos\subchen__jetbrick-template-2x\jetbrick-template\src\main\java\jetbrick\template\parser\AstCodeVisitor.java,839
CLIENT:client-code:N/A:N/A,NameExpr,jetbrick.template.parser.ParserContext,safecall,C:\Users\tyin363\Documents\repos\subchen__jetbrick-template-2x\jetbrick-template\src\main\java\jetbrick\template\parser\ParserContext.java,80
CLIENT:client-code:N/A:N/A,MethodCallExpr,jetbrick.template.parser.ast.AstStatementList.ListIterator,has,C:\Users\tyin363\Documents\repos\subchen__jetbrick-template-2x\jetbrick-template\src\main\java\jetbrick\template\parser\ast\AstStatementList.java,50
CLIENT:client-code:N/A:N/A,ObjectCreationExpr,jetbrick.template.parser.ast.Position,Position,C:\Users\tyin363\Documents\repos\subchen__jetbrick-template-2x\jetbrick-template\src\main\java\jetbrick\template\parser\AstCodeVisitor.java,409
JDK:java.base:N/A:N/A,ClassOrInterfaceType,java.lang.Object,Object,C:\Users\tyin363\Documents\repos\subchen__jetbrick-template-2x\jetbrick-template\src\main\java\jetbrick\template\parser\ast\AstInvokeMethodStatic.java,49
CLIENT:client-code:N/A:N/A,NameExpr,jetbrick.template.resolver.property.DefaultGetterResolver,resolvers,C:\Users\tyin363\Documents\repos\subchen__jetbrick-template-2x\jetbrick-template\src\main\java\jetbrick\template\resolver\property\DefaultGetterResolver.java,42
CLIENT:client-code:N/A:N/A,ClassOrInterfaceType,jetbrick.template.runtime.ValueStack,ValueStack,C:\Users\tyin363\Documents\repos\subchen__jetbrick-template-2x\jetbrick-template\src\main\java\jetbrick\template\parser\ast\AstDirectiveFor.java,46
com.github.subchen:jetbrick-commons:jar:2.1.9,ClassOrInterfaceType,jetbrick.io.resource.AbstractResource,AbstractResource,C:\Users\tyin363\Documents\repos\subchen__jetbrick-template-2x\jetbrick-template\src\main\java\jetbrick\template\loader\resource\SourceResource.java,33
JDK:java.base:N/A:N/A,MethodCallExpr,java.lang.Long,valueOf,C:\Users\tyin363\Documents\repos\subchen__jetbrick-template-2x\jetbrick-template\src\main\java\jetbrick\template\parser\ast\ALU.java,330
JDK:java.base:N/A:N/A,ClassOrInterfaceType,java.util.concurrent.ConcurrentMap,ConcurrentMap,C:\Users\tyin363\Documents\repos\subchen__jetbrick-template-2x\jetbrick-template\src\main\java\jetbrick\template\resolver\method\MethodInvokerResolver.java,42
JDK:java.base:N/A:N/A,ClassOrInterfaceType,java.lang.Boolean,Boolean,C:\Users\tyin363\Documents\repos\subchen__jetbrick-template-2x\jetbrick-template\src\main\java\jetbrick\template\parser\AstCodeVisitor.java,191
JDK:java.base:N/A:N/A,ClassOrInterfaceType,java.lang.IllegalStateException,IllegalStateException,C:\Users\tyin363\Documents\repos\subchen__jetbrick-template-2x\jetbrick-template\src\main\java\jetbrick\template\parser\ast\ALU.java,236
CLIENT:client-code:N/A:N/A,NameExpr,jetbrick.template.runtime.JetTagContext,statements,C:\Users\tyin363\Documents\repos\subchen__jetbrick-template-2x\jetbrick-template\src\main\java\jetbrick\template\runtime\JetTagContext.java,37
CLIENT:client-code:N/A:N/A,FieldAccessExpr,jetbrick.template.parser.ast.Tokens,OR,C:\Users\tyin363\Documents\repos\subchen__jetbrick-template-2x\jetbrick-template\src\main\java\jetbrick\template\parser\AstCodeVisitor.java,599
org.slf4j:slf4j-api:jar:1.7.7,MethodCallExpr,org.slf4j.Logger,info,C:\Users\tyin363\Documents\repos\subchen__jetbrick-template-2x\jetbrick-template\src\main\java\jetbrick\template\resolver\GlobalResolver.java,74
CLIENT:client-code:N/A:N/A,ClassOrInterfaceType,jetbrick.template.parser.ast.AstExpression,AstExpression,C:\Users\tyin363\Documents\repos\subchen__jetbrick-template-2x\jetbrick-template\src\main\java\jetbrick\template\parser\AstCodeVisitor.java,269
JDK:java.base:N/A:N/A,MethodCallExpr,java.lang.String,length,C:\Users\tyin363\Documents\repos\subchen__jetbrick-template-2x\jetbrick-template\src\main\java\jetbrick\template\parser\AstCodeVisitor.java,869
JDK:java.base:N/A:N/A,MethodCallExpr,java.lang.Number,byteValue,C:\Users\tyin363\Documents\repos\subchen__jetbrick-template-2x\jetbrick-template\src\main\java\jetbrick\template\parser\ast\ALU.java,209
CLIENT:client-code:N/A:N/A,NameExpr,jetbrick.template.JetEngineImpl,config,C:\Users\tyin363\Documents\repos\subchen__jetbrick-template-2x\jetbrick-template\src\main\java\jetbrick\template\JetEngineImpl.java,71
CLIENT:client-code:N/A:N/A,FieldAccessExpr,jetbrick.template.resolver.method.ClassBuildinMethodInvoker,method,C:\Users\tyin363\Documents\repos\subchen__jetbrick-template-2x\jetbrick-template\src\main\java\jetbrick\template\resolver\method\ClassBuildinMethodInvoker.java,35
JDK:java.base:N/A:N/A,ClassOrInterfaceType,java.lang.Object,Object,C:\Users\tyin363\Documents\repos\subchen__jetbrick-template-2x\jetbrick-template\src\main\java\jetbrick\template\runtime\ValueContext.java,28
JDK:java.base:N/A:N/A,MethodCallExpr,java.lang.Number,longValue,C:\Users\tyin363\Documents\repos\subchen__jetbrick-template-2x\jetbrick-template\src\main\java\jetbrick\template\parser\ast\ALU.java,505
com.github.subchen:jetbrick-commons:jar:2.1.9,ObjectCreationExpr,jetbrick.io.stream.UnsafeCharArrayWriter,UnsafeCharArrayWriter,C:\Users\tyin363\Documents\repos\subchen__jetbrick-template-2x\jetbrick-template\src\main\java\jetbrick\template\runtime\buildin\JetFunctions.java,77
CLIENT:client-code:N/A:N/A,NameExpr,jetbrick.template.JetSecurityManagerImpl,blackList,C:\Users\tyin363\Documents\repos\subchen__jetbrick-template-2x\jetbrick-template\src\main\java\jetbrick\template\JetSecurityManagerImpl.java,84
CLIENT:client-code:N/A:N/A,NameExpr,jetbrick.template.parser.ast.AstDirectiveMacro,argumentNames,C:\Users\tyin363\Documents\repos\subchen__jetbrick-template-2x\jetbrick-template\src\main\java\jetbrick\template\parser\ast\AstDirectiveMacro.java,50
JDK:java.base:N/A:N/A,MethodCallExpr,java.util.List,get,C:\Users\tyin363\Documents\repos\subchen__jetbrick-template-2x\jetbrick-template\src\main\java\jetbrick\template\parser\ast\AstStatementList.java,272
CLIENT:client-code:N/A:N/A,MethodCallExpr,jetbrick.template.parser.ParserContext,getMacroArgumentNames,C:\Users\tyin363\Documents\repos\subchen__jetbrick-template-2x\jetbrick-template\src\main\java\jetbrick\template\parser\AstCodeVisitor.java,432
CLIENT:client-code:N/A:N/A,MethodCallExpr,jetbrick.template.runtime.JetWriter,create,C:\Users\tyin363\Documents\repos\subchen__jetbrick-template-2x\jetbrick-template\src\main\java\jetbrick\template\runtime\JetWriter.java,72
JDK:java.base:N/A:N/A,ObjectCreationExpr,java.lang.String,String,C:\Users\tyin363\Documents\repos\subchen__jetbrick-template-2x\jetbrick-template\src\main\java\jetbrick\template\runtime\writer\JetOutputStreamPrinter.java,105
JDK:java.base:N/A:N/A,ClassOrInterfaceType,java.lang.Throwable,Throwable,C:\Users\tyin363\Documents\repos\subchen__jetbrick-template-2x\jetbrick-template\src\main\java\jetbrick\template\Errors.java,89
JDK:java.base:N/A:N/A,MethodCallExpr,java.lang.Number,intValue,C:\Users\tyin363\Documents\repos\subchen__jetbrick-template-2x\jetbrick-template\src\main\java\jetbrick\template\parser\ast\ALU.java,227
JDK:java.base:N/A:N/A,ClassOrInterfaceType,java.lang.Object,Object,C:\Users\tyin363\Documents\repos\subchen__jetbrick-template-2x\jetbrick-template\src\main\java\jetbrick\template\parser\ast\AstInvokeMethodStatic.java,48
CLIENT:client-code:N/A:N/A,NameExpr,jetbrick.template.runtime.InterpretException,source,C:\Users\tyin363\Documents\repos\subchen__jetbrick-template-2x\jetbrick-template\src\main\java\jetbrick\template\runtime\InterpretException.java,67
JDK:java.base:N/A:N/A,MethodCallExpr,java.lang.Class,isAssignableFrom,C:\Users\tyin363\Documents\repos\subchen__jetbrick-template-2x\jetbrick-template\src\main\java\jetbrick\template\parser\ast\ALU.java,258
CLIENT:client-code:N/A:N/A,NameExpr,jetbrick.template.runtime.ValueStack,contexts,C:\Users\tyin363\Documents\repos\subchen__jetbrick-template-2x\jetbrick-template\src\main\java\jetbrick\template\runtime\ValueStack.java,74
JDK:java.base:N/A:N/A,MethodCallExpr,java.lang.Long,valueOf,C:\Users\tyin363\Documents\repos\subchen__jetbrick-template-2x\jetbrick-template\src\main\java\jetbrick\template\parser\ast\ALU.java,327
CLIENT:client-code:N/A:N/A,ClassOrInterfaceType,jetbrick.template.parser.ast.AstNode,AstNode,C:\Users\tyin363\Documents\repos\subchen__jetbrick-template-2x\jetbrick-template\src\main\java\jetbrick\template\parser\AstCodeVisitor.java,649
JDK:java.base:N/A:N/A,ClassOrInterfaceType,java.io.IOException,IOException,C:\Users\tyin363\Documents\repos\subchen__jetbrick-template-2x\jetbrick-template\src\main\java\jetbrick\template\runtime\writer\JetOutputStreamPrinterEx.java,57
JDK:java.base:N/A:N/A,ClassOrInterfaceType,java.lang.Boolean,Boolean,C:\Users\tyin363\Documents\repos\subchen__jetbrick-template-2x\jetbrick-template\src\main\java\jetbrick\template\parser\AstCodeVisitor.java,190
JDK:java.base:N/A:N/A,MethodCallExpr,java.util.Map,get,C:\Users\tyin363\Documents\repos\subchen__jetbrick-template-2x\jetbrick-template\src\main\java\jetbrick\template\resolver\clazz\ClassResolver.java,97
CLIENT:client-code:N/A:N/A,MethodCallExpr,jetbrick.template.JetConfig,getAutoscanPackages,C:\Users\tyin363\Documents\repos\subchen__jetbrick-template-2x\jetbrick-template\src\main\java\jetbrick\template\JetEngineImpl.java,187
CLIENT:client-code:N/A:N/A,ClassOrInterfaceType,jetbrick.template.JetGlobalContext,JetGlobalContext,C:\Users\tyin363\Documents\repos\subchen__jetbrick-template-2x\jetbrick-template\src\main\java\jetbrick\template\parser\ParserContext.java,52
CLIENT:client-code:N/A:N/A,ClassOrInterfaceType,jetbrick.template.runtime.InterpretException,InterpretException,C:\Users\tyin363\Documents\repos\subchen__jetbrick-template-2x\jetbrick-template\src\main\java\jetbrick\template\parser\ast\AstInvokeFieldStatic.java,73
CLIENT:client-code:N/A:N/A,ClassOrInterfaceType,jetbrick.template.runtime.JetTagContext,JetTagContext,C:\Users\tyin363\Documents\repos\subchen__jetbrick-template-2x\jetbrick-template\src\main\java\jetbrick\template\runtime\buildin\JetTags.java,36
CLIENT:client-code:N/A:N/A,ClassOrInterfaceType,jetbrick.template.JetSecurityManager,JetSecurityManager,C:\Users\tyin363\Documents\repos\subchen__jetbrick-template-2x\jetbrick-template\src\main\java\jetbrick\template\JetTemplateImpl.java,56
CLIENT:client-code:N/A:N/A,ClassOrInterfaceType,jetbrick.template.parser.ast.Position,Position,C:\Users\tyin363\Documents\repos\subchen__jetbrick-template-2x\jetbrick-template\src\main\java\jetbrick\template\parser\SyntaxException.java,57
CLIENT:client-code:N/A:N/A,ObjectCreationExpr,jetbrick.template.runtime.InterpretException,InterpretException,C:\Users\tyin363\Documents\repos\subchen__jetbrick-template-2x\jetbrick-template\src\main\java\jetbrick\template\parser\ast\AstDirectiveInclude.java,50
CLIENT:client-code:N/A:N/A,MethodCallExpr,jetbrick.template.runtime.InterpretException,set,C:\Users\tyin363\Documents\repos\subchen__jetbrick-template-2x\jetbrick-template\src\main\java\jetbrick\template\parser\ast\AstInvokeField.java,52
CLIENT:client-code:N/A:N/A,MethodCallExpr,jetbrick.template.parser.ParserContext,defineSymbol,C:\Users\tyin363\Documents\repos\subchen__jetbrick-template-2x\jetbrick-template\src\main\java\jetbrick\template\parser\AstCodeVisitor.java,223
CLIENT:client-code:N/A:N/A,NameExpr,jetbrick.template.parser.Source,filename,C:\Users\tyin363\Documents\repos\subchen__jetbrick-template-2x\jetbrick-template\src\main\java\jetbrick\template\parser\Source.java,39
JDK:java.base:N/A:N/A,ClassOrInterfaceType,java.lang.Object,Object,C:\Users\tyin363\Documents\repos\subchen__jetbrick-template-2x\jetbrick-template\src\main\java\jetbrick\template\runtime\ValueContext.java,29
CLIENT:client-code:N/A:N/A,MethodCallExpr,jetbrick.template.parser.ast.ALU,bitNot,C:\Users\tyin363\Documents\repos\subchen__jetbrick-template-2x\jetbrick-template\src\main\java\jetbrick\template\parser\ast\AstOperatorUnary.java,66
JDK:java.base:N/A:N/A,ClassOrInterfaceType,java.lang.AssertionError,AssertionError,C:\Users\tyin363\Documents\repos\subchen__jetbrick-template-2x\jetbrick-template\src\main\java\jetbrick\template\runtime\buildin\JetMethods.java,250
JDK:java.base:N/A:N/A,MethodCallExpr,java.lang.Integer,valueOf,C:\Users\tyin363\Documents\repos\subchen__jetbrick-template-2x\jetbrick-template\src\main\java\jetbrick\template\parser\ast\ALU.java,334
CLIENT:client-code:N/A:N/A,NameExpr,jetbrick.template.runtime.InterpretContextImpl,writer,C:\Users\tyin363\Documents\repos\subchen__jetbrick-template-2x\jetbrick-template\src\main\java\jetbrick\template\runtime\InterpretContextImpl.java,129
CLIENT:client-code:N/A:N/A,MethodCallExpr,jetbrick.template.parser.SyntaxException,set,C:\Users\tyin363\Documents\repos\subchen__jetbrick-template-2x\jetbrick-template\src\main\java\jetbrick\template\parser\AstCodeVisitor.java,841
CLIENT:client-code:N/A:N/A,ClassOrInterfaceType,jetbrick.template.parser.ast.AstOperatorEquals,AstOperatorEquals,C:\Users\tyin363\Documents\repos\subchen__jetbrick-template-2x\jetbrick-template\src\main\java\jetbrick\template\parser\AstCodeVisitor.java,587
CLIENT:client-code:N/A:N/A,FieldAccessExpr,jetbrick.template.JetTemplateImpl,lastModified,C:\Users\tyin363\Documents\repos\subchen__jetbrick-template-2x\jetbrick-template\src\main\java\jetbrick\template\JetTemplateImpl.java,62
CLIENT:client-code:N/A:N/A,MethodCallExpr,jetbrick.template.parser.ast.ALU,isTrue,C:\Users\tyin363\Documents\repos\subchen__jetbrick-template-2x\jetbrick-template\src\main\java\jetbrick\template\parser\ast\AstTernaryOperator.java,40
CLIENT:client-code:N/A:N/A,NameExpr,jetbrick.template.runtime.ValueStack,contexts,C:\Users\tyin363\Documents\repos\subchen__jetbrick-template-2x\jetbrick-template\src\main\java\jetbrick\template\runtime\ValueStack.java,75
CLIENT:client-code:N/A:N/A,FieldAccessExpr,jetbrick.template.parser.ast.AstInvokeMethodStatic,unsafe,C:\Users\tyin363\Documents\repos\subchen__jetbrick-template-2x\jetbrick-template\src\main\java\jetbrick\template\parser\ast\AstInvokeMethodStatic.java,44
JDK:java.base:N/A:N/A,ClassOrInterfaceType,java.lang.String,String,C:\Users\tyin363\Documents\repos\subchen__jetbrick-template-2x\jetbrick-template\src\main\java\jetbrick\template\parser\Source.java,52
CLIENT:client-code:N/A:N/A,ClassOrInterfaceType,jetbrick.template.resolver.GlobalResolver,GlobalResolver,C:\Users\tyin363\Documents\repos\subchen__jetbrick-template-2x\jetbrick-template\src\main\java\jetbrick\template\runtime\InterpretContext.java,46
CLIENT:client-code:N/A:N/A,NameExpr,jetbrick.template.parser.ast.AstDirectiveContinue,conditionExpression,C:\Users\tyin363\Documents\repos\subchen__jetbrick-template-2x\jetbrick-template\src\main\java\jetbrick\template\parser\ast\AstDirectiveContinue.java,35
JDK:java.base:N/A:N/A,MethodCallExpr,java.lang.String,getBytes,C:\Users\tyin363\Documents\repos\subchen__jetbrick-template-2x\jetbrick-template\src\main\java\jetbrick\template\runtime\buildin\JetMethods.java,245
JDK:java.base:N/A:N/A,ClassOrInterfaceType,java.util.List,List,C:\Users\tyin363\Documents\repos\subchen__jetbrick-template-2x\jetbrick-template\src\main\java\jetbrick\template\runtime\InterpretContextImpl.java,145
JDK:java.base:N/A:N/A,ClassOrInterfaceType,java.util.Map,Map,C:\Users\tyin363\Documents\repos\subchen__jetbrick-template-2x\jetbrick-template\src\main\java\jetbrick\template\runtime\ValueContext.java,27
JDK:java.base:N/A:N/A,ClassOrInterfaceType,java.lang.Object,Object,C:\Users\tyin363\Documents\repos\subchen__jetbrick-template-2x\jetbrick-template\src\main\java\jetbrick\template\parser\ast\ALU.java,31
JDK:java.base:N/A:N/A,ClassOrInterfaceType,java.lang.Boolean,Boolean,C:\Users\tyin363\Documents\repos\subchen__jetbrick-template-2x\jetbrick-template\src\main\java\jetbrick\template\parser\AstCodeVisitor.java,180
CLIENT:client-code:N/A:N/A,NameExpr,jetbrick.template.runtime.writer.JetWriterPrinterEx,os,C:\Users\tyin363\Documents\repos\subchen__jetbrick-template-2x\jetbrick-template\src\main\java\jetbrick\template\runtime\writer\JetWriterPrinterEx.java,78
CLIENT:client-code:N/A:N/A,MethodCallExpr,jetbrick.template.parser.ast.AstStatementList,isAstDirective,C:\Users\tyin363\Documents\repos\subchen__jetbrick-template-2x\jetbrick-template\src\main\java\jetbrick\template\parser\ast\AstStatementList.java,143
JDK:java.base:N/A:N/A,ClassOrInterfaceType,java.lang.String,String,C:\Users\tyin363\Documents\repos\subchen__jetbrick-template-2x\jetbrick-template\src\main\java\jetbrick\template\parser\AstCodeVisitor.java,398
JDK:java.base:N/A:N/A,MethodCallExpr,java.lang.String,equals,C:\Users\tyin363\Documents\repos\subchen__jetbrick-template-2x\jetbrick-template\src\main\java\jetbrick\template\runtime\buildin\JetMethods.java,55
CLIENT:client-code:N/A:N/A,ObjectCreationExpr,jetbrick.template.runtime.InterpretException,InterpretException,C:\Users\tyin363\Documents\repos\subchen__jetbrick-template-2x\jetbrick-template\src\main\java\jetbrick\template\parser\ast\AstInvokeMethodStatic.java,68
CLIENT:client-code:N/A:N/A,NameExpr,jetbrick.template.runtime.writer.JetOutputStreamPrinterEx,charset,C:\Users\tyin363\Documents\repos\subchen__jetbrick-template-2x\jetbrick-template\src\main\java\jetbrick\template\runtime\writer\JetOutputStreamPrinterEx.java,85
CLIENT:client-code:N/A:N/A,MethodCallExpr,jetbrick.template.runtime.InterpretContext,setSignal,C:\Users\tyin363\Documents\repos\subchen__jetbrick-template-2x\jetbrick-template\src\main\java\jetbrick\template\parser\ast\AstDirectiveBreak.java,40
CLIENT:client-code:N/A:N/A,NameExpr,jetbrick.template.runtime.ValueStack,contexts,C:\Users\tyin363\Documents\repos\subchen__jetbrick-template-2x\jetbrick-template\src\main\java\jetbrick\template\runtime\ValueStack.java,59
CLIENT:client-code:N/A:N/A,ClassOrInterfaceType,jetbrick.template.parser.ast.Position,Position,C:\Users\tyin363\Documents\repos\subchen__jetbrick-template-2x\jetbrick-template\src\main\java\jetbrick\template\parser\ast\AstIdentifier.java,28
JDK:java.base:N/A:N/A,ClassOrInterfaceType,java.util.List,List,C:\Users\tyin363\Documents\repos\subchen__jetbrick-template-2x\jetbrick-template\src\main\java\jetbrick\template\resolver\clazz\ClassResolver.java,126
org.slf4j:slf4j-api:jar:1.7.7,MethodCallExpr,org.slf4j.Logger,info,C:\Users\tyin363\Documents\repos\subchen__jetbrick-template-2x\jetbrick-template\src\main\java\jetbrick\template\resolver\function\FunctionInvokerResolver.java,57
CLIENT:client-code:N/A:N/A,ClassOrInterfaceType,jetbrick.template.runtime.writer.TrimLeadingWhitespacesOutputStream,TrimLeadingWhitespacesOutputStream,C:\Users\tyin363\Documents\repos\subchen__jetbrick-template-2x\jetbrick-template\src\main\java\jetbrick\template\runtime\JetWriter.java,53
JDK:java.base:N/A:N/A,MethodCallExpr,java.lang.String,startsWith,C:\Users\tyin363\Documents\repos\subchen__jetbrick-template-2x\jetbrick-template\src\main\java\jetbrick\template\JetEngineImpl.java,149
JDK:java.base:N/A:N/A,ClassOrInterfaceType,java.lang.Class,Class,C:\Users\tyin363\Documents\repos\subchen__jetbrick-template-2x\jetbrick-template\src\main\java\jetbrick\template\parser\ast\ALU.java,61
CLIENT:client-code:N/A:N/A,NameExpr,jetbrick.template.runtime.InterpretContextImpl,writer,C:\Users\tyin363\Documents\repos\subchen__jetbrick-template-2x\jetbrick-template\src\main\java\jetbrick\template\runtime\InterpretContextImpl.java,130
CLIENT:client-code:N/A:N/A,ClassOrInterfaceType,jetbrick.template.JetEngine,JetEngine,C:\Users\tyin363\Documents\repos\subchen__jetbrick-template-2x\jetbrick-template\src\main\java\jetbrick\template\runtime\InterpretContext.java,44
CLIENT:client-code:N/A:N/A,ClassOrInterfaceType,jetbrick.template.runtime.JetWriter,JetWriter,C:\Users\tyin363\Documents\repos\subchen__jetbrick-template-2x\jetbrick-template\src\main\java\jetbrick\template\runtime\JetWriter.java,45
JDK:java.base:N/A:N/A,ClassOrInterfaceType,java.util.List,List,C:\Users\tyin363\Documents\repos\subchen__jetbrick-template-2x\jetbrick-template\src\main\java\jetbrick\template\JetConfig.java,139
JDK:java.base:N/A:N/A,ClassOrInterfaceType,java.lang.Object,Object,C:\Users\tyin363\Documents\repos\subchen__jetbrick-template-2x\jetbrick-template\src\main\java\jetbrick\template\resolver\property\ArrayLengthGetter.java,36
CLIENT:client-code:N/A:N/A,NameExpr,jetbrick.template.runtime.ValueStack,current,C:\Users\tyin363\Documents\repos\subchen__jetbrick-template-2x\jetbrick-template\src\main\java\jetbrick\template\runtime\ValueStack.java,93
CLIENT:client-code:N/A:N/A,NameExpr,jetbrick.template.resolver.function.FunctionInvokerResolver,cache,C:\Users\tyin363\Documents\repos\subchen__jetbrick-template-2x\jetbrick-template\src\main\java\jetbrick\template\resolver\function\FunctionInvokerResolver.java,97
org.antlr:antlr4-runtime:jar:4.10.1,MethodCallExpr,org.antlr.v4.runtime.Token,getCharPositionInLine,C:\Users\tyin363\Documents\repos\subchen__jetbrick-template-2x\jetbrick-template\src\main\java\jetbrick\template\parser\AstBuilder.java,92
CLIENT:client-code:N/A:N/A,ClassOrInterfaceType,jetbrick.template.JetGlobalContext,JetGlobalContext,C:\Users\tyin363\Documents\repos\subchen__jetbrick-template-2x\jetbrick-template\src\main\java\jetbrick\template\parser\ParserContext.java,61
JDK:java.base:N/A:N/A,MethodCallExpr,java.lang.String,equals,C:\Users\tyin363\Documents\repos\subchen__jetbrick-template-2x\jetbrick-template\src\main\java\jetbrick\template\Errors.java,103
CLIENT:client-code:N/A:N/A,MethodCallExpr,jetbrick.template.Errors,format,C:\Users\tyin363\Documents\repos\subchen__jetbrick-template-2x\jetbrick-template\src\main\java\jetbrick\template\parser\ast\ALU.java,159
JDK:java.base:N/A:N/A,MethodCallExpr,java.lang.String,equals,C:\Users\tyin363\Documents\repos\subchen__jetbrick-template-2x\jetbrick-template\src\main\java\jetbrick\template\runtime\buildin\JetMethods.java,54
JDK:java.base:N/A:N/A,FieldAccessExpr,java.lang.Boolean,FALSE,C:\Users\tyin363\Documents\repos\subchen__jetbrick-template-2x\jetbrick-template\src\main\java\jetbrick\template\parser\ast\ALU.java,425
JDK:java.base:N/A:N/A,ClassOrInterfaceType,java.lang.Class,Class,C:\Users\tyin363\Documents\repos\subchen__jetbrick-template-2x\jetbrick-template\src\main\java\jetbrick\template\resolver\clazz\ClassResolver.java,97
CLIENT:client-code:N/A:N/A,MethodCallExpr,jetbrick.template.parser.ast.AstStatementList,isAstDirective,C:\Users\tyin363\Documents\repos\subchen__jetbrick-template-2x\jetbrick-template\src\main\java\jetbrick\template\parser\ast\AstStatementList.java,144
CLIENT:client-code:N/A:N/A,ClassOrInterfaceType,jetbrick.template.resolver.property.DefaultGetterResolver,DefaultGetterResolver,C:\Users\tyin363\Documents\repos\subchen__jetbrick-template-2x\jetbrick-template\src\main\java\jetbrick\template\resolver\GlobalResolver.java,46
JDK:java.base:N/A:N/A,ClassOrInterfaceType,java.lang.String,String,C:\Users\tyin363\Documents\repos\subchen__jetbrick-template-2x\jetbrick-template\src\main\java\jetbrick\template\JetTemplate.java,42
CLIENT:client-code:N/A:N/A,MethodCallExpr,jetbrick.template.runtime.JetForIterator,getSize,C:\Users\tyin363\Documents\repos\subchen__jetbrick-template-2x\jetbrick-template\src\main\java\jetbrick\template\parser\ast\AstDirectiveFor.java,45
JDK:java.base:N/A:N/A,ClassOrInterfaceType,java.lang.String,String,C:\Users\tyin363\Documents\repos\subchen__jetbrick-template-2x\jetbrick-template\src\main\java\jetbrick\template\runtime\buildin\JetMethods.java,165
CLIENT:client-code:N/A:N/A,NameExpr,jetbrick.template.runtime.JetForIterator,size,C:\Users\tyin363\Documents\repos\subchen__jetbrick-template-2x\jetbrick-template\src\main\java\jetbrick\template\runtime\JetForIterator.java,38
JDK:java.base:N/A:N/A,ClassOrInterfaceType,java.lang.String,String,C:\Users\tyin363\Documents\repos\subchen__jetbrick-template-2x\jetbrick-template\src\main\java\jetbrick\template\JetTemplateImpl.java,187
CLIENT:client-code:N/A:N/A,MethodCallExpr,jetbrick.template.runtime.OriginalStream,getOriginStream,C:\Users\tyin363\Documents\repos\subchen__jetbrick-template-2x\jetbrick-template\src\main\java\jetbrick\template\runtime\JetWriter.java,66
CLIENT:client-code:N/A:N/A,NameExpr,jetbrick.template.runtime.ValueStack,contexts,C:\Users\tyin363\Documents\repos\subchen__jetbrick-template-2x\jetbrick-template\src\main\java\jetbrick\template\runtime\ValueStack.java,60
CLIENT:client-code:N/A:N/A,ClassOrInterfaceType,jetbrick.template.JetTemplateMacro,JetTemplateMacro,C:\Users\tyin363\Documents\repos\subchen__jetbrick-template-2x\jetbrick-template\src\main\java\jetbrick\template\parser\ast\AstDirectiveCall.java,33
JDK:java.base:N/A:N/A,ClassOrInterfaceType,java.lang.String,String,C:\Users\tyin363\Documents\repos\subchen__jetbrick-template-2x\jetbrick-template\src\main\java\jetbrick\template\JetConfig.java,33
JDK:java.base:N/A:N/A,ClassOrInterfaceType,java.lang.Class,Class,C:\Users\tyin363\Documents\repos\subchen__jetbrick-template-2x\jetbrick-template\src\main\java\jetbrick\template\resolver\function\FunctionInvokerResolver.java,73
JDK:java.base:N/A:N/A,ClassOrInterfaceType,java.lang.String,String,C:\Users\tyin363\Documents\repos\subchen__jetbrick-template-2x\jetbrick-template\src\main\java\jetbrick\template\JetContext.java,36
CLIENT:client-code:N/A:N/A,MethodCallExpr,jetbrick.template.resolver.macro.MacroResolver,register,C:\Users\tyin363\Documents\repos\subchen__jetbrick-template-2x\jetbrick-template\src\main\java\jetbrick\template\JetTemplateImpl.java,125
CLIENT:client-code:N/A:N/A,ClassOrInterfaceType,jetbrick.template.parser.ast.Position,Position,C:\Users\tyin363\Documents\repos\subchen__jetbrick-template-2x\jetbrick-template\src\main\java\jetbrick\template\parser\ast\AstType.java,35
CLIENT:client-code:N/A:N/A,MethodCallExpr,jetbrick.template.runtime.InterpretContext,setWriter,C:\Users\tyin363\Documents\repos\subchen__jetbrick-template-2x\jetbrick-template\src\main\java\jetbrick\template\runtime\buildin\JetFunctions.java,82
CLIENT:client-code:N/A:N/A,MethodCallExpr,jetbrick.template.runtime.InterpretContextImpl,freeThreadLocal,C:\Users\tyin363\Documents\repos\subchen__jetbrick-template-2x\jetbrick-template\src\main\java\jetbrick\template\JetTemplateImpl.java,167
JDK:java.base:N/A:N/A,ClassOrInterfaceType,java.lang.IllegalStateException,IllegalStateException,C:\Users\tyin363\Documents\repos\subchen__jetbrick-template-2x\jetbrick-template\src\main\java\jetbrick\template\parser\ast\ALU.java,232
CLIENT:client-code:N/A:N/A,MethodCallExpr,jetbrick.template.loader.ResourceLoader,isReloadable,C:\Users\tyin363\Documents\repos\subchen__jetbrick-template-2x\jetbrick-template\src\main\java\jetbrick\template\JetEngineImpl.java,133
CLIENT:client-code:N/A:N/A,NameExpr,jetbrick.template.resolver.GlobalResolver,methodInvokerResolver,C:\Users\tyin363\Documents\repos\subchen__jetbrick-template-2x\jetbrick-template\src\main\java\jetbrick\template\resolver\GlobalResolver.java,203
CLIENT:client-code:N/A:N/A,ObjectCreationExpr,jetbrick.template.parser.ast.Position,Position,C:\Users\tyin363\Documents\repos\subchen__jetbrick-template-2x\jetbrick-template\src\main\java\jetbrick\template\parser\AstCodeVisitor.java,421
JDK:java.base:N/A:N/A,MethodCallExpr,java.lang.Integer,valueOf,C:\Users\tyin363\Documents\repos\subchen__jetbrick-template-2x\jetbrick-template\src\main\java\jetbrick\template\parser\ast\ALU.java,337
JDK:java.base:N/A:N/A,MethodCallExpr,java.lang.String,equals,C:\Users\tyin363\Documents\repos\subchen__jetbrick-template-2x\jetbrick-template\src\main\java\jetbrick\template\runtime\buildin\JetMethods.java,53
CLIENT:client-code:N/A:N/A,NameExpr,jetbrick.template.parser.ast.AstText,text,C:\Users\tyin363\Documents\repos\subchen__jetbrick-template-2x\jetbrick-template\src\main\java\jetbrick\template\parser\ast\AstText.java,40
CLIENT:client-code:N/A:N/A,MethodCallExpr,jetbrick.template.runtime.ValueStack,getType,C:\Users\tyin363\Documents\repos\subchen__jetbrick-template-2x\jetbrick-template\src\main\java\jetbrick\template\parser\ast\AstIdentifier.java,44
JDK:java.base:N/A:N/A,ClassOrInterfaceType,java.lang.String,String,C:\Users\tyin363\Documents\repos\subchen__jetbrick-template-2x\jetbrick-template\src\main\java\jetbrick\template\JetEngineImpl.java,146
JDK:java.base:N/A:N/A,ClassOrInterfaceType,java.lang.Object,Object,C:\Users\tyin363\Documents\repos\subchen__jetbrick-template-2x\jetbrick-template\src\main\java\jetbrick\template\runtime\JetWriter.java,82
CLIENT:client-code:N/A:N/A,ObjectCreationExpr,jetbrick.template.JetEngineImpl,JetEngineImpl,C:\Users\tyin363\Documents\repos\subchen__jetbrick-template-2x\jetbrick-template\src\main\java\jetbrick\template\JetEngine.java,75
JDK:java.base:N/A:N/A,ClassOrInterfaceType,java.lang.Object,Object,C:\Users\tyin363\Documents\repos\subchen__jetbrick-template-2x\jetbrick-template\src\main\java\jetbrick\template\parser\ast\ALU.java,293
CLIENT:client-code:N/A:N/A,ClassOrInterfaceType,jetbrick.template.runtime.InterpretContextImpl,InterpretContextImpl,C:\Users\tyin363\Documents\repos\subchen__jetbrick-template-2x\jetbrick-template\src\main\java\jetbrick\template\JetTemplateImpl.java,153
CLIENT:client-code:N/A:N/A,NameExpr,jetbrick.template.resolver.GlobalResolver,classResolver,C:\Users\tyin363\Documents\repos\subchen__jetbrick-template-2x\jetbrick-template\src\main\java\jetbrick\template\resolver\GlobalResolver.java,98
CLIENT:client-code:N/A:N/A,FieldAccessExpr,jetbrick.template.Errors,EXPRESSION_ARGUMENT_IS_VOID,C:\Users\tyin363\Documents\repos\subchen__jetbrick-template-2x\jetbrick-template\src\main\java\jetbrick\template\parser\ast\AstExpressionList.java,43
CLIENT:client-code:N/A:N/A,MethodCallExpr,jetbrick.template.parser.ast.ALU,getNumberType,C:\Users\tyin363\Documents\repos\subchen__jetbrick-template-2x\jetbrick-template\src\main\java\jetbrick\template\parser\ast\ALU.java,223
CLIENT:client-code:N/A:N/A,NameExpr,jetbrick.template.runtime.ValueStack,current,C:\Users\tyin363\Documents\repos\subchen__jetbrick-template-2x\jetbrick-template\src\main\java\jetbrick\template\runtime\ValueStack.java,95
CLIENT:client-code:N/A:N/A,NameExpr,jetbrick.template.parser.ParserContext,declaredMacros,C:\Users\tyin363\Documents\repos\subchen__jetbrick-template-2x\jetbrick-template\src\main\java\jetbrick\template\parser\ParserContext.java,235
CLIENT:client-code:N/A:N/A,ClassOrInterfaceType,jetbrick.template.runtime.InterpretContext,InterpretContext,C:\Users\tyin363\Documents\repos\subchen__jetbrick-template-2x\jetbrick-template\src\main\java\jetbrick\template\runtime\buildin\JetFunctions.java,72
CLIENT:client-code:N/A:N/A,FieldAccessExpr,jetbrick.template.Errors,OPERATION_BINARY_UNDEFINED,C:\Users\tyin363\Documents\repos\subchen__jetbrick-template-2x\jetbrick-template\src\main\java\jetbrick\template\parser\ast\ALU.java,367
CLIENT:client-code:N/A:N/A,NameExpr,jetbrick.template.parser.ast.ALU,SHORT,C:\Users\tyin363\Documents\repos\subchen__jetbrick-template-2x\jetbrick-template\src\main\java\jetbrick\template\parser\ast\ALU.java,441
JDK:java.base:N/A:N/A,ClassOrInterfaceType,java.lang.String,String,C:\Users\tyin363\Documents\repos\subchen__jetbrick-template-2x\jetbrick-template\src\main\java\jetbrick\template\resolver\GlobalResolver.java,216
CLIENT:client-code:N/A:N/A,NameExpr,jetbrick.template.parser.ast.AstDirectiveContinue,conditionExpression,C:\Users\tyin363\Documents\repos\subchen__jetbrick-template-2x\jetbrick-template\src\main\java\jetbrick\template\parser\ast\AstDirectiveContinue.java,34
JDK:java.base:N/A:N/A,ObjectCreationExpr,java.lang.String,String,C:\Users\tyin363\Documents\repos\subchen__jetbrick-template-2x\jetbrick-template\src\main\java\jetbrick\template\runtime\writer\JetOutputStreamPrinter.java,119
CLIENT:client-code:N/A:N/A,MethodCallExpr,jetbrick.template.runtime.InterpretException,set,C:\Users\tyin363\Documents\repos\subchen__jetbrick-template-2x\jetbrick-template\src\main\java\jetbrick\template\parser\ast\AstDirectiveSet.java,41
JDK:java.base:N/A:N/A,MethodCallExpr,java.lang.String,equals,C:\Users\tyin363\Documents\repos\subchen__jetbrick-template-2x\jetbrick-template\src\main\java\jetbrick\template\runtime\buildin\JetMethods.java,52
JDK:java.base:N/A:N/A,ClassOrInterfaceType,java.lang.IllegalStateException,IllegalStateException,C:\Users\tyin363\Documents\repos\subchen__jetbrick-template-2x\jetbrick-template\src\main\java\jetbrick\template\parser\ParserContext.java,239
org.slf4j:slf4j-api:jar:1.7.7,MethodCallExpr,org.slf4j.Logger,info,C:\Users\tyin363\Documents\repos\subchen__jetbrick-template-2x\jetbrick-template\src\main\java\jetbrick\template\resolver\GlobalResolver.java,79
CLIENT:client-code:N/A:N/A,ClassOrInterfaceType,jetbrick.template.parser.ast.AstExpression,AstExpression,C:\Users\tyin363\Documents\repos\subchen__jetbrick-template-2x\jetbrick-template\src\main\java\jetbrick\template\parser\ast\AstValue.java,28
CLIENT:client-code:N/A:N/A,FieldAccessExpr,jetbrick.template.Errors,PROPERTY_NOT_FOUND,C:\Users\tyin363\Documents\repos\subchen__jetbrick-template-2x\jetbrick-template\src\main\java\jetbrick\template\parser\ast\AstInvokeField.java,69
JDK:java.base:N/A:N/A,ClassOrInterfaceType,java.util.List,List,C:\Users\tyin363\Documents\repos\subchen__jetbrick-template-2x\jetbrick-template\src\main\java\jetbrick\template\resolver\clazz\ClassResolver.java,127
com.github.subchen:jetbrick-commons:jar:2.1.9,ClassOrInterfaceType,jetbrick.io.resource.Resource,Resource,C:\Users\tyin363\Documents\repos\subchen__jetbrick-template-2x\jetbrick-template\src\main\java\jetbrick\template\loader\FileSystemResourceLoader.java,35
JDK:java.base:N/A:N/A,ClassOrInterfaceType,java.lang.Double,Double,C:\Users\tyin363\Documents\repos\subchen__jetbrick-template-2x\jetbrick-template\src\main\java\jetbrick\template\parser\ast\ALU.java,49
CLIENT:client-code:N/A:N/A,MethodCallExpr,jetbrick.template.resolver.SignatureUtils,getFieldSignature,C:\Users\tyin363\Documents\repos\subchen__jetbrick-template-2x\jetbrick-template\src\main\java\jetbrick\template\parser\ast\AstInvokeField.java,68
JDK:java.base:N/A:N/A,ClassOrInterfaceType,java.lang.String,String,C:\Users\tyin363\Documents\repos\subchen__jetbrick-template-2x\jetbrick-template\src\main\java\jetbrick\template\JetSecurityManagerImpl.java,75
com.github.subchen:jetbrick-commons:jar:2.1.9,FieldAccessExpr,jetbrick.io.resource.AbstractResource,relativePathName,C:\Users\tyin363\Documents\repos\subchen__jetbrick-template-2x\jetbrick-template\src\main\java\jetbrick\template\loader\resource\SourceResource.java,43
JDK:java.base:N/A:N/A,MethodCallExpr,java.io.OutputStream,write,C:\Users\tyin363\Documents\repos\subchen__jetbrick-template-2x\jetbrick-template\src\main\java\jetbrick\template\runtime\writer\TrimLeadingWhitespacesOutputStream.java,48
CLIENT:client-code:N/A:N/A,MethodCallExpr,jetbrick.template.parser.ast.AstDirectiveMacro,getSymbols,C:\Users\tyin363\Documents\repos\subchen__jetbrick-template-2x\jetbrick-template\src\main\java\jetbrick\template\JetTemplateMacro.java,57
CLIENT:client-code:N/A:N/A,FieldAccessExpr,jetbrick.template.Errors,EXPRESSION_OBJECT_IS_NULL,C:\Users\tyin363\Documents\repos\subchen__jetbrick-template-2x\jetbrick-template\src\main\java\jetbrick\template\parser\ast\AstInvokeMethod.java,56
CLIENT:client-code:N/A:N/A,MethodCallExpr,jetbrick.template.JetConfig,getImportDefines,C:\Users\tyin363\Documents\repos\subchen__jetbrick-template-2x\jetbrick-template\src\main\java\jetbrick\template\JetEngineImpl.java,201
CLIENT:client-code:N/A:N/A,MethodCallExpr,jetbrick.template.runtime.InterpretContext,setWriter,C:\Users\tyin363\Documents\repos\subchen__jetbrick-template-2x\jetbrick-template\src\main\java\jetbrick\template\runtime\buildin\JetFunctions.java,80
CLIENT:client-code:N/A:N/A,NameExpr,jetbrick.template.parser.ast.AstInvokeField,name,C:\Users\tyin363\Documents\repos\subchen__jetbrick-template-2x\jetbrick-template\src\main\java\jetbrick\template\parser\ast\AstInvokeField.java,68
JDK:java.base:N/A:N/A,MethodCallExpr,java.lang.String,charAt,C:\Users\tyin363\Documents\repos\subchen__jetbrick-template-2x\jetbrick-template\src\main\java\jetbrick\template\parser\ast\AstText.java,194
org.antlr:antlr4-runtime:jar:4.10.1,ClassOrInterfaceType,org.antlr.v4.runtime.tree.ParseTree,ParseTree,C:\Users\tyin363\Documents\repos\subchen__jetbrick-template-2x\jetbrick-template\src\main\java\jetbrick\template\parser\AstCodeVisitor.java,452
CLIENT:client-code:N/A:N/A,NameExpr,jetbrick.template.parser.ParserContext,declaredMacros,C:\Users\tyin363\Documents\repos\subchen__jetbrick-template-2x\jetbrick-template\src\main\java\jetbrick\template\parser\ParserContext.java,234
CLIENT:client-code:N/A:N/A,FieldAccessExpr,jetbrick.template.runtime.TemplateStack,templates,C:\Users\tyin363\Documents\repos\subchen__jetbrick-template-2x\jetbrick-template\src\main\java\jetbrick\template\runtime\TemplateStack.java,38
JDK:java.base:N/A:N/A,ClassOrInterfaceType,java.lang.String,String,C:\Users\tyin363\Documents\repos\subchen__jetbrick-template-2x\jetbrick-template\src\main\java\jetbrick\template\JetTemplate.java,40
CLIENT:client-code:N/A:N/A,MethodCallExpr,jetbrick.template.parser.AstCodeVisitor,resolveClass,C:\Users\tyin363\Documents\repos\subchen__jetbrick-template-2x\jetbrick-template\src\main\java\jetbrick\template\parser\AstCodeVisitor.java,644
CLIENT:client-code:N/A:N/A,MethodCallExpr,jetbrick.template.parser.ast.AstExpression,getPosition,C:\Users\tyin363\Documents\repos\subchen__jetbrick-template-2x\jetbrick-template\src\main\java\jetbrick\template\parser\ast\AstDirectiveReturn.java,48
CLIENT:client-code:N/A:N/A,ObjectCreationExpr,jetbrick.template.runtime.InterpretException,InterpretException,C:\Users\tyin363\Documents\repos\subchen__jetbrick-template-2x\jetbrick-template\src\main\java\jetbrick\template\parser\ast\AstInvokeMethod.java,81
CLIENT:client-code:N/A:N/A,ClassOrInterfaceType,jetbrick.template.parser.ast.AstDirectiveMacro,AstDirectiveMacro,C:\Users\tyin363\Documents\repos\subchen__jetbrick-template-2x\jetbrick-template\src\main\java\jetbrick\template\JetTemplateMacro.java,35
JDK:java.base:N/A:N/A,MethodCallExpr,java.lang.Class,getName,C:\Users\tyin363\Documents\repos\subchen__jetbrick-template-2x\jetbrick-template\src\main\java\jetbrick\template\JetConfig.java,112
CLIENT:client-code:N/A:N/A,ClassOrInterfaceType,jetbrick.template.runtime.InterpretContextImpl,InterpretContextImpl,C:\Users\tyin363\Documents\repos\subchen__jetbrick-template-2x\jetbrick-template\src\main\java\jetbrick\template\JetTemplateImpl.java,155
JDK:java.base:N/A:N/A,ClassOrInterfaceType,java.lang.UnsupportedOperationException,UnsupportedOperationException,C:\Users\tyin363\Documents\repos\subchen__jetbrick-template-2x\jetbrick-template\src\main\java\jetbrick\template\parser\AstCodeVisitor.java,116
com.github.subchen:jetbrick-commons:jar:2.1.9,MethodCallExpr,jetbrick.io.resource.Resource,toCharArray,C:\Users\tyin363\Documents\repos\subchen__jetbrick-template-2x\jetbrick-template\src\main\java\jetbrick\template\JetTemplateImpl.java,97
JDK:java.base:N/A:N/A,ClassOrInterfaceType,java.util.Map,Map,C:\Users\tyin363\Documents\repos\subchen__jetbrick-template-2x\jetbrick-template\src\main\java\jetbrick\template\runtime\ValueContext.java,31
org.antlr:antlr4-runtime:jar:4.10.1,ClassOrInterfaceType,org.antlr.v4.runtime.tree.TerminalNode,TerminalNode,C:\Users\tyin363\Documents\repos\subchen__jetbrick-template-2x\jetbrick-template\src\main\java\jetbrick\template\parser\AstCodeVisitor.java,553
JDK:java.base:N/A:N/A,MethodCallExpr,java.lang.String,equals,C:\Users\tyin363\Documents\repos\subchen__jetbrick-template-2x\jetbrick-template\src\main\java\jetbrick\template\runtime\buildin\JetMethods.java,51
JDK:java.base:N/A:N/A,ClassOrInterfaceType,java.util.ArrayList,ArrayList,C:\Users\tyin363\Documents\repos\subchen__jetbrick-template-2x\jetbrick-template\src\main\java\jetbrick\template\parser\AstCodeVisitor.java,820
CLIENT:client-code:N/A:N/A,FieldAccessExpr,jetbrick.template.parser.ParserContext,globalResolver,C:\Users\tyin363\Documents\repos\subchen__jetbrick-template-2x\jetbrick-template\src\main\java\jetbrick\template\parser\ParserContext.java,62
JDK:java.base:N/A:N/A,ClassOrInterfaceType,java.lang.Object,Object,C:\Users\tyin363\Documents\repos\subchen__jetbrick-template-2x\jetbrick-template\src\main\java\jetbrick\template\parser\ast\AstInvokeMethodStatic.java,59
CLIENT:client-code:N/A:N/A,ClassOrInterfaceType,jetbrick.template.runtime.InterpretException,InterpretException,C:\Users\tyin363\Documents\repos\subchen__jetbrick-template-2x\jetbrick-template\src\main\java\jetbrick\template\parser\ast\AstInvokeFieldStatic.java,64
CLIENT:client-code:N/A:N/A,MethodCallExpr,jetbrick.template.JetEngineImpl,createTemplate,C:\Users\tyin363\Documents\repos\subchen__jetbrick-template-2x\jetbrick-template\src\main\java\jetbrick\template\JetEngineImpl.java,106
JDK:java.base:N/A:N/A,ClassOrInterfaceType,java.util.List,List,C:\Users\tyin363\Documents\repos\subchen__jetbrick-template-2x\jetbrick-template\src\main\java\jetbrick\template\JetConfig.java,143
CLIENT:client-code:N/A:N/A,ObjectCreationExpr,jetbrick.template.runtime.InterpretException,InterpretException,C:\Users\tyin363\Documents\repos\subchen__jetbrick-template-2x\jetbrick-template\src\main\java\jetbrick\template\parser\ast\AstDirectiveInclude.java,61
CLIENT:client-code:N/A:N/A,ClassOrInterfaceType,jetbrick.template.parser.ast.AstExpression,AstExpression,C:\Users\tyin363\Documents\repos\subchen__jetbrick-template-2x\jetbrick-template\src\main\java\jetbrick\template\parser\AstCodeVisitor.java,787
com.github.subchen:jetbrick-commons:jar:2.1.9,MethodCallExpr,jetbrick.bean.MethodInfo,getReturnType,C:\Users\tyin363\Documents\repos\subchen__jetbrick-template-2x\jetbrick-template\src\main\java\jetbrick\template\resolver\method\ExtensionMethodInvoker.java,61
JDK:java.base:N/A:N/A,ClassOrInterfaceType,java.lang.Class,Class,C:\Users\tyin363\Documents\repos\subchen__jetbrick-template-2x\jetbrick-template\src\main\java\jetbrick\template\parser\ast\ALU.java,321
CLIENT:client-code:N/A:N/A,MethodCallExpr,jetbrick.template.resolver.GlobalResolver,registerMethods,C:\Users\tyin363\Documents\repos\subchen__jetbrick-template-2x\jetbrick-template\src\main\java\jetbrick\template\resolver\GlobalResolver.java,84
JDK:java.base:N/A:N/A,ClassOrInterfaceType,java.lang.String,String,C:\Users\tyin363\Documents\repos\subchen__jetbrick-template-2x\jetbrick-template\src\main\java\jetbrick\template\parser\ast\AstConstantMapEntry.java,38
com.github.subchen:jetbrick-commons:jar:2.1.9,ObjectCreationExpr,jetbrick.collection.iterator.ArrayIterator,ArrayIterator,C:\Users\tyin363\Documents\repos\subchen__jetbrick-template-2x\jetbrick-template\src\main\java\jetbrick\template\runtime\JetForIterator.java,65
CLIENT:client-code:N/A:N/A,ClassOrInterfaceType,jetbrick.template.parser.ast.AstExpression,AstExpression,C:\Users\tyin363\Documents\repos\subchen__jetbrick-template-2x\jetbrick-template\src\main\java\jetbrick\template\parser\ast\AstValue.java,30
JDK:java.base:N/A:N/A,ClassOrInterfaceType,java.util.Properties,Properties,C:\Users\tyin363\Documents\repos\subchen__jetbrick-template-2x\jetbrick-template\src\main\java\jetbrick\template\JetEngine.java,74
CLIENT:client-code:N/A:N/A,ClassOrInterfaceType,jetbrick.template.runtime.InterpretException,InterpretException,C:\Users\tyin363\Documents\repos\subchen__jetbrick-template-2x\jetbrick-template\src\main\java\jetbrick\template\parser\ast\AstInvokeFunction.java,46
CLIENT:client-code:N/A:N/A,MethodCallExpr,jetbrick.template.parser.SyntaxException,set,C:\Users\tyin363\Documents\repos\subchen__jetbrick-template-2x\jetbrick-template\src\main\java\jetbrick\template\parser\AstCodeVisitor.java,848
CLIENT:client-code:N/A:N/A,NameExpr,jetbrick.template.resolver.GlobalResolver,functionInvokerResolver,C:\Users\tyin363\Documents\repos\subchen__jetbrick-template-2x\jetbrick-template\src\main\java\jetbrick\template\resolver\GlobalResolver.java,210
CLIENT:client-code:N/A:N/A,ObjectCreationExpr,jetbrick.template.TemplateException,TemplateException,C:\Users\tyin363\Documents\repos\subchen__jetbrick-template-2x\jetbrick-template\src\main\java\jetbrick\template\resolver\GlobalResolver.java,164
com.github.subchen:jetbrick-commons:jar:2.1.9,MethodCallExpr,jetbrick.bean.ExecutableUtils,searchExecutable,C:\Users\tyin363\Documents\repos\subchen__jetbrick-template-2x\jetbrick-template\src\main\java\jetbrick\template\resolver\function\FunctionInvokerResolver.java,118
JDK:java.base:N/A:N/A,ClassOrInterfaceType,java.io.IOException,IOException,C:\Users\tyin363\Documents\repos\subchen__jetbrick-template-2x\jetbrick-template\src\main\java\jetbrick\template\runtime\writer\JetOutputStreamPrinter.java,134
com.github.subchen:jetbrick-commons:jar:2.1.9,FieldAccessExpr,jetbrick.util.ArrayUtils,EMPTY_OBJECT_ARRAY,C:\Users\tyin363\Documents\repos\subchen__jetbrick-template-2x\jetbrick-template\src\main\java\jetbrick\template\parser\ast\AstInvokeMethod.java,63
JDK:java.base:N/A:N/A,ClassOrInterfaceType,java.lang.String,String,C:\Users\tyin363\Documents\repos\subchen__jetbrick-template-2x\jetbrick-template\src\main\java\jetbrick\template\runtime\buildin\JetMethods.java,169
JDK:java.base:N/A:N/A,MethodCallExpr,java.lang.String,equals,C:\Users\tyin363\Documents\repos\subchen__jetbrick-template-2x\jetbrick-template\src\main\java\jetbrick\template\runtime\buildin\JetMethods.java,50
JDK:java.base:N/A:N/A,ClassOrInterfaceType,java.nio.charset.Charset,Charset,C:\Users\tyin363\Documents\repos\subchen__jetbrick-template-2x\jetbrick-template\src\main\java\jetbrick\template\runtime\writer\JetWriterPrinterEx.java,29
JDK:java.base:N/A:N/A,MethodCallExpr,java.lang.Class,getName,C:\Users\tyin363\Documents\repos\subchen__jetbrick-template-2x\jetbrick-template\src\main\java\jetbrick\template\parser\ast\AstInvokeField.java,96
CLIENT:client-code:N/A:N/A,ClassOrInterfaceType,jetbrick.template.JetSecurityManager,JetSecurityManager,C:\Users\tyin363\Documents\repos\subchen__jetbrick-template-2x\jetbrick-template\src\main\java\jetbrick\template\parser\ast\AstInvokeMethodStatic.java,75
CLIENT:client-code:N/A:N/A,MethodCallExpr,jetbrick.template.runtime.InterpretContext,setSignal,C:\Users\tyin363\Documents\repos\subchen__jetbrick-template-2x\jetbrick-template\src\main\java\jetbrick\template\parser\ast\AstDirectiveBreak.java,37
CLIENT:client-code:N/A:N/A,FieldAccessExpr,jetbrick.template.Errors,STATIC_METHOD_INVOKE_ERROR,C:\Users\tyin363\Documents\repos\subchen__jetbrick-template-2x\jetbrick-template\src\main\java\jetbrick\template\parser\ast\AstInvokeMethodStatic.java,98
CLIENT:client-code:N/A:N/A,NameExpr,jetbrick.template.runtime.ValueStack,contexts,C:\Users\tyin363\Documents\repos\subchen__jetbrick-template-2x\jetbrick-template\src\main\java\jetbrick\template\runtime\ValueStack.java,64
JDK:java.base:N/A:N/A,MethodCallExpr,java.lang.String,charAt,C:\Users\tyin363\Documents\repos\subchen__jetbrick-template-2x\jetbrick-template\src\main\java\jetbrick\template\parser\ast\AstText.java,192
CLIENT:client-code:N/A:N/A,MethodCallExpr,jetbrick.template.resolver.property.DefaultGetterResolver,resolve,C:\Users\tyin363\Documents\repos\subchen__jetbrick-template-2x\jetbrick-template\src\main\java\jetbrick\template\resolver\GlobalResolver.java,231
CLIENT:client-code:N/A:N/A,FieldAccessExpr,jetbrick.template.parser.ast.AstOperatorBinary,lhs,C:\Users\tyin363\Documents\repos\subchen__jetbrick-template-2x\jetbrick-template\src\main\java\jetbrick\template\parser\ast\AstOperatorBinary.java,51
CLIENT:client-code:N/A:N/A,ClassOrInterfaceType,jetbrick.template.runtime.InterpretException,InterpretException,C:\Users\tyin363\Documents\repos\subchen__jetbrick-template-2x\jetbrick-template\src\main\java\jetbrick\template\parser\ast\AstInvokeMethod.java,114
JDK:java.base:N/A:N/A,ClassOrInterfaceType,java.util.List,List,C:\Users\tyin363\Documents\repos\subchen__jetbrick-template-2x\jetbrick-template\src\main\java\jetbrick\template\resolver\method\MethodInvokerResolver.java,86
CLIENT:client-code:N/A:N/A,MethodCallExpr,jetbrick.template.parser.ast.Position,getColumn,C:\Users\tyin363\Documents\repos\subchen__jetbrick-template-2x\jetbrick-template\src\main\java\jetbrick\template\Errors.java,151
CLIENT:client-code:N/A:N/A,ClassOrInterfaceType,jetbrick.template.resolver.GlobalResolver,GlobalResolver,C:\Users\tyin363\Documents\repos\subchen__jetbrick-template-2x\jetbrick-template\src\main\java\jetbrick\template\JetEngineImpl.java,49
CLIENT:client-code:N/A:N/A,ClassOrInterfaceType,jetbrick.template.parser.ast.AstDirectiveMacro,AstDirectiveMacro,C:\Users\tyin363\Documents\repos\subchen__jetbrick-template-2x\jetbrick-template\src\main\java\jetbrick\template\JetTemplateMacro.java,33
CLIENT:client-code:N/A:N/A,NameExpr,jetbrick.template.parser.ast.ALU,DOUBLE,C:\Users\tyin363\Documents\repos\subchen__jetbrick-template-2x\jetbrick-template\src\main\java\jetbrick\template\parser\ast\ALU.java,178
CLIENT:client-code:N/A:N/A,ClassOrInterfaceType,jetbrick.template.runtime.JetTagContext,JetTagContext,C:\Users\tyin363\Documents\repos\subchen__jetbrick-template-2x\jetbrick-template\src\main\java\jetbrick\template\runtime\buildin\JetTags.java,47
JDK:java.base:N/A:N/A,ClassOrInterfaceType,java.lang.IllegalStateException,IllegalStateException,C:\Users\tyin363\Documents\repos\subchen__jetbrick-template-2x\jetbrick-template\src\main\java\jetbrick\template\parser\ast\ALU.java,492
JDK:java.base:N/A:N/A,ClassOrInterfaceType,java.lang.Object,Object,C:\Users\tyin363\Documents\repos\subchen__jetbrick-template-2x\jetbrick-template\src\main\java\jetbrick\template\resolver\ParameterUtils.java,48
JDK:java.base:N/A:N/A,MethodCallExpr,java.lang.Class,getName,C:\Users\tyin363\Documents\repos\subchen__jetbrick-template-2x\jetbrick-template\src\main\java\jetbrick\template\resolver\function\FunctionInvokerResolver.java,78
CLIENT:client-code:N/A:N/A,NameExpr,jetbrick.template.runtime.ValueStack,UNUSED_INDEX,C:\Users\tyin363\Documents\repos\subchen__jetbrick-template-2x\jetbrick-template\src\main\java\jetbrick\template\runtime\ValueStack.java,173
JDK:java.base:N/A:N/A,ClassOrInterfaceType,java.util.Map,Map,C:\Users\tyin363\Documents\repos\subchen__jetbrick-template-2x\jetbrick-template\src\main\java\jetbrick\template\runtime\ValueContext.java,29
CLIENT:client-code:N/A:N/A,ClassOrInterfaceType,jetbrick.template.parser.ast.AstStatementList,AstStatementList,C:\Users\tyin363\Documents\repos\subchen__jetbrick-template-2x\jetbrick-template\src\main\java\jetbrick\template\parser\ast\AstDirectiveFor.java,29
JDK:java.base:N/A:N/A,ClassOrInterfaceType,java.lang.Class,Class,C:\Users\tyin363\Documents\repos\subchen__jetbrick-template-2x\jetbrick-template\src\main\java\jetbrick\template\resolver\clazz\ClassResolver.java,96
JDK:java.base:N/A:N/A,ClassOrInterfaceType,java.util.List,List,C:\Users\tyin363\Documents\repos\subchen__jetbrick-template-2x\jetbrick-template\src\main\java\jetbrick\template\resolver\function\FunctionInvokerResolver.java,43
CLIENT:client-code:N/A:N/A,NameExpr,jetbrick.template.parser.ast.AstInvokeField,name,C:\Users\tyin363\Documents\repos\subchen__jetbrick-template-2x\jetbrick-template\src\main\java\jetbrick\template\parser\ast\AstInvokeField.java,65
CLIENT:client-code:N/A:N/A,MethodCallExpr,jetbrick.template.runtime.InterpretContext,getWriter,C:\Users\tyin363\Documents\repos\subchen__jetbrick-template-2x\jetbrick-template\src\main\java\jetbrick\template\runtime\buildin\JetFunctions.java,116
CLIENT:client-code:N/A:N/A,NameExpr,jetbrick.template.parser.ast.AstDirectiveMacro,name,C:\Users\tyin363\Documents\repos\subchen__jetbrick-template-2x\jetbrick-template\src\main\java\jetbrick\template\parser\ast\AstDirectiveMacro.java,46
JDK:java.base:N/A:N/A,MethodCallExpr,java.lang.Number,floatValue,C:\Users\tyin363\Documents\repos\subchen__jetbrick-template-2x\jetbrick-template\src\main\java\jetbrick\template\runtime\buildin\JetMethods.java,84
com.github.subchen:jetbrick-commons:jar:2.1.9,ClassOrInterfaceType,jetbrick.io.resource.Resource,Resource,C:\Users\tyin363\Documents\repos\subchen__jetbrick-template-2x\jetbrick-template\src\main\java\jetbrick\template\JetEngine.java,142
CLIENT:client-code:N/A:N/A,FieldAccessExpr,jetbrick.template.runtime.InterpretContextImpl,returnName,C:\Users\tyin363\Documents\repos\subchen__jetbrick-template-2x\jetbrick-template\src\main\java\jetbrick\template\runtime\InterpretContextImpl.java,123
CLIENT:client-code:N/A:N/A,MethodCallExpr,jetbrick.template.runtime.JetWriter,getCharset,C:\Users\tyin363\Documents\repos\subchen__jetbrick-template-2x\jetbrick-template\src\main\java\jetbrick\template\runtime\JetWriter.java,72
CLIENT:client-code:N/A:N/A,MethodCallExpr,jetbrick.template.parser.ast.AstStatementList.ListIterator,peek,C:\Users\tyin363\Documents\repos\subchen__jetbrick-template-2x\jetbrick-template\src\main\java\jetbrick\template\parser\ast\AstStatementList.java,64
CLIENT:client-code:N/A:N/A,ClassOrInterfaceType,jetbrick.template.JetSecurityManager,JetSecurityManager,C:\Users\tyin363\Documents\repos\subchen__jetbrick-template-2x\jetbrick-template\src\main\java\jetbrick\template\resolver\function\ExtensionFunctionInvoker.java,47
JDK:java.base:N/A:N/A,ClassOrInterfaceType,java.util.List,List,C:\Users\tyin363\Documents\repos\subchen__jetbrick-template-2x\jetbrick-template\src\main\java\jetbrick\template\resolver\property\DefaultGetterResolver.java,33
com.github.subchen:jetbrick-commons:jar:2.1.9,ObjectCreationExpr,jetbrick.io.resource.ResourceNotFoundException,ResourceNotFoundException,C:\Users\tyin363\Documents\repos\subchen__jetbrick-template-2x\jetbrick-template\src\main\java\jetbrick\template\JetEngineImpl.java,101
CLIENT:client-code:N/A:N/A,MethodCallExpr,jetbrick.template.parser.ast.AstStatementList.ListIterator,hasNext,C:\Users\tyin363\Documents\repos\subchen__jetbrick-template-2x\jetbrick-template\src\main\java\jetbrick\template\parser\ast\AstStatementList.java,166
JDK:java.base:N/A:N/A,ClassOrInterfaceType,java.io.File,File,C:\Users\tyin363\Documents\repos\subchen__jetbrick-template-2x\jetbrick-template\src\main\java\jetbrick\template\loader\FileSystemResourceLoader.java,38
CLIENT:client-code:N/A:N/A,MethodCallExpr,jetbrick.template.parser.ast.AstExpression,execute,C:\Users\tyin363\Documents\repos\subchen__jetbrick-template-2x\jetbrick-template\src\main\java\jetbrick\template\parser\ast\AstInvokeNewArray.java,57
org.slf4j:slf4j-api:jar:1.7.7,ClassOrInterfaceType,org.slf4j.Logger,Logger,C:\Users\tyin363\Documents\repos\subchen__jetbrick-template-2x\jetbrick-template\src\main\java\jetbrick\template\resolver\tag\TagInvokerResolver.java,41
CLIENT:client-code:N/A:N/A,ClassOrInterfaceType,jetbrick.template.runtime.JetWriter,JetWriter,C:\Users\tyin363\Documents\repos\subchen__jetbrick-template-2x\jetbrick-template\src\main\java\jetbrick\template\parser\ast\AstText.java,273
CLIENT:client-code:N/A:N/A,ClassOrInterfaceType,jetbrick.template.parser.ast.AstDirective,AstDirective,C:\Users\tyin363\Documents\repos\subchen__jetbrick-template-2x\jetbrick-template\src\main\java\jetbrick\template\parser\ast\AstDirectiveReturn.java,26
JDK:java.base:N/A:N/A,ClassOrInterfaceType,java.lang.Object,Object,C:\Users\tyin363\Documents\repos\subchen__jetbrick-template-2x\jetbrick-template\src\main\java\jetbrick\template\parser\ast\AstInvokeMethod.java,61
CLIENT:client-code:N/A:N/A,MethodCallExpr,jetbrick.template.resolver.GlobalResolver,registerFunctions,C:\Users\tyin363\Documents\repos\subchen__jetbrick-template-2x\jetbrick-template\src\main\java\jetbrick\template\resolver\GlobalResolver.java,86
JDK:java.base:N/A:N/A,ClassOrInterfaceType,java.lang.Object,Object,C:\Users\tyin363\Documents\repos\subchen__jetbrick-template-2x\jetbrick-template\src\main\java\jetbrick\template\runtime\writer\TrimLeadingWhitespacesOutputStream.java,36
CLIENT:client-code:N/A:N/A,ObjectCreationExpr,jetbrick.template.parser.ast.AstOperatorEquals,AstOperatorEquals,C:\Users\tyin363\Documents\repos\subchen__jetbrick-template-2x\jetbrick-template\src\main\java\jetbrick\template\parser\AstCodeVisitor.java,543
CLIENT:client-code:N/A:N/A,MethodCallExpr,jetbrick.template.parser.ast.Position,getColumn,C:\Users\tyin363\Documents\repos\subchen__jetbrick-template-2x\jetbrick-template\src\main\java\jetbrick\template\Errors.java,154
JDK:java.base:N/A:N/A,ClassOrInterfaceType,java.lang.Integer,Integer,C:\Users\tyin363\Documents\repos\subchen__jetbrick-template-2x\jetbrick-template\src\main\java\jetbrick\template\runtime\buildin\JetFunctions.java,59
CLIENT:client-code:N/A:N/A,NameExpr,jetbrick.template.runtime.writer.JetOutputStreamPrinterEx,charset,C:\Users\tyin363\Documents\repos\subchen__jetbrick-template-2x\jetbrick-template\src\main\java\jetbrick\template\runtime\writer\JetOutputStreamPrinterEx.java,78
JDK:java.base:N/A:N/A,ObjectCreationExpr,java.lang.IllegalStateException,IllegalStateException,C:\Users\tyin363\Documents\repos\subchen__jetbrick-template-2x\jetbrick-template\src\main\java\jetbrick\template\parser\ast\ALU.java,190
JDK:java.base:N/A:N/A,MethodCallExpr,java.lang.Object,getClass,C:\Users\tyin363\Documents\repos\subchen__jetbrick-template-2x\jetbrick-template\src\main\java\jetbrick\template\parser\ast\ALU.java,238
CLIENT:client-code:N/A:N/A,ClassOrInterfaceType,jetbrick.template.parser.ast.Position,Position,C:\Users\tyin363\Documents\repos\subchen__jetbrick-template-2x\jetbrick-template\src\main\java\jetbrick\template\parser\ast\AstDirectiveMacro.java,32
JDK:java.base:N/A:N/A,MethodCallExpr,java.lang.String,equals,C:\Users\tyin363\Documents\repos\subchen__jetbrick-template-2x\jetbrick-template\src\main\java\jetbrick\template\Errors.java,105
CLIENT:client-code:N/A:N/A,NameExpr,jetbrick.template.runtime.InterpretException,position,C:\Users\tyin363\Documents\repos\subchen__jetbrick-template-2x\jetbrick-template\src\main\java\jetbrick\template\runtime\InterpretException.java,67
CLIENT:client-code:N/A:N/A,ObjectCreationExpr,jetbrick.template.JetTemplateOption,JetTemplateOption,C:\Users\tyin363\Documents\repos\subchen__jetbrick-template-2x\jetbrick-template\src\main\java\jetbrick\template\JetTemplateImpl.java,116
CLIENT:client-code:N/A:N/A,MethodCallExpr,jetbrick.template.parser.ast.AstStatementList,execute,C:\Users\tyin363\Documents\repos\subchen__jetbrick-template-2x\jetbrick-template\src\main\java\jetbrick\template\parser\ast\AstTemplate.java,37
JDK:java.base:N/A:N/A,ClassOrInterfaceType,java.util.Map,Map,C:\Users\tyin363\Documents\repos\subchen__jetbrick-template-2x\jetbrick-template\src\main\java\jetbrick\template\runtime\ValueContext.java,28
JDK:java.base:N/A:N/A,ClassOrInterfaceType,java.nio.charset.Charset,Charset,C:\Users\tyin363\Documents\repos\subchen__jetbrick-template-2x\jetbrick-template\src\main\java\jetbrick\template\runtime\writer\JetWriterPrinterEx.java,31
CLIENT:client-code:N/A:N/A,ObjectCreationExpr,jetbrick.template.resolver.method.MethodInvokerResolver,MethodInvokerResolver,C:\Users\tyin363\Documents\repos\subchen__jetbrick-template-2x\jetbrick-template\src\main\java\jetbrick\template\resolver\GlobalResolver.java,55
JDK:java.base:N/A:N/A,ClassOrInterfaceType,java.lang.Boolean,Boolean,C:\Users\tyin363\Documents\repos\subchen__jetbrick-template-2x\jetbrick-template\src\main\java\jetbrick\template\parser\AstCodeVisitor.java,181
CLIENT:client-code:N/A:N/A,ClassOrInterfaceType,jetbrick.template.parser.ast.AstExpression,AstExpression,C:\Users\tyin363\Documents\repos\subchen__jetbrick-template-2x\jetbrick-template\src\main\java\jetbrick\template\parser\ast\AstInvokeFieldStatic.java,30
CLIENT:client-code:N/A:N/A,ClassOrInterfaceType,jetbrick.template.parser.SyntaxException,SyntaxException,C:\Users\tyin363\Documents\repos\subchen__jetbrick-template-2x\jetbrick-template\src\main\java\jetbrick\template\parser\AstCodeVisitor.java,225
CLIENT:client-code:N/A:N/A,ClassOrInterfaceType,jetbrick.template.parser.ast.AstStatement,AstStatement,C:\Users\tyin363\Documents\repos\subchen__jetbrick-template-2x\jetbrick-template\src\main\java\jetbrick\template\parser\ast\AstValueEscaped.java,28
CLIENT:client-code:N/A:N/A,ClassOrInterfaceType,jetbrick.template.JetTemplate,JetTemplate,C:\Users\tyin363\Documents\repos\subchen__jetbrick-template-2x\jetbrick-template\src\main\java\jetbrick\template\JetTemplateImpl.java,39
com.github.subchen:jetbrick-commons:jar:2.1.9,MethodCallExpr,jetbrick.bean.FieldInfo,get,C:\Users\tyin363\Documents\repos\subchen__jetbrick-template-2x\jetbrick-template\src\main\java\jetbrick\template\parser\ast\AstText.java,282
CLIENT:client-code:N/A:N/A,NameExpr,jetbrick.template.parser.ast.ALU,INTEGER,C:\Users\tyin363\Documents\repos\subchen__jetbrick-template-2x\jetbrick-template\src\main\java\jetbrick\template\parser\ast\ALU.java,442
CLIENT:client-code:N/A:N/A,ClassOrInterfaceType,jetbrick.template.parser.ast.AstStatementList.ListIterator,ListIterator,C:\Users\tyin363\Documents\repos\subchen__jetbrick-template-2x\jetbrick-template\src\main\java\jetbrick\template\parser\ast\AstStatementList.java,61
JDK:java.base:N/A:N/A,ClassOrInterfaceType,java.lang.String,String,C:\Users\tyin363\Documents\repos\subchen__jetbrick-template-2x\jetbrick-template\src\main\java\jetbrick\template\resolver\property\GetterResolver.java,27
CLIENT:client-code:N/A:N/A,MethodCallExpr,jetbrick.template.Errors,typeName,C:\Users\tyin363\Documents\repos\subchen__jetbrick-template-2x\jetbrick-template\src\main\java\jetbrick\template\parser\ast\ALU.java,232
CLIENT:client-code:N/A:N/A,FieldAccessExpr,jetbrick.template.runtime.InterpretContext,SIGNAL_NONE,C:\Users\tyin363\Documents\repos\subchen__jetbrick-template-2x\jetbrick-template\src\main\java\jetbrick\template\runtime\InterpretContextImpl.java,47
CLIENT:client-code:N/A:N/A,MethodCallExpr,jetbrick.template.runtime.buildin.JetMethods,repeat,C:\Users\tyin363\Documents\repos\subchen__jetbrick-template-2x\jetbrick-template\src\main\java\jetbrick\template\runtime\buildin\JetMethods.java,182
CLIENT:client-code:N/A:N/A,ClassOrInterfaceType,jetbrick.template.parser.ast.AstNode,AstNode,C:\Users\tyin363\Documents\repos\subchen__jetbrick-template-2x\jetbrick-template\src\main\java\jetbrick\template\parser\AstCodeVisitor.java,658
JDK:java.base:N/A:N/A,ObjectCreationExpr,java.security.AccessControlException,AccessControlException,C:\Users\tyin363\Documents\repos\subchen__jetbrick-template-2x\jetbrick-template\src\main\java\jetbrick\template\JetSecurityManagerImpl.java,148
CLIENT:client-code:N/A:N/A,FieldAccessExpr,jetbrick.template.runtime.InterpretContext,SIGNAL_NONE,C:\Users\tyin363\Documents\repos\subchen__jetbrick-template-2x\jetbrick-template\src\main\java\jetbrick\template\parser\ast\AstStatementList.java,215
com.github.subchen:jetbrick-commons:jar:2.1.9,MethodCallExpr,jetbrick.bean.KlassInfo,create,C:\Users\tyin363\Documents\repos\subchen__jetbrick-template-2x\jetbrick-template\src\main\java\jetbrick\template\resolver\function\FunctionInvokerResolver.java,49
CLIENT:client-code:N/A:N/A,MethodCallExpr,jetbrick.template.parser.ast.AstStatementList,execute,C:\Users\tyin363\Documents\repos\subchen__jetbrick-template-2x\jetbrick-template\src\main\java\jetbrick\template\runtime\JetTagContext.java,48
CLIENT:client-code:N/A:N/A,ClassOrInterfaceType,jetbrick.template.JetTemplateMacro,JetTemplateMacro,C:\Users\tyin363\Documents\repos\subchen__jetbrick-template-2x\jetbrick-template\src\main\java\jetbrick\template\JetTemplateImpl.java,125
JDK:java.base:N/A:N/A,MethodCallExpr,java.lang.Class,isAssignableFrom,C:\Users\tyin363\Documents\repos\subchen__jetbrick-template-2x\jetbrick-template\src\main\java\jetbrick\template\parser\ast\ALU.java,513
CLIENT:client-code:N/A:N/A,NameExpr,jetbrick.template.JetConfig,autoscanPackages,C:\Users\tyin363\Documents\repos\subchen__jetbrick-template-2x\jetbrick-template\src\main\java\jetbrick\template\JetConfig.java,110
CLIENT:client-code:N/A:N/A,NameExpr,jetbrick.template.JetConfig,TRIM_DIRECTIVE_COMMENTS_SUFFIX,C:\Users\tyin363\Documents\repos\subchen__jetbrick-template-2x\jetbrick-template\src\main\java\jetbrick\template\JetConfig.java,123
JDK:java.base:N/A:N/A,MethodCallExpr,java.lang.Object,getClass,C:\Users\tyin363\Documents\repos\subchen__jetbrick-template-2x\jetbrick-template\src\main\java\jetbrick\template\parser\ast\ALU.java,237
CLIENT:client-code:N/A:N/A,MethodCallExpr,jetbrick.template.parser.ast.AstConstant,getValue,C:\Users\tyin363\Documents\repos\subchen__jetbrick-template-2x\jetbrick-template\src\main\java\jetbrick\template\parser\AstCodeVisitor.java,378
JDK:java.base:N/A:N/A,ClassOrInterfaceType,java.io.IOException,IOException,C:\Users\tyin363\Documents\repos\subchen__jetbrick-template-2x\jetbrick-template\src\main\java\jetbrick\template\runtime\writer\JetWriterPrinter.java,106
JDK:java.base:N/A:N/A,MethodCallExpr,java.lang.String,equals,C:\Users\tyin363\Documents\repos\subchen__jetbrick-template-2x\jetbrick-template\src\main\java\jetbrick\template\Errors.java,104
JDK:java.base:N/A:N/A,ClassOrInterfaceType,java.util.List,List,C:\Users\tyin363\Documents\repos\subchen__jetbrick-template-2x\jetbrick-template\src\main\java\jetbrick\template\JetEngineImpl.java,187
CLIENT:client-code:N/A:N/A,ClassOrInterfaceType,jetbrick.template.parser.ast.AstNode,AstNode,C:\Users\tyin363\Documents\repos\subchen__jetbrick-template-2x\jetbrick-template\src\main\java\jetbrick\template\parser\AstCodeVisitor.java,394
JDK:java.base:N/A:N/A,ClassOrInterfaceType,java.lang.String,String,C:\Users\tyin363\Documents\repos\subchen__jetbrick-template-2x\jetbrick-template\src\main\java\jetbrick\template\parser\AstCodeVisitor.java,660
CLIENT:client-code:N/A:N/A,MethodCallExpr,jetbrick.template.resolver.clazz.ClassResolver,importClass,C:\Users\tyin363\Documents\repos\subchen__jetbrick-template-2x\jetbrick-template\src\main\java\jetbrick\template\parser\ParserContext.java,145
JDK:java.base:N/A:N/A,ClassOrInterfaceType,java.lang.String,String,C:\Users\tyin363\Documents\repos\subchen__jetbrick-template-2x\jetbrick-template\src\main\java\jetbrick\template\parser\AstCodeVisitor.java,175
com.github.subchen:jetbrick-commons:jar:2.1.9,MethodCallExpr,jetbrick.bean.KlassInfo,getProperty,C:\Users\tyin363\Documents\repos\subchen__jetbrick-template-2x\jetbrick-template\src\main\java\jetbrick\template\resolver\property\DefaultGetterResolver.java,78
CLIENT:client-code:N/A:N/A,FieldAccessExpr,jetbrick.template.JetTemplateMacro,astNode,C:\Users\tyin363\Documents\repos\subchen__jetbrick-template-2x\jetbrick-template\src\main\java\jetbrick\template\JetTemplateMacro.java,37
CLIENT:client-code:N/A:N/A,ObjectCreationExpr,jetbrick.template.parser.ast.AstValueEscaped,AstValueEscaped,C:\Users\tyin363\Documents\repos\subchen__jetbrick-template-2x\jetbrick-template\src\main\java\jetbrick\template\parser\AstCodeVisitor.java,143
CLIENT:client-code:N/A:N/A,NameExpr,jetbrick.template.JetSecurityManagerImpl,disallowStaticField,C:\Users\tyin363\Documents\repos\subchen__jetbrick-template-2x\jetbrick-template\src\main\java\jetbrick\template\JetSecurityManagerImpl.java,45
CLIENT:client-code:N/A:N/A,MethodCallExpr,jetbrick.template.resolver.ParameterUtils,getActualArguments,C:\Users\tyin363\Documents\repos\subchen__jetbrick-template-2x\jetbrick-template\src\main\java\jetbrick\template\resolver\function\ExtensionFunctionInvoker.java,53
CLIENT:client-code:N/A:N/A,NameExpr,jetbrick.template.runtime.writer.JetWriterPrinterEx,os,C:\Users\tyin363\Documents\repos\subchen__jetbrick-template-2x\jetbrick-template\src\main\java\jetbrick\template\runtime\writer\JetWriterPrinterEx.java,103
JDK:java.base:N/A:N/A,ClassOrInterfaceType,java.lang.Object,Object,C:\Users\tyin363\Documents\repos\subchen__jetbrick-template-2x\jetbrick-template\src\main\java\jetbrick\template\runtime\InterpretContextImpl.java,144
CLIENT:client-code:N/A:N/A,MethodCallExpr,jetbrick.template.parser.ast.AstStatementList,isAstDirective,C:\Users\tyin363\Documents\repos\subchen__jetbrick-template-2x\jetbrick-template\src\main\java\jetbrick\template\parser\ast\AstStatementList.java,168
CLIENT:client-code:N/A:N/A,ClassOrInterfaceType,jetbrick.template.runtime.InterpretContext,InterpretContext,C:\Users\tyin363\Documents\repos\subchen__jetbrick-template-2x\jetbrick-template\src\main\java\jetbrick\template\parser\ast\AstDirectiveBreak.java,33
CLIENT:client-code:N/A:N/A,ClassOrInterfaceType,jetbrick.template.parser.ast.AstExpression,AstExpression,C:\Users\tyin363\Documents\repos\subchen__jetbrick-template-2x\jetbrick-template\src\main\java\jetbrick\template\parser\ast\AstDirectiveSet.java,27
CLIENT:client-code:N/A:N/A,ClassOrInterfaceType,jetbrick.template.parser.ast.AstNode,AstNode,C:\Users\tyin363\Documents\repos\subchen__jetbrick-template-2x\jetbrick-template\src\main\java\jetbrick\template\parser\AstCodeVisitor.java,692
JDK:java.base:N/A:N/A,ClassOrInterfaceType,java.util.Map,Map,C:\Users\tyin363\Documents\repos\subchen__jetbrick-template-2x\jetbrick-template\src\main\java\jetbrick\template\JetTemplateOption.java,32
JDK:java.base:N/A:N/A,ClassOrInterfaceType,java.lang.Number,Number,C:\Users\tyin363\Documents\repos\subchen__jetbrick-template-2x\jetbrick-template\src\main\java\jetbrick\template\parser\ast\ALU.java,382
CLIENT:client-code:N/A:N/A,ClassOrInterfaceType,jetbrick.template.parser.ast.AstStatement,AstStatement,C:\Users\tyin363\Documents\repos\subchen__jetbrick-template-2x\jetbrick-template\src\main\java\jetbrick\template\parser\ast\AstStatementList.java,120
CLIENT:client-code:N/A:N/A,MethodCallExpr,jetbrick.template.parser.ast.AstText,getLine,C:\Users\tyin363\Documents\repos\subchen__jetbrick-template-2x\jetbrick-template\src\main\java\jetbrick\template\parser\ast\AstStatementList.java,155
JDK:java.base:N/A:N/A,ClassOrInterfaceType,java.util.List,List,C:\Users\tyin363\Documents\repos\subchen__jetbrick-template-2x\jetbrick-template\src\main\java\jetbrick\template\JetConfig.java,131
JDK:java.base:N/A:N/A,ClassOrInterfaceType,java.lang.String,String,C:\Users\tyin363\Documents\repos\subchen__jetbrick-template-2x\jetbrick-template\src\main\java\jetbrick\template\parser\ast\AstDirectiveMacro.java,32
CLIENT:client-code:N/A:N/A,ClassOrInterfaceType,jetbrick.template.parser.ast.Position,Position,C:\Users\tyin363\Documents\repos\subchen__jetbrick-template-2x\jetbrick-template\src\main\java\jetbrick\template\parser\ast\AstType.java,26
CLIENT:client-code:N/A:N/A,NameExpr,jetbrick.template.resolver.clazz.ClassResolver,log,C:\Users\tyin363\Documents\repos\subchen__jetbrick-template-2x\jetbrick-template\src\main\java\jetbrick\template\resolver\clazz\ClassResolver.java,61
CLIENT:client-code:N/A:N/A,NameExpr,jetbrick.template.JetTemplateImpl,option,C:\Users\tyin363\Documents\repos\subchen__jetbrick-template-2x\jetbrick-template\src\main\java\jetbrick\template\JetTemplateImpl.java,208
JDK:java.base:N/A:N/A,MethodCallExpr,java.lang.Integer,valueOf,C:\Users\tyin363\Documents\repos\subchen__jetbrick-template-2x\jetbrick-template\src\main\java\jetbrick\template\parser\ast\ALU.java,311
com.github.subchen:jetbrick-commons:jar:2.1.9,MethodCallExpr,jetbrick.bean.MethodInfo,getReturnType,C:\Users\tyin363\Documents\repos\subchen__jetbrick-template-2x\jetbrick-template\src\main\java\jetbrick\template\resolver\method\ClassBuildinMethodInvoker.java,59
CLIENT:client-code:N/A:N/A,ClassOrInterfaceType,jetbrick.template.parser.ast.AstExpression,AstExpression,C:\Users\tyin363\Documents\repos\subchen__jetbrick-template-2x\jetbrick-template\src\main\java\jetbrick\template\parser\ast\AstDirectiveInclude.java,35
JDK:java.base:N/A:N/A,ClassOrInterfaceType,java.lang.String,String,C:\Users\tyin363\Documents\repos\subchen__jetbrick-template-2x\jetbrick-template\src\main\java\jetbrick\template\parser\ast\AstInvokeIndexGet.java,78
com.github.subchen:jetbrick-commons:jar:2.1.9,MethodCallExpr,jetbrick.util.StringUtils,substringBetween,C:\Users\tyin363\Documents\repos\subchen__jetbrick-template-2x\jetbrick-template\src\main\java\jetbrick\template\parser\AstCodeVisitor.java,424
CLIENT:client-code:N/A:N/A,NameExpr,jetbrick.template.JetTemplateImpl,source,C:\Users\tyin363\Documents\repos\subchen__jetbrick-template-2x\jetbrick-template\src\main\java\jetbrick\template\JetTemplateImpl.java,193
JDK:java.base:N/A:N/A,ClassOrInterfaceType,java.lang.String,String,C:\Users\tyin363\Documents\repos\subchen__jetbrick-template-2x\jetbrick-template\src\main\java\jetbrick\template\runtime\buildin\JetMethods.java,140
CLIENT:client-code:N/A:N/A,MethodCallExpr,jetbrick.template.runtime.InterpretContext,getWriter,C:\Users\tyin363\Documents\repos\subchen__jetbrick-template-2x\jetbrick-template\src\main\java\jetbrick\template\runtime\buildin\JetFunctions.java,76
JDK:java.base:N/A:N/A,MethodCallExpr,java.lang.Number,doubleValue,C:\Users\tyin363\Documents\repos\subchen__jetbrick-template-2x\jetbrick-template\src\main\java\jetbrick\template\parser\ast\ALU.java,509
JDK:java.base:N/A:N/A,MethodCallExpr,java.util.Collections,emptyMap,C:\Users\tyin363\Documents\repos\subchen__jetbrick-template-2x\jetbrick-template\src\main\java\jetbrick\template\parser\AstCodeVisitor.java,510
JDK:java.base:N/A:N/A,ClassOrInterfaceType,java.lang.String,String,C:\Users\tyin363\Documents\repos\subchen__jetbrick-template-2x\jetbrick-template\src\main\java\jetbrick\template\JetSecurityManagerImpl.java,52
JDK:java.base:N/A:N/A,ClassOrInterfaceType,java.lang.Float,Float,C:\Users\tyin363\Documents\repos\subchen__jetbrick-template-2x\jetbrick-template\src\main\java\jetbrick\template\parser\ast\ALU.java,51
CLIENT:client-code:N/A:N/A,FieldAccessExpr,jetbrick.template.parser.ast.Tokens,GE,C:\Users\tyin363\Documents\repos\subchen__jetbrick-template-2x\jetbrick-template\src\main\java\jetbrick\template\parser\AstCodeVisitor.java,591
JDK:java.base:N/A:N/A,ClassOrInterfaceType,java.lang.String,String,C:\Users\tyin363\Documents\repos\subchen__jetbrick-template-2x\jetbrick-template\src\main\java\jetbrick\template\JetTemplateImpl.java,145
com.github.subchen:jetbrick-commons:jar:2.1.9,ClassOrInterfaceType,jetbrick.io.resource.ResourceNotFoundException,ResourceNotFoundException,C:\Users\tyin363\Documents\repos\subchen__jetbrick-template-2x\jetbrick-template\src\main\java\jetbrick\template\JetEngineImpl.java,90
CLIENT:client-code:N/A:N/A,ClassOrInterfaceType,jetbrick.template.JetSecurityManager,JetSecurityManager,C:\Users\tyin363\Documents\repos\subchen__jetbrick-template-2x\jetbrick-template\src\main\java\jetbrick\template\JetConfig.java,167
CLIENT:client-code:N/A:N/A,FieldAccessExpr,jetbrick.template.Errors,TAG_NOT_FOUND,C:\Users\tyin363\Documents\repos\subchen__jetbrick-template-2x\jetbrick-template\src\main\java\jetbrick\template\parser\ast\AstDirectiveTag.java,63
CLIENT:client-code:N/A:N/A,NameExpr,jetbrick.template.runtime.InterpretContextImpl,securityManager,C:\Users\tyin363\Documents\repos\subchen__jetbrick-template-2x\jetbrick-template\src\main\java\jetbrick\template\runtime\InterpretContextImpl.java,138
CLIENT:client-code:N/A:N/A,ObjectCreationExpr,jetbrick.template.parser.ast.AstOperatorEquals,AstOperatorEquals,C:\Users\tyin363\Documents\repos\subchen__jetbrick-template-2x\jetbrick-template\src\main\java\jetbrick\template\parser\AstCodeVisitor.java,589
CLIENT:client-code:N/A:N/A,ClassOrInterfaceType,jetbrick.template.resolver.function.FunctionInvoker,FunctionInvoker,C:\Users\tyin363\Documents\repos\subchen__jetbrick-template-2x\jetbrick-template\src\main\java\jetbrick\template\resolver\GlobalResolver.java,209
CLIENT:client-code:N/A:N/A,ClassOrInterfaceType,jetbrick.template.parser.ast.AstExpression,AstExpression,C:\Users\tyin363\Documents\repos\subchen__jetbrick-template-2x\jetbrick-template\src\main\java\jetbrick\template\parser\ast\AstDirectiveSet.java,29
JDK:java.base:N/A:N/A,ClassOrInterfaceType,java.lang.IllegalStateException,IllegalStateException,C:\Users\tyin363\Documents\repos\subchen__jetbrick-template-2x\jetbrick-template\src\main\java\jetbrick\template\parser\AstCodeVisitor.java,438
CLIENT:client-code:N/A:N/A,NameExpr,jetbrick.template.parser.AstCodeVisitor,parseCtx,C:\Users\tyin363\Documents\repos\subchen__jetbrick-template-2x\jetbrick-template\src\main\java\jetbrick\template\parser\AstCodeVisitor.java,234
JDK:java.base:N/A:N/A,ClassOrInterfaceType,java.lang.String,String,C:\Users\tyin363\Documents\repos\subchen__jetbrick-template-2x\jetbrick-template\src\main\java\jetbrick\template\JetGlobalContext.java,59
JDK:java.base:N/A:N/A,MethodCallExpr,java.lang.Object,getClass,C:\Users\tyin363\Documents\repos\subchen__jetbrick-template-2x\jetbrick-template\src\main\java\jetbrick\template\parser\ast\ALU.java,465
CLIENT:client-code:N/A:N/A,MethodCallExpr,jetbrick.template.parser.ast.AstConstant,getValue,C:\Users\tyin363\Documents\repos\subchen__jetbrick-template-2x\jetbrick-template\src\main\java\jetbrick\template\parser\AstCodeVisitor.java,166
CLIENT:client-code:N/A:N/A,ClassOrInterfaceType,jetbrick.template.resolver.property.Getter,Getter,C:\Users\tyin363\Documents\repos\subchen__jetbrick-template-2x\jetbrick-template\src\main\java\jetbrick\template\parser\ast\AstInvokeField.java,33
org.antlr:antlr4-runtime:jar:4.10.1,ClassOrInterfaceType,org.antlr.v4.runtime.Token,Token,C:\Users\tyin363\Documents\repos\subchen__jetbrick-template-2x\jetbrick-template\src\main\java\jetbrick\template\parser\AstCodeVisitor.java,535
JDK:java.base:N/A:N/A,ClassOrInterfaceType,java.lang.String,String,C:\Users\tyin363\Documents\repos\subchen__jetbrick-template-2x\jetbrick-template\src\main\java\jetbrick\template\JetContext.java,41
JDK:java.base:N/A:N/A,ClassOrInterfaceType,java.lang.String,String,C:\Users\tyin363\Documents\repos\subchen__jetbrick-template-2x\jetbrick-template\src\main\java\jetbrick\template\runtime\ValueStack.java,43
JDK:java.base:N/A:N/A,ClassOrInterfaceType,java.lang.Number,Number,C:\Users\tyin363\Documents\repos\subchen__jetbrick-template-2x\jetbrick-template\src\main\java\jetbrick\template\parser\ast\ALU.java,384
JDK:java.base:N/A:N/A,ClassOrInterfaceType,java.lang.String,String,C:\Users\tyin363\Documents\repos\subchen__jetbrick-template-2x\jetbrick-template\src\main\java\jetbrick\template\JetSecurityManagerImpl.java,51
CLIENT:client-code:N/A:N/A,MethodCallExpr,jetbrick.template.parser.ast.AstExpression,getResultType,C:\Users\tyin363\Documents\repos\subchen__jetbrick-template-2x\jetbrick-template\src\main\java\jetbrick\template\parser\ast\AstInvokeMethod.java,75
CLIENT:client-code:N/A:N/A,MethodCallExpr,jetbrick.template.runtime.ValueContext,getType,C:\Users\tyin363\Documents\repos\subchen__jetbrick-template-2x\jetbrick-template\src\main\java\jetbrick\template\runtime\ValueContext.java,47
JDK:java.base:N/A:N/A,ClassOrInterfaceType,java.lang.IllegalStateException,IllegalStateException,C:\Users\tyin363\Documents\repos\subchen__jetbrick-template-2x\jetbrick-template\src\main\java\jetbrick\template\parser\ast\ALU.java,487
CLIENT:client-code:N/A:N/A,FieldAccessExpr,jetbrick.template.parser.ast.Tokens,BIT_XOR,C:\Users\tyin363\Documents\repos\subchen__jetbrick-template-2x\jetbrick-template\src\main\java\jetbrick\template\parser\ast\AstOperatorBinary.java,96
CLIENT:client-code:N/A:N/A,NameExpr,jetbrick.template.runtime.ValueStack,current,C:\Users\tyin363\Documents\repos\subchen__jetbrick-template-2x\jetbrick-template\src\main\java\jetbrick\template\runtime\ValueStack.java,103
JDK:java.base:N/A:N/A,ClassOrInterfaceType,java.lang.AssertionError,AssertionError,C:\Users\tyin363\Documents\repos\subchen__jetbrick-template-2x\jetbrick-template\src\main\java\jetbrick\template\runtime\buildin\JetMethods.java,231
JDK:java.base:N/A:N/A,ClassOrInterfaceType,java.lang.Number,Number,C:\Users\tyin363\Documents\repos\subchen__jetbrick-template-2x\jetbrick-template\src\main\java\jetbrick\template\parser\ast\ALU.java,120
CLIENT:client-code:N/A:N/A,MethodCallExpr,jetbrick.template.parser.ast.AstText,isEmpty,C:\Users\tyin363\Documents\repos\subchen__jetbrick-template-2x\jetbrick-template\src\main\java\jetbrick\template\parser\ast\AstStatementList.java,190
JDK:java.base:N/A:N/A,ClassOrInterfaceType,java.lang.String,String,C:\Users\tyin363\Documents\repos\subchen__jetbrick-template-2x\jetbrick-template\src\main\java\jetbrick\template\parser\AstCodeVisitor.java,176
CLIENT:client-code:N/A:N/A,MethodCallExpr,jetbrick.template.Errors,typeName,C:\Users\tyin363\Documents\repos\subchen__jetbrick-template-2x\jetbrick-template\src\main\java\jetbrick\template\parser\ast\ALU.java,212
JDK:java.base:N/A:N/A,ClassOrInterfaceType,java.lang.Class,Class,C:\Users\tyin363\Documents\repos\subchen__jetbrick-template-2x\jetbrick-template\src\main\java\jetbrick\template\resolver\ParameterUtils.java,36
CLIENT:client-code:N/A:N/A,NameExpr,jetbrick.template.parser.ast.AstInvokeFieldStatic,unsafe,C:\Users\tyin363\Documents\repos\subchen__jetbrick-template-2x\jetbrick-template\src\main\java\jetbrick\template\parser\ast\AstInvokeFieldStatic.java,67
CLIENT:client-code:N/A:N/A,FieldAccessExpr,jetbrick.template.Errors,OPERATION_BINARY_UNDEFINED,C:\Users\tyin363\Documents\repos\subchen__jetbrick-template-2x\jetbrick-template\src\main\java\jetbrick\template\parser\ast\ALU.java,159
CLIENT:client-code:N/A:N/A,MethodCallExpr,jetbrick.template.runtime.InterpretException,set,C:\Users\tyin363\Documents\repos\subchen__jetbrick-template-2x\jetbrick-template\src\main\java\jetbrick\template\parser\ast\AstInvokeField.java,97
com.github.subchen:jetbrick-commons:jar:2.1.9,MethodCallExpr,jetbrick.util.PathUtils,concat,C:\Users\tyin363\Documents\repos\subchen__jetbrick-template-2x\jetbrick-template\src\main\java\jetbrick\template\loader\ClasspathResourceLoader.java,35
CLIENT:client-code:N/A:N/A,ClassOrInterfaceType,jetbrick.template.JetSecurityManager,JetSecurityManager,C:\Users\tyin363\Documents\repos\subchen__jetbrick-template-2x\jetbrick-template\src\main\java\jetbrick\template\resolver\property\PropertyGetter.java,38
CLIENT:client-code:N/A:N/A,ClassOrInterfaceType,jetbrick.template.runtime.TemplateStack,TemplateStack,C:\Users\tyin363\Documents\repos\subchen__jetbrick-template-2x\jetbrick-template\src\main\java\jetbrick\template\runtime\InterpretContextImpl.java,33
JDK:java.base:N/A:N/A,MethodCallExpr,java.lang.Object,getClass,C:\Users\tyin363\Documents\repos\subchen__jetbrick-template-2x\jetbrick-template\src\main\java\jetbrick\template\parser\ast\ALU.java,464
JDK:java.base:N/A:N/A,ClassOrInterfaceType,java.lang.Number,Number,C:\Users\tyin363\Documents\repos\subchen__jetbrick-template-2x\jetbrick-template\src\main\java\jetbrick\template\parser\ast\ALU.java,383
JDK:java.base:N/A:N/A,MethodCallExpr,java.lang.Number,longValue,C:\Users\tyin363\Documents\repos\subchen__jetbrick-template-2x\jetbrick-template\src\main\java\jetbrick\template\parser\ast\ALU.java,229
CLIENT:client-code:N/A:N/A,ClassOrInterfaceType,jetbrick.template.loader.ResourceLoader,ResourceLoader,C:\Users\tyin363\Documents\repos\subchen__jetbrick-template-2x\jetbrick-template\src\main\java\jetbrick\template\JetConfig.java,112
JDK:java.base:N/A:N/A,ClassOrInterfaceType,java.lang.String,String,C:\Users\tyin363\Documents\repos\subchen__jetbrick-template-2x\jetbrick-template\src\main\java\jetbrick\template\JetSecurityManagerImpl.java,50
CLIENT:client-code:N/A:N/A,ClassOrInterfaceType,jetbrick.template.parser.ast.AstStatementList,AstStatementList,C:\Users\tyin363\Documents\repos\subchen__jetbrick-template-2x\jetbrick-template\src\main\java\jetbrick\template\parser\AstCodeVisitor.java,119
JDK:java.base:N/A:N/A,ClassOrInterfaceType,java.lang.Class,Class,C:\Users\tyin363\Documents\repos\subchen__jetbrick-template-2x\jetbrick-template\src\main\java\jetbrick\template\parser\ast\AstInvokeMethodStatic.java,38
com.github.subchen:jetbrick-commons:jar:2.1.9,FieldAccessExpr,jetbrick.util.ArrayUtils,EMPTY_OBJECT_ARRAY,C:\Users\tyin363\Documents\repos\subchen__jetbrick-template-2x\jetbrick-template\src\main\java\jetbrick\template\parser\ast\AstInvokeMethodStatic.java,51
CLIENT:client-code:N/A:N/A,FieldAccessExpr,jetbrick.template.Errors,VARIABLE_IS_KEYWORD,C:\Users\tyin363\Documents\repos\subchen__jetbrick-template-2x\jetbrick-template\src\main\java\jetbrick\template\parser\AstCodeVisitor.java,836
JDK:java.base:N/A:N/A,ClassOrInterfaceType,java.lang.String,String,C:\Users\tyin363\Documents\repos\subchen__jetbrick-template-2x\jetbrick-template\src\main\java\jetbrick\template\parser\AstCodeVisitor.java,171
JDK:java.base:N/A:N/A,FieldAccessExpr,java.lang.Boolean,FALSE,C:\Users\tyin363\Documents\repos\subchen__jetbrick-template-2x\jetbrick-template\src\main\java\jetbrick\template\runtime\buildin\JetMethods.java,56
CLIENT:client-code:N/A:N/A,ClassOrInterfaceType,jetbrick.template.parser.ast.AstDirective,AstDirective,C:\Users\tyin363\Documents\repos\subchen__jetbrick-template-2x\jetbrick-template\src\main\java\jetbrick\template\parser\ast\AstDirectiveInclude.java,30
CLIENT:client-code:N/A:N/A,ClassOrInterfaceType,jetbrick.template.parser.ast.AstExpression,AstExpression,C:\Users\tyin363\Documents\repos\subchen__jetbrick-template-2x\jetbrick-template\src\main\java\jetbrick\template\parser\ast\AstDirectiveInclude.java,32
CLIENT:client-code:N/A:N/A,NameExpr,jetbrick.template.parser.ast.ALU,LONG,C:\Users\tyin363\Documents\repos\subchen__jetbrick-template-2x\jetbrick-template\src\main\java\jetbrick\template\parser\ast\ALU.java,475
CLIENT:client-code:N/A:N/A,FieldAccessExpr,jetbrick.template.JetGlobalContext,context,C:\Users\tyin363\Documents\repos\subchen__jetbrick-template-2x\jetbrick-template\src\main\java\jetbrick\template\JetGlobalContext.java,34
CLIENT:client-code:N/A:N/A,ClassOrInterfaceType,jetbrick.template.parser.ast.AstExpression,AstExpression,C:\Users\tyin363\Documents\repos\subchen__jetbrick-template-2x\jetbrick-template\src\main\java\jetbrick\template\parser\ast\AstDirectiveContinue.java,25
CLIENT:client-code:N/A:N/A,ObjectCreationExpr,jetbrick.template.runtime.InterpretException,InterpretException,C:\Users\tyin363\Documents\repos\subchen__jetbrick-template-2x\jetbrick-template\src\main\java\jetbrick\template\parser\ast\AstDirectiveReturn.java,48
CLIENT:client-code:N/A:N/A,NameExpr,jetbrick.template.runtime.JetForIterator,iterator,C:\Users\tyin363\Documents\repos\subchen__jetbrick-template-2x\jetbrick-template\src\main\java\jetbrick\template\runtime\JetForIterator.java,50
CLIENT:client-code:N/A:N/A,NameExpr,jetbrick.template.resolver.macro.MacroResolver,decleardMacros,C:\Users\tyin363\Documents\repos\subchen__jetbrick-template-2x\jetbrick-template\src\main\java\jetbrick\template\resolver\macro\MacroResolver.java,32
CLIENT:client-code:N/A:N/A,MethodCallExpr,jetbrick.template.runtime.JetWriter,create,C:\Users\tyin363\Documents\repos\subchen__jetbrick-template-2x\jetbrick-template\src\main\java\jetbrick\template\runtime\buildin\JetFunctions.java,119
JDK:java.base:N/A:N/A,ClassOrInterfaceType,java.lang.String,String,C:\Users\tyin363\Documents\repos\subchen__jetbrick-template-2x\jetbrick-template\src\main\java\jetbrick\template\parser\AstCodeVisitor.java,700
JDK:java.base:N/A:N/A,ClassOrInterfaceType,java.util.List,List,C:\Users\tyin363\Documents\repos\subchen__jetbrick-template-2x\jetbrick-template\src\main\java\jetbrick\template\JetConfig.java,135
JDK:java.base:N/A:N/A,ObjectCreationExpr,java.lang.Object,Object,C:\Users\tyin363\Documents\repos\subchen__jetbrick-template-2x\jetbrick-template\src\main\java\jetbrick\template\parser\ast\ALU.java,31
JDK:java.base:N/A:N/A,ClassOrInterfaceType,java.lang.Number,Number,C:\Users\tyin363\Documents\repos\subchen__jetbrick-template-2x\jetbrick-template\src\main\java\jetbrick\template\parser\ast\ALU.java,122
CLIENT:client-code:N/A:N/A,ClassOrInterfaceType,jetbrick.template.JetTemplate,JetTemplate,C:\Users\tyin363\Documents\repos\subchen__jetbrick-template-2x\jetbrick-template\src\main\java\jetbrick\template\resolver\macro\MacroResolver.java,82
JDK:java.base:N/A:N/A,ClassOrInterfaceType,java.lang.String,String,C:\Users\tyin363\Documents\repos\subchen__jetbrick-template-2x\jetbrick-template\src\main\java\jetbrick\template\JetSecurityManagerImpl.java,49
JDK:java.base:N/A:N/A,ClassOrInterfaceType,java.io.UnsupportedEncodingException,UnsupportedEncodingException,C:\Users\tyin363\Documents\repos\subchen__jetbrick-template-2x\jetbrick-template\src\main\java\jetbrick\template\runtime\buildin\JetMethods.java,251
CLIENT:client-code:N/A:N/A,FieldAccessExpr,jetbrick.template.Errors,FUNCTION_NOT_FOUND,C:\Users\tyin363\Documents\repos\subchen__jetbrick-template-2x\jetbrick-template\src\main\java\jetbrick\template\parser\ast\AstInvokeFunction.java,66
CLIENT:client-code:N/A:N/A,FieldAccessExpr,jetbrick.template.JetTemplateImpl,resource,C:\Users\tyin363\Documents\repos\subchen__jetbrick-template-2x\jetbrick-template\src\main\java\jetbrick\template\JetTemplateImpl.java,58
CLIENT:client-code:N/A:N/A,NameExpr,jetbrick.template.parser.ast.AstExpression,position,C:\Users\tyin363\Documents\repos\subchen__jetbrick-template-2x\jetbrick-template\src\main\java\jetbrick\template\parser\ast\AstInvokeField.java,97
CLIENT:client-code:N/A:N/A,MethodCallExpr,jetbrick.template.Errors,isReflectIllegalArgumentException,C:\Users\tyin363\Documents\repos\subchen__jetbrick-template-2x\jetbrick-template\src\main\java\jetbrick\template\parser\ast\AstDirectiveTag.java,74
JDK:java.base:N/A:N/A,ClassOrInterfaceType,java.lang.String,String,C:\Users\tyin363\Documents\repos\subchen__jetbrick-template-2x\jetbrick-template\src\main\java\jetbrick\template\parser\AstCodeVisitor.java,170
CLIENT:client-code:N/A:N/A,NameExpr,jetbrick.template.parser.ParserContext,currentSymbols,C:\Users\tyin363\Documents\repos\subchen__jetbrick-template-2x\jetbrick-template\src\main\java\jetbrick\template\parser\ParserContext.java,165
JDK:java.base:N/A:N/A,ClassOrInterfaceType,java.lang.String,String,C:\Users\tyin363\Documents\repos\subchen__jetbrick-template-2x\jetbrick-template\src\main\java\jetbrick\template\runtime\buildin\JetMethods.java,144
CLIENT:client-code:N/A:N/A,ClassOrInterfaceType,jetbrick.template.parser.ast.AstExpression,AstExpression,C:\Users\tyin363\Documents\repos\subchen__jetbrick-template-2x\jetbrick-template\src\main\java\jetbrick\template\parser\ast\AstOperatorEquals.java,28
CLIENT:client-code:N/A:N/A,FieldAccessExpr,jetbrick.template.parser.ast.AstStatementList.ListIterator,index,C:\Users\tyin363\Documents\repos\subchen__jetbrick-template-2x\jetbrick-template\src\main\java\jetbrick\template\parser\ast\AstStatementList.java,262
CLIENT:client-code:N/A:N/A,FieldAccessExpr,jetbrick.template.parser.ParserContext,strict,C:\Users\tyin363\Documents\repos\subchen__jetbrick-template-2x\jetbrick-template\src\main\java\jetbrick\template\parser\ParserContext.java,76
JDK:java.base:N/A:N/A,ClassOrInterfaceType,java.lang.String,String,C:\Users\tyin363\Documents\repos\subchen__jetbrick-template-2x\jetbrick-template\src\main\java\jetbrick\template\parser\ParserContext.java,196
JDK:java.base:N/A:N/A,ClassOrInterfaceType,java.util.List,List,C:\Users\tyin363\Documents\repos\subchen__jetbrick-template-2x\jetbrick-template\src\main\java\jetbrick\template\resolver\tag\TagInvokerResolver.java,44
CLIENT:client-code:N/A:N/A,MethodCallExpr,jetbrick.template.Errors,format,C:\Users\tyin363\Documents\repos\subchen__jetbrick-template-2x\jetbrick-template\src\main\java\jetbrick\template\parser\ast\ALU.java,427
CLIENT:client-code:N/A:N/A,ClassOrInterfaceType,jetbrick.template.parser.ast.AstExpression,AstExpression,C:\Users\tyin363\Documents\repos\subchen__jetbrick-template-2x\jetbrick-template\src\main\java\jetbrick\template\parser\ast\AstDirectiveInclude.java,31
JDK:java.base:N/A:N/A,MethodCallExpr,java.lang.Iterable,iterator,C:\Users\tyin363\Documents\repos\subchen__jetbrick-template-2x\jetbrick-template\src\main\java\jetbrick\template\runtime\JetForIterator.java,50
com.github.subchen:jetbrick-commons:jar:2.1.9,ObjectCreationExpr,jetbrick.util.tuple.NameValuePair,NameValuePair,C:\Users\tyin363\Documents\repos\subchen__jetbrick-template-2x\jetbrick-template\src\main\java\jetbrick\template\parser\ast\AstConstantMapEntry.java,38
CLIENT:client-code:N/A:N/A,FieldAccessExpr,jetbrick.template.parser.ast.AstInvokeIndexGet,indexExpression,C:\Users\tyin363\Documents\repos\subchen__jetbrick-template-2x\jetbrick-template\src\main\java\jetbrick\template\parser\ast\AstInvokeIndexGet.java,37
JDK:java.base:N/A:N/A,ClassOrInterfaceType,java.lang.Long,Long,C:\Users\tyin363\Documents\repos\subchen__jetbrick-template-2x\jetbrick-template\src\main\java\jetbrick\template\parser\ast\ALU.java,47
JDK:java.base:N/A:N/A,ClassOrInterfaceType,java.util.Map,Map,C:\Users\tyin363\Documents\repos\subchen__jetbrick-template-2x\jetbrick-template\src\main\java\jetbrick\template\resolver\function\FunctionInvokerResolver.java,43
JDK:java.base:N/A:N/A,ObjectCreationExpr,java.lang.UnsupportedOperationException,UnsupportedOperationException,C:\Users\tyin363\Documents\repos\subchen__jetbrick-template-2x\jetbrick-template\src\main\java\jetbrick\template\parser\ast\AstOperatorEquals.java,65
CLIENT:client-code:N/A:N/A,NameExpr,jetbrick.template.loader.AbstractResourceLoader,root,C:\Users\tyin363\Documents\repos\subchen__jetbrick-template-2x\jetbrick-template\src\main\java\jetbrick\template\loader\AbstractResourceLoader.java,32
CLIENT:client-code:N/A:N/A,ObjectCreationExpr,jetbrick.template.parser.ast.AstOperatorEquals,AstOperatorEquals,C:\Users\tyin363\Documents\repos\subchen__jetbrick-template-2x\jetbrick-template\src\main\java\jetbrick\template\parser\AstCodeVisitor.java,587
CLIENT:client-code:N/A:N/A,FieldAccessExpr,jetbrick.template.parser.ast.AstInvokeFieldStatic,unsafe,C:\Users\tyin363\Documents\repos\subchen__jetbrick-template-2x\jetbrick-template\src\main\java\jetbrick\template\parser\ast\AstInvokeFieldStatic.java,41
JDK:java.base:N/A:N/A,ClassOrInterfaceType,java.lang.Class,Class,C:\Users\tyin363\Documents\repos\subchen__jetbrick-template-2x\jetbrick-template\src\main\java\jetbrick\template\parser\ast\AstInvokeMethodStatic.java,32
JDK:java.base:N/A:N/A,ClassOrInterfaceType,java.lang.Number,Number,C:\Users\tyin363\Documents\repos\subchen__jetbrick-template-2x\jetbrick-template\src\main\java\jetbrick\template\parser\ast\ALU.java,121
JDK:java.base:N/A:N/A,ClassOrInterfaceType,java.lang.ClassCastException,ClassCastException,C:\Users\tyin363\Documents\repos\subchen__jetbrick-template-2x\jetbrick-template\src\main\java\jetbrick\template\Errors.java,91
CLIENT:client-code:N/A:N/A,MethodCallExpr,jetbrick.template.parser.ParserContext,defineMacro,C:\Users\tyin363\Documents\repos\subchen__jetbrick-template-2x\jetbrick-template\src\main\java\jetbrick\template\parser\AstCodeVisitor.java,437
JDK:java.base:N/A:N/A,ClassOrInterfaceType,java.lang.String,String,C:\Users\tyin363\Documents\repos\subchen__jetbrick-template-2x\jetbrick-template\src\main\java\jetbrick\template\JetGlobalContext.java,63
JDK:java.base:N/A:N/A,ClassOrInterfaceType,java.lang.Object,Object,C:\Users\tyin363\Documents\repos\subchen__jetbrick-template-2x\jetbrick-template\src\main\java\jetbrick\template\parser\ast\ALU.java,66
CLIENT:client-code:N/A:N/A,FieldAccessExpr,jetbrick.template.runtime.InterpretContextImpl,securityManager,C:\Users\tyin363\Documents\repos\subchen__jetbrick-template-2x\jetbrick-template\src\main\java\jetbrick\template\runtime\InterpretContextImpl.java,43
CLIENT:client-code:N/A:N/A,ClassOrInterfaceType,jetbrick.template.runtime.InterpretException,InterpretException,C:\Users\tyin363\Documents\repos\subchen__jetbrick-template-2x\jetbrick-template\src\main\java\jetbrick\template\parser\ast\AstInvokeMethod.java,71
CLIENT:client-code:N/A:N/A,MethodCallExpr,jetbrick.template.resolver.ParameterUtils,getParameterTypes,C:\Users\tyin363\Documents\repos\subchen__jetbrick-template-2x\jetbrick-template\src\main\java\jetbrick\template\parser\ast\AstInvokeMethodStatic.java,63
JDK:java.base:N/A:N/A,ClassOrInterfaceType,java.lang.Object,Object,C:\Users\tyin363\Documents\repos\subchen__jetbrick-template-2x\jetbrick-template\src\main\java\jetbrick\template\resolver\ParameterUtils.java,38
CLIENT:client-code:N/A:N/A,FieldAccessExpr,jetbrick.template.parser.ast.AstInvokeField,last,C:\Users\tyin363\Documents\repos\subchen__jetbrick-template-2x\jetbrick-template\src\main\java\jetbrick\template\parser\ast\AstInvokeField.java,41
JDK:java.base:N/A:N/A,MethodCallExpr,java.io.Writer,flush,C:\Users\tyin363\Documents\repos\subchen__jetbrick-template-2x\jetbrick-template\src\main\java\jetbrick\template\runtime\writer\JetWriterPrinter.java,146
CLIENT:client-code:N/A:N/A,ClassOrInterfaceType,jetbrick.template.parser.ast.AstExpression,AstExpression,C:\Users\tyin363\Documents\repos\subchen__jetbrick-template-2x\jetbrick-template\src\main\java\jetbrick\template\parser\ast\AstDirectiveContinue.java,27
com.github.subchen:jetbrick-commons:jar:2.1.9,ClassOrInterfaceType,jetbrick.config.ConfigLoader,ConfigLoader,C:\Users\tyin363\Documents\repos\subchen__jetbrick-template-2x\jetbrick-template\src\main\java\jetbrick\template\JetConfig.java,81
JDK:java.base:N/A:N/A,ClassOrInterfaceType,java.lang.RuntimeException,RuntimeException,C:\Users\tyin363\Documents\repos\subchen__jetbrick-template-2x\jetbrick-template\src\main\java\jetbrick\template\parser\ast\AstInvokeNewObject.java,78
CLIENT:client-code:N/A:N/A,ClassOrInterfaceType,jetbrick.template.parser.ast.AstStatement,AstStatement,C:\Users\tyin363\Documents\repos\subchen__jetbrick-template-2x\jetbrick-template\src\main\java\jetbrick\template\parser\AstCodeVisitor.java,97
CLIENT:client-code:N/A:N/A,ObjectCreationExpr,jetbrick.template.parser.ast.AstStatementList.ListIterator,ListIterator,C:\Users\tyin363\Documents\repos\subchen__jetbrick-template-2x\jetbrick-template\src\main\java\jetbrick\template\parser\ast\AstStatementList.java,36
JDK:java.base:N/A:N/A,ClassOrInterfaceType,java.lang.String,String,C:\Users\tyin363\Documents\repos\subchen__jetbrick-template-2x\jetbrick-template\src\main\java\jetbrick\template\JetTemplateImpl.java,150
JDK:java.base:N/A:N/A,ObjectCreationExpr,java.lang.IllegalStateException,IllegalStateException,C:\Users\tyin363\Documents\repos\subchen__jetbrick-template-2x\jetbrick-template\src\main\java\jetbrick\template\parser\ast\ALU.java,182
JDK:java.base:N/A:N/A,ClassOrInterfaceType,java.lang.Class,Class,C:\Users\tyin363\Documents\repos\subchen__jetbrick-template-2x\jetbrick-template\src\main\java\jetbrick\template\parser\ast\ALU.java,67
CLIENT:client-code:N/A:N/A,FieldAccessExpr,jetbrick.template.parser.ast.AstConstantMapEntry,valueExpression,C:\Users\tyin363\Documents\repos\subchen__jetbrick-template-2x\jetbrick-template\src\main\java\jetbrick\template\parser\ast\AstConstantMapEntry.java,32
CLIENT:client-code:N/A:N/A,MethodCallExpr,jetbrick.template.parser.ast.AstStatementList.ListIterator,remove,C:\Users\tyin363\Documents\repos\subchen__jetbrick-template-2x\jetbrick-template\src\main\java\jetbrick\template\parser\ast\AstStatementList.java,191
CLIENT:client-code:N/A:N/A,MethodCallExpr,jetbrick.template.JetEngine,getConfig,C:\Users\tyin363\Documents\repos\subchen__jetbrick-template-2x\jetbrick-template\src\main\java\jetbrick\template\JetTemplateImpl.java,60
CLIENT:client-code:N/A:N/A,ObjectCreationExpr,jetbrick.template.runtime.InterpretException,InterpretException,C:\Users\tyin363\Documents\repos\subchen__jetbrick-template-2x\jetbrick-template\src\main\java\jetbrick\template\parser\ast\AstInvokeFieldStatic.java,73
CLIENT:client-code:N/A:N/A,ClassOrInterfaceType,jetbrick.template.parser.ast.Position,Position,C:\Users\tyin363\Documents\repos\subchen__jetbrick-template-2x\jetbrick-template\src\main\java\jetbrick\template\parser\ast\AstType.java,24
CLIENT:client-code:N/A:N/A,ObjectCreationExpr,jetbrick.template.JetTemplateImpl,JetTemplateImpl,C:\Users\tyin363\Documents\repos\subchen__jetbrick-template-2x\jetbrick-template\src\main\java\jetbrick\template\JetEngineImpl.java,133
CLIENT:client-code:N/A:N/A,FieldAccessExpr,jetbrick.template.parser.ast.Tokens,MOD,C:\Users\tyin363\Documents\repos\subchen__jetbrick-template-2x\jetbrick-template\src\main\java\jetbrick\template\parser\ast\AstOperatorBinary.java,87
JDK:java.base:N/A:N/A,ClassOrInterfaceType,java.io.IOException,IOException,C:\Users\tyin363\Documents\repos\subchen__jetbrick-template-2x\jetbrick-template\src\main\java\jetbrick\template\runtime\writer\JetOutputStreamPrinter.java,106
CLIENT:client-code:N/A:N/A,ClassOrInterfaceType,jetbrick.template.resolver.property.DefaultGetterResolver,DefaultGetterResolver,C:\Users\tyin363\Documents\repos\subchen__jetbrick-template-2x\jetbrick-template\src\main\java\jetbrick\template\resolver\GlobalResolver.java,54
CLIENT:client-code:N/A:N/A,FieldAccessExpr,jetbrick.template.parser.Symbols,FOR,C:\Users\tyin363\Documents\repos\subchen__jetbrick-template-2x\jetbrick-template\src\main\java\jetbrick\template\parser\AstCodeVisitor.java,834
JDK:java.base:N/A:N/A,ClassOrInterfaceType,java.util.ArrayList,ArrayList,C:\Users\tyin363\Documents\repos\subchen__jetbrick-template-2x\jetbrick-template\src\main\java\jetbrick\template\resolver\tag\TagInvokerResolver.java,90
CLIENT:client-code:N/A:N/A,MethodCallExpr,jetbrick.template.JetConfig,getInputEncoding,C:\Users\tyin363\Documents\repos\subchen__jetbrick-template-2x\jetbrick-template\src\main\java\jetbrick\template\JetTemplateImpl.java,97
JDK:java.base:N/A:N/A,ClassOrInterfaceType,java.lang.Class,Class,C:\Users\tyin363\Documents\repos\subchen__jetbrick-template-2x\jetbrick-template\src\main\java\jetbrick\template\parser\ast\AstDirectiveTag.java,58
JDK:java.base:N/A:N/A,MethodCallExpr,java.util.concurrent.ConcurrentMap,putIfAbsent,C:\Users\tyin363\Documents\repos\subchen__jetbrick-template-2x\jetbrick-template\src\main\java\jetbrick\template\JetEngineImpl.java,134
org.slf4j:slf4j-api:jar:1.7.7,MethodCallExpr,org.slf4j.Logger,debug,C:\Users\tyin363\Documents\repos\subchen__jetbrick-template-2x\jetbrick-template\src\main\java\jetbrick\template\resolver\function\FunctionInvokerResolver.java,81
CLIENT:client-code:N/A:N/A,NameExpr,jetbrick.template.JetEngineImpl,loaders,C:\Users\tyin363\Documents\repos\subchen__jetbrick-template-2x\jetbrick-template\src\main\java\jetbrick\template\JetEngineImpl.java,57
CLIENT:client-code:N/A:N/A,MethodCallExpr,jetbrick.template.parser.AstCodeVisitor,pos,C:\Users\tyin363\Documents\repos\subchen__jetbrick-template-2x\jetbrick-template\src\main\java\jetbrick\template\parser\AstCodeVisitor.java,199
CLIENT:client-code:N/A:N/A,ClassOrInterfaceType,jetbrick.template.runtime.InterpretException,InterpretException,C:\Users\tyin363\Documents\repos\subchen__jetbrick-template-2x\jetbrick-template\src\main\java\jetbrick\template\parser\ast\AstDirectiveTag.java,54
CLIENT:client-code:N/A:N/A,NameExpr,jetbrick.template.parser.ast.AstText,FIELD_STRING_VALUE,C:\Users\tyin363\Documents\repos\subchen__jetbrick-template-2x\jetbrick-template\src\main\java\jetbrick\template\parser\ast\AstText.java,282
CLIENT:client-code:N/A:N/A,ClassOrInterfaceType,jetbrick.template.parser.ast.AstExpression,AstExpression,C:\Users\tyin363\Documents\repos\subchen__jetbrick-template-2x\jetbrick-template\src\main\java\jetbrick\template\parser\ast\AstOperatorEquals.java,30
com.github.subchen:jetbrick-commons:jar:2.1.9,MethodCallExpr,jetbrick.util.PathUtils,normalize,C:\Users\tyin363\Documents\repos\subchen__jetbrick-template-2x\jetbrick-template\src\main\java\jetbrick\template\JetEngineImpl.java,148
CLIENT:client-code:N/A:N/A,MethodCallExpr,jetbrick.template.parser.ast.AstStatementList.ListIterator,has,C:\Users\tyin363\Documents\repos\subchen__jetbrick-template-2x\jetbrick-template\src\main\java\jetbrick\template\parser\ast\AstStatementList.java,102
CLIENT:client-code:N/A:N/A,ClassOrInterfaceType,jetbrick.template.parser.ast.AstNode,AstNode,C:\Users\tyin363\Documents\repos\subchen__jetbrick-template-2x\jetbrick-template\src\main\java\jetbrick\template\parser\AstCodeVisitor.java,699
CLIENT:client-code:N/A:N/A,MethodCallExpr,jetbrick.template.parser.Source,getFilename,C:\Users\tyin363\Documents\repos\subchen__jetbrick-template-2x\jetbrick-template\src\main\java\jetbrick\template\parser\AstBuilder.java,36
JDK:java.base:N/A:N/A,MethodCallExpr,java.math.BigInteger,toString,C:\Users\tyin363\Documents\repos\subchen__jetbrick-template-2x\jetbrick-template\src\main\java\jetbrick\template\runtime\buildin\JetMethods.java,248
CLIENT:client-code:N/A:N/A,MethodCallExpr,jetbrick.template.JetTemplateMacro,getName,C:\Users\tyin363\Documents\repos\subchen__jetbrick-template-2x\jetbrick-template\src\main\java\jetbrick\template\JetTemplateMacro.java,73
CLIENT:client-code:N/A:N/A,FieldAccessExpr,jetbrick.template.parser.ast.Tokens,MUL,C:\Users\tyin363\Documents\repos\subchen__jetbrick-template-2x\jetbrick-template\src\main\java\jetbrick\template\parser\AstCodeVisitor.java,563
JDK:java.base:N/A:N/A,ClassOrInterfaceType,java.lang.Class,Class,C:\Users\tyin363\Documents\repos\subchen__jetbrick-template-2x\jetbrick-template\src\main\java\jetbrick\template\parser\ast\ALU.java,68
JDK:java.base:N/A:N/A,MethodCallExpr,java.lang.String,lastIndexOf,C:\Users\tyin363\Documents\repos\subchen__jetbrick-template-2x\jetbrick-template\src\main\java\jetbrick\template\resolver\clazz\ClassResolver.java,109
CLIENT:client-code:N/A:N/A,NameExpr,jetbrick.template.resolver.function.ExtensionFunctionInvoker,method,C:\Users\tyin363\Documents\repos\subchen__jetbrick-template-2x\jetbrick-template\src\main\java\jetbrick\template\resolver\function\ExtensionFunctionInvoker.java,48
CLIENT:client-code:N/A:N/A,FieldAccessExpr,jetbrick.template.parser.ast.Tokens,AST_BLOCK_SET,C:\Users\tyin363\Documents\repos\subchen__jetbrick-template-2x\jetbrick-template\src\main\java\jetbrick\template\parser\ast\AstStatementList.java,34
com.github.subchen:jetbrick-commons:jar:2.1.9,MethodCallExpr,jetbrick.bean.KlassInfo,create,C:\Users\tyin363\Documents\repos\subchen__jetbrick-template-2x\jetbrick-template\src\main\java\jetbrick\template\resolver\tag\TagInvokerResolver.java,50
JDK:java.base:N/A:N/A,ClassOrInterfaceType,java.util.List,List,C:\Users\tyin363\Documents\repos\subchen__jetbrick-template-2x\jetbrick-template\src\main\java\jetbrick\template\parser\ast\AstStatementList.java,30
JDK:java.base:N/A:N/A,ObjectCreationExpr,java.lang.String,String,C:\Users\tyin363\Documents\repos\subchen__jetbrick-template-2x\jetbrick-template\src\main\java\jetbrick\template\parser\Source.java,34
CLIENT:client-code:N/A:N/A,NameExpr,jetbrick.template.resolver.clazz.ClassResolver,importedClassMap,C:\Users\tyin363\Documents\repos\subchen__jetbrick-template-2x\jetbrick-template\src\main\java\jetbrick\template\resolver\clazz\ClassResolver.java,97
CLIENT:client-code:N/A:N/A,NameExpr,jetbrick.template.runtime.writer.JetWriterPrinterEx,os,C:\Users\tyin363\Documents\repos\subchen__jetbrick-template-2x\jetbrick-template\src\main\java\jetbrick\template\runtime\writer\JetWriterPrinterEx.java,98
CLIENT:client-code:N/A:N/A,ObjectCreationExpr,jetbrick.template.parser.ast.AstOperatorEquals,AstOperatorEquals,C:\Users\tyin363\Documents\repos\subchen__jetbrick-template-2x\jetbrick-template\src\main\java\jetbrick\template\parser\AstCodeVisitor.java,599
CLIENT:client-code:N/A:N/A,ClassOrInterfaceType,jetbrick.template.runtime.InterpretException,InterpretException,C:\Users\tyin363\Documents\repos\subchen__jetbrick-template-2x\jetbrick-template\src\main\java\jetbrick\template\parser\ast\AstInvokeMethodStatic.java,48
CLIENT:client-code:N/A:N/A,NameExpr,jetbrick.template.parser.ast.AstText.Jdk7CharArrayEncoder,chars,C:\Users\tyin363\Documents\repos\subchen__jetbrick-template-2x\jetbrick-template\src\main\java\jetbrick\template\parser\ast\AstText.java,287
JDK:java.base:N/A:N/A,ClassOrInterfaceType,java.lang.Throwable,Throwable,C:\Users\tyin363\Documents\repos\subchen__jetbrick-template-2x\jetbrick-template\src\main\java\jetbrick\template\runtime\InterpretException.java,48
CLIENT:client-code:N/A:N/A,NameExpr,jetbrick.template.parser.ast.AstInvokeNewObject,argumentList,C:\Users\tyin363\Documents\repos\subchen__jetbrick-template-2x\jetbrick-template\src\main\java\jetbrick\template\parser\ast\AstInvokeNewObject.java,46
CLIENT:client-code:N/A:N/A,ClassOrInterfaceType,jetbrick.template.parser.ast.AstDirective,AstDirective,C:\Users\tyin363\Documents\repos\subchen__jetbrick-template-2x\jetbrick-template\src\main\java\jetbrick\template\parser\ast\AstDirectiveSet.java,25
JDK:java.base:N/A:N/A,MethodCallExpr,java.lang.Object,getClass,C:\Users\tyin363\Documents\repos\subchen__jetbrick-template-2x\jetbrick-template\src\main\java\jetbrick\template\parser\ast\ALU.java,195
CLIENT:client-code:N/A:N/A,ClassOrInterfaceType,jetbrick.template.parser.ast.AstExpression,AstExpression,C:\Users\tyin363\Documents\repos\subchen__jetbrick-template-2x\jetbrick-template\src\main\java\jetbrick\template\parser\ast\AstOperatorEquals.java,25
JDK:java.base:N/A:N/A,ClassOrInterfaceType,java.lang.IllegalStateException,IllegalStateException,C:\Users\tyin363\Documents\repos\subchen__jetbrick-template-2x\jetbrick-template\src\main\java\jetbrick\template\parser\ast\ALU.java,217
CLIENT:client-code:N/A:N/A,FieldAccessExpr,jetbrick.template.Errors,FUNCTION_INVOKE_ERROR,C:\Users\tyin363\Documents\repos\subchen__jetbrick-template-2x\jetbrick-template\src\main\java\jetbrick\template\parser\ast\AstInvokeFunction.java,94
CLIENT:client-code:N/A:N/A,NameExpr,jetbrick.template.resolver.method.MethodInvokerResolver,cache,C:\Users\tyin363\Documents\repos\subchen__jetbrick-template-2x\jetbrick-template\src\main\java\jetbrick\template\resolver\method\MethodInvokerResolver.java,100
JDK:java.base:N/A:N/A,MethodCallExpr,java.lang.Class,isEnum,C:\Users\tyin363\Documents\repos\subchen__jetbrick-template-2x\jetbrick-template\src\main\java\jetbrick\template\runtime\JetForIterator.java,67
JDK:java.base:N/A:N/A,ObjectCreationExpr,java.util.EmptyStackException,EmptyStackException,C:\Users\tyin363\Documents\repos\subchen__jetbrick-template-2x\jetbrick-template\src\main\java\jetbrick\template\runtime\ValueStack.java,151
JDK:java.base:N/A:N/A,ClassOrInterfaceType,java.lang.String,String,C:\Users\tyin363\Documents\repos\subchen__jetbrick-template-2x\jetbrick-template\src\main\java\jetbrick\template\parser\AstCodeVisitor.java,712
JDK:java.base:N/A:N/A,ClassOrInterfaceType,java.lang.Object,Object,C:\Users\tyin363\Documents\repos\subchen__jetbrick-template-2x\jetbrick-template\src\main\java\jetbrick\template\parser\ast\ALU.java,345
JDK:java.base:N/A:N/A,ClassOrInterfaceType,java.nio.charset.Charset,Charset,C:\Users\tyin363\Documents\repos\subchen__jetbrick-template-2x\jetbrick-template\src\main\java\jetbrick\template\runtime\writer\JetOutputStreamPrinterEx.java,29
CLIENT:client-code:N/A:N/A,ClassOrInterfaceType,jetbrick.template.parser.ast.AstNode,AstNode,C:\Users\tyin363\Documents\repos\subchen__jetbrick-template-2x\jetbrick-template\src\main\java\jetbrick\template\parser\ast\AstStatement.java,25
CLIENT:client-code:N/A:N/A,FieldAccessExpr,jetbrick.template.Errors,VARIABLE_DEFAINE_AFTER_USE,C:\Users\tyin363\Documents\repos\subchen__jetbrick-template-2x\jetbrick-template\src\main\java\jetbrick\template\parser\ParserContext.java,187
JDK:java.base:N/A:N/A,ClassOrInterfaceType,java.lang.Class,Class,C:\Users\tyin363\Documents\repos\subchen__jetbrick-template-2x\jetbrick-template\src\main\java\jetbrick\template\resolver\tag\TagInvokerResolver.java,54
CLIENT:client-code:N/A:N/A,ClassOrInterfaceType,jetbrick.template.runtime.InterpretContext,InterpretContext,C:\Users\tyin363\Documents\repos\subchen__jetbrick-template-2x\jetbrick-template\src\main\java\jetbrick\template\parser\ast\AstInvokeMethod.java,50
CLIENT:client-code:N/A:N/A,MethodCallExpr,jetbrick.template.Errors,typeName,C:\Users\tyin363\Documents\repos\subchen__jetbrick-template-2x\jetbrick-template\src\main\java\jetbrick\template\parser\ast\ALU.java,487
CLIENT:client-code:N/A:N/A,NameExpr,jetbrick.template.runtime.JetForIterator,iterator,C:\Users\tyin363\Documents\repos\subchen__jetbrick-template-2x\jetbrick-template\src\main\java\jetbrick\template\runtime\JetForIterator.java,54
CLIENT:client-code:N/A:N/A,MethodCallExpr,jetbrick.template.runtime.InterpretContext,getEngine,C:\Users\tyin363\Documents\repos\subchen__jetbrick-template-2x\jetbrick-template\src\main\java\jetbrick\template\runtime\buildin\JetFunctions.java,99
CLIENT:client-code:N/A:N/A,FieldAccessExpr,jetbrick.template.Errors,OPTION_NAME_INVALID,C:\Users\tyin363\Documents\repos\subchen__jetbrick-template-2x\jetbrick-template\src\main\java\jetbrick\template\parser\AstCodeVisitor.java,199
JDK:java.base:N/A:N/A,ClassOrInterfaceType,java.lang.IllegalStateException,IllegalStateException,C:\Users\tyin363\Documents\repos\subchen__jetbrick-template-2x\jetbrick-template\src\main\java\jetbrick\template\parser\ast\AstDirectiveFor.java,59
CLIENT:client-code:N/A:N/A,NameExpr,jetbrick.template.resolver.method.MethodInvokerResolver,extensionMethodMap,C:\Users\tyin363\Documents\repos\subchen__jetbrick-template-2x\jetbrick-template\src\main\java\jetbrick\template\resolver\method\MethodInvokerResolver.java,134
CLIENT:client-code:N/A:N/A,ObjectCreationExpr,jetbrick.template.resolver.tag.TagInvokerResolver,TagInvokerResolver,C:\Users\tyin363\Documents\repos\subchen__jetbrick-template-2x\jetbrick-template\src\main\java\jetbrick\template\resolver\GlobalResolver.java,57
CLIENT:client-code:N/A:N/A,NameExpr,jetbrick.template.JetConfig,TEMPLATE_SOURCE_SECURITYMANAGER,C:\Users\tyin363\Documents\repos\subchen__jetbrick-template-2x\jetbrick-template\src\main\java\jetbrick\template\JetConfig.java,114
CLIENT:client-code:N/A:N/A,FieldAccessExpr,jetbrick.template.Errors,VARIABLE_IS_KEYWORD,C:\Users\tyin363\Documents\repos\subchen__jetbrick-template-2x\jetbrick-template\src\main\java\jetbrick\template\parser\AstCodeVisitor.java,839
JDK:java.base:N/A:N/A,MethodCallExpr,java.lang.Number,intValue,C:\Users\tyin363\Documents\repos\subchen__jetbrick-template-2x\jetbrick-template\src\main\java\jetbrick\template\parser\ast\ALU.java,279
CLIENT:client-code:N/A:N/A,NameExpr,jetbrick.template.parser.ParserContext,currentSymbols,C:\Users\tyin363\Documents\repos\subchen__jetbrick-template-2x\jetbrick-template\src\main\java\jetbrick\template\parser\ParserContext.java,169
JDK:java.base:N/A:N/A,ClassOrInterfaceType,java.lang.String,String,C:\Users\tyin363\Documents\repos\subchen__jetbrick-template-2x\jetbrick-template\src\main\java\jetbrick\template\parser\ast\AstConstantMapEntry.java,26
JDK:java.base:N/A:N/A,ClassOrInterfaceType,java.lang.Object,Object,C:\Users\tyin363\Documents\repos\subchen__jetbrick-template-2x\jetbrick-template\src\main\java\jetbrick\template\runtime\ValueContext.java,60
CLIENT:client-code:N/A:N/A,ClassOrInterfaceType,jetbrick.template.runtime.JetWriter,JetWriter,C:\Users\tyin363\Documents\repos\subchen__jetbrick-template-2x\jetbrick-template\src\main\java\jetbrick\template\runtime\JetTagContext.java,74
com.github.subchen:jetbrick-commons:jar:2.1.9,MethodCallExpr,jetbrick.util.DateUtils,parse,C:\Users\tyin363\Documents\repos\subchen__jetbrick-template-2x\jetbrick-template\src\main\java\jetbrick\template\runtime\buildin\JetMethods.java,100
com.github.subchen:jetbrick-commons:jar:2.1.9,MethodCallExpr,jetbrick.bean.ExecutableUtils,searchExecutable,C:\Users\tyin363\Documents\repos\subchen__jetbrick-template-2x\jetbrick-template\src\main\java\jetbrick\template\resolver\tag\TagInvokerResolver.java,126
CLIENT:client-code:N/A:N/A,MethodCallExpr,jetbrick.template.parser.AstCodeVisitor,pos,C:\Users\tyin363\Documents\repos\subchen__jetbrick-template-2x\jetbrick-template\src\main\java\jetbrick\template\parser\AstCodeVisitor.java,201
CLIENT:client-code:N/A:N/A,ClassOrInterfaceType,jetbrick.template.JetGlobalContext,JetGlobalContext,C:\Users\tyin363\Documents\repos\subchen__jetbrick-template-2x\jetbrick-template\src\main\java\jetbrick\template\JetEngine.java,90
com.github.subchen:jetbrick-commons:jar:2.1.9,ClassOrInterfaceType,jetbrick.io.stream.UnsafeCharArrayWriter,UnsafeCharArrayWriter,C:\Users\tyin363\Documents\repos\subchen__jetbrick-template-2x\jetbrick-template\src\main\java\jetbrick\template\runtime\buildin\JetFunctions.java,77
CLIENT:client-code:N/A:N/A,MethodCallExpr,jetbrick.template.runtime.ValueStack,doGetType,C:\Users\tyin363\Documents\repos\subchen__jetbrick-template-2x\jetbrick-template\src\main\java\jetbrick\template\runtime\ValueStack.java,158
CLIENT:client-code:N/A:N/A,MethodCallExpr,jetbrick.template.runtime.InterpretException,set,C:\Users\tyin363\Documents\repos\subchen__jetbrick-template-2x\jetbrick-template\src\main\java\jetbrick\template\parser\ast\AstOperatorBinary.java,69
JDK:java.base:N/A:N/A,ClassOrInterfaceType,java.lang.String,String,C:\Users\tyin363\Documents\repos\subchen__jetbrick-template-2x\jetbrick-template\src\main\java\jetbrick\template\runtime\buildin\JetMethods.java,148
JDK:java.base:N/A:N/A,ClassOrInterfaceType,java.lang.Long,Long,C:\Users\tyin363\Documents\repos\subchen__jetbrick-template-2x\jetbrick-template\src\main\java\jetbrick\template\parser\ast\ALU.java,307
org.slf4j:slf4j-api:jar:1.7.7,ClassOrInterfaceType,org.slf4j.Logger,Logger,C:\Users\tyin363\Documents\repos\subchen__jetbrick-template-2x\jetbrick-template\src\main\java\jetbrick\template\resolver\GlobalResolver.java,43
JDK:java.base:N/A:N/A,ClassOrInterfaceType,java.lang.String,String,C:\Users\tyin363\Documents\repos\subchen__jetbrick-template-2x\jetbrick-template\src\main\java\jetbrick\template\parser\SyntaxException.java,63
JDK:java.base:N/A:N/A,ClassOrInterfaceType,java.util.HashMap,HashMap,C:\Users\tyin363\Documents\repos\subchen__jetbrick-template-2x\jetbrick-template\src\main\java\jetbrick\template\resolver\function\FunctionInvokerResolver.java,43
CLIENT:client-code:N/A:N/A,ClassOrInterfaceType,jetbrick.template.runtime.TemplateStack,TemplateStack,C:\Users\tyin363\Documents\repos\subchen__jetbrick-template-2x\jetbrick-template\src\main\java\jetbrick\template\runtime\InterpretContextImpl.java,44
CLIENT:client-code:N/A:N/A,ClassOrInterfaceType,jetbrick.template.runtime.writer.TrimLeadingWhitespacesWriter,TrimLeadingWhitespacesWriter,C:\Users\tyin363\Documents\repos\subchen__jetbrick-template-2x\jetbrick-template\src\main\java\jetbrick\template\runtime\JetWriter.java,34
JDK:java.base:N/A:N/A,MethodCallExpr,java.lang.Long,valueOf,C:\Users\tyin363\Documents\repos\subchen__jetbrick-template-2x\jetbrick-template\src\main\java\jetbrick\template\parser\ast\ALU.java,301
CLIENT:client-code:N/A:N/A,NameExpr,jetbrick.template.parser.ast.AstConstantList,argumentList,C:\Users\tyin363\Documents\repos\subchen__jetbrick-template-2x\jetbrick-template\src\main\java\jetbrick\template\parser\ast\AstConstantList.java,35
CLIENT:client-code:N/A:N/A,ClassOrInterfaceType,jetbrick.template.parser.ast.AstExpressionList,AstExpressionList,C:\Users\tyin363\Documents\repos\subchen__jetbrick-template-2x\jetbrick-template\src\main\java\jetbrick\template\parser\ast\AstDirectiveCall.java,35
JDK:java.base:N/A:N/A,ClassOrInterfaceType,java.util.Map,Map,C:\Users\tyin363\Documents\repos\subchen__jetbrick-template-2x\jetbrick-template\src\main\java\jetbrick\template\runtime\InterpretContextImpl.java,120
CLIENT:client-code:N/A:N/A,ClassOrInterfaceType,jetbrick.template.resolver.function.FunctionInvoker,FunctionInvoker,C:\Users\tyin363\Documents\repos\subchen__jetbrick-template-2x\jetbrick-template\src\main\java\jetbrick\template\JetTemplateMacro.java,31
CLIENT:client-code:N/A:N/A,ObjectCreationExpr,jetbrick.template.parser.ast.AstOperatorEquals,AstOperatorEquals,C:\Users\tyin363\Documents\repos\subchen__jetbrick-template-2x\jetbrick-template\src\main\java\jetbrick\template\parser\AstCodeVisitor.java,597
CLIENT:client-code:N/A:N/A,NameExpr,jetbrick.template.runtime.ValueStack,current,C:\Users\tyin363\Documents\repos\subchen__jetbrick-template-2x\jetbrick-template\src\main\java\jetbrick\template\runtime\ValueStack.java,112
CLIENT:client-code:N/A:N/A,MethodCallExpr,jetbrick.template.parser.ast.AstText,trimLastNewLine,C:\Users\tyin363\Documents\repos\subchen__jetbrick-template-2x\jetbrick-template\src\main\java\jetbrick\template\parser\ast\AstStatementList.java,186
CLIENT:client-code:N/A:N/A,MethodCallExpr,jetbrick.template.parser.ParserContext,defineSymbol,C:\Users\tyin363\Documents\repos\subchen__jetbrick-template-2x\jetbrick-template\src\main\java\jetbrick\template\parser\AstCodeVisitor.java,251
JDK:java.base:N/A:N/A,ClassOrInterfaceType,java.lang.Class,Class,C:\Users\tyin363\Documents\repos\subchen__jetbrick-template-2x\jetbrick-template\src\main\java\jetbrick\template\resolver\GlobalResolver.java,112
CLIENT:client-code:N/A:N/A,ClassOrInterfaceType,jetbrick.template.parser.ast.AstExpression,AstExpression,C:\Users\tyin363\Documents\repos\subchen__jetbrick-template-2x\jetbrick-template\src\main\java\jetbrick\template\parser\ast\AstOperatorEquals.java,27
CLIENT:client-code:N/A:N/A,NameExpr,jetbrick.template.parser.ast.ALU,BYTE,C:\Users\tyin363\Documents\repos\subchen__jetbrick-template-2x\jetbrick-template\src\main\java\jetbrick\template\parser\ast\ALU.java,411
JDK:java.base:N/A:N/A,MethodCallExpr,java.lang.Iterable,iterator,C:\Users\tyin363\Documents\repos\subchen__jetbrick-template-2x\jetbrick-template\src\main\java\jetbrick\template\runtime\JetForIterator.java,53
CLIENT:client-code:N/A:N/A,NameExpr,jetbrick.template.parser.ast.AstInvokeFieldStatic,unsafe,C:\Users\tyin363\Documents\repos\subchen__jetbrick-template-2x\jetbrick-template\src\main\java\jetbrick\template\parser\ast\AstInvokeFieldStatic.java,58
JDK:java.base:N/A:N/A,ObjectCreationExpr,java.util.ArrayList,ArrayList,C:\Users\tyin363\Documents\repos\subchen__jetbrick-template-2x\jetbrick-template\src\main\java\jetbrick\template\resolver\method\MethodInvokerResolver.java,88
JDK:java.base:N/A:N/A,ClassOrInterfaceType,java.nio.charset.Charset,Charset,C:\Users\tyin363\Documents\repos\subchen__jetbrick-template-2x\jetbrick-template\src\main\java\jetbrick\template\runtime\writer\JetOutputStreamPrinterEx.java,31
JDK:java.base:N/A:N/A,MethodCallExpr,java.util.List,add,C:\Users\tyin363\Documents\repos\subchen__jetbrick-template-2x\jetbrick-template\src\main\java\jetbrick\template\resolver\clazz\ClassResolver.java,59
CLIENT:client-code:N/A:N/A,NameExpr,jetbrick.template.parser.ast.ALU,BYTE,C:\Users\tyin363\Documents\repos\subchen__jetbrick-template-2x\jetbrick-template\src\main\java\jetbrick\template\parser\ast\ALU.java,147
CLIENT:client-code:N/A:N/A,NameExpr,jetbrick.template.JetConfig,trimDirectiveCommentsSuffix,C:\Users\tyin363\Documents\repos\subchen__jetbrick-template-2x\jetbrick-template\src\main\java\jetbrick\template\JetConfig.java,123
CLIENT:client-code:N/A:N/A,NameExpr,jetbrick.template.parser.ast.ALU,FLOAT,C:\Users\tyin363\Documents\repos\subchen__jetbrick-template-2x\jetbrick-template\src\main\java\jetbrick\template\parser\ast\ALU.java,176
CLIENT:client-code:N/A:N/A,FieldAccessExpr,jetbrick.template.runtime.InterpretContext,SIGNAL_STOP,C:\Users\tyin363\Documents\repos\subchen__jetbrick-template-2x\jetbrick-template\src\main\java\jetbrick\template\parser\ast\AstDirectiveStop.java,38
CLIENT:client-code:N/A:N/A,NameExpr,jetbrick.template.parser.ast.AstInvokeIndexGet,nullSafe,C:\Users\tyin363\Documents\repos\subchen__jetbrick-template-2x\jetbrick-template\src\main\java\jetbrick\template\parser\ast\AstInvokeIndexGet.java,45
JDK:java.base:N/A:N/A,ClassOrInterfaceType,java.lang.String,String,C:\Users\tyin363\Documents\repos\subchen__jetbrick-template-2x\jetbrick-template\src\main\java\jetbrick\template\parser\ParserContext.java,209
com.github.subchen:jetbrick-commons:jar:2.1.9,ClassOrInterfaceType,jetbrick.io.resource.ResourceNotFoundException,ResourceNotFoundException,C:\Users\tyin363\Documents\repos\subchen__jetbrick-template-2x\jetbrick-template\src\main\java\jetbrick\template\loader\resource\SourceResource.java,48
CLIENT:client-code:N/A:N/A,NameExpr,jetbrick.template.parser.ast.AstInvokeNewObject,argumentList,C:\Users\tyin363\Documents\repos\subchen__jetbrick-template-2x\jetbrick-template\src\main\java\jetbrick\template\parser\ast\AstInvokeNewObject.java,49
JDK:java.base:N/A:N/A,ClassOrInterfaceType,java.lang.String,String,C:\Users\tyin363\Documents\repos\subchen__jetbrick-template-2x\jetbrick-template\src\main\java\jetbrick\template\runtime\JetTagContext.java,36
CLIENT:client-code:N/A:N/A,MethodCallExpr,jetbrick.template.JetTemplate,resolveMacro,C:\Users\tyin363\Documents\repos\subchen__jetbrick-template-2x\jetbrick-template\src\main\java\jetbrick\template\parser\ast\AstDirectiveCall.java,54
CLIENT:client-code:N/A:N/A,MethodCallExpr,jetbrick.template.runtime.JetTagContext,getInterpretContext,C:\Users\tyin363\Documents\repos\subchen__jetbrick-template-2x\jetbrick-template\src\main\java\jetbrick\template\runtime\JetTagContext.java,61
JDK:java.base:N/A:N/A,ClassOrInterfaceType,java.lang.Object,Object,C:\Users\tyin363\Documents\repos\subchen__jetbrick-template-2x\jetbrick-template\src\main\java\jetbrick\template\runtime\ValueStack.java,149
JDK:java.base:N/A:N/A,ClassOrInterfaceType,java.io.IOException,IOException,C:\Users\tyin363\Documents\repos\subchen__jetbrick-template-2x\jetbrick-template\src\main\java\jetbrick\template\runtime\writer\JetWriterPrinter.java,159
JDK:java.base:N/A:N/A,ClassOrInterfaceType,java.lang.IllegalStateException,IllegalStateException,C:\Users\tyin363\Documents\repos\subchen__jetbrick-template-2x\jetbrick-template\src\main\java\jetbrick\template\parser\ParserContext.java,189
CLIENT:client-code:N/A:N/A,NameExpr,jetbrick.template.runtime.JetForIterator,iterator,C:\Users\tyin363\Documents\repos\subchen__jetbrick-template-2x\jetbrick-template\src\main\java\jetbrick\template\runtime\JetForIterator.java,58
JDK:java.base:N/A:N/A,ClassOrInterfaceType,java.lang.reflect.Constructor,Constructor,C:\Users\tyin363\Documents\repos\subchen__jetbrick-template-2x\jetbrick-template\src\main\java\jetbrick\template\JetSecurityManager.java,34
CLIENT:client-code:N/A:N/A,ClassOrInterfaceType,jetbrick.template.JetGlobalContext,JetGlobalContext,C:\Users\tyin363\Documents\repos\subchen__jetbrick-template-2x\jetbrick-template\src\main\java\jetbrick\template\JetEngineImpl.java,197
CLIENT:client-code:N/A:N/A,ClassOrInterfaceType,jetbrick.template.parser.ast.AstExpression,AstExpression,C:\Users\tyin363\Documents\repos\subchen__jetbrick-template-2x\jetbrick-template\src\main\java\jetbrick\template\parser\AstCodeVisitor.java,241
JDK:java.base:N/A:N/A,ClassOrInterfaceType,java.lang.String,String,C:\Users\tyin363\Documents\repos\subchen__jetbrick-template-2x\jetbrick-template\src\main\java\jetbrick\template\JetGlobalContext.java,49
JDK:java.base:N/A:N/A,MethodCallExpr,java.lang.Number,floatValue,C:\Users\tyin363\Documents\repos\subchen__jetbrick-template-2x\jetbrick-template\src\main\java\jetbrick\template\parser\ast\ALU.java,205
JDK:java.base:N/A:N/A,MethodCallExpr,java.lang.Class,getName,C:\Users\tyin363\Documents\repos\subchen__jetbrick-template-2x\jetbrick-template\src\main\java\jetbrick\template\runtime\ValueStack.java,161
org.slf4j:slf4j-api:jar:1.7.7,ClassOrInterfaceType,org.slf4j.Logger,Logger,C:\Users\tyin363\Documents\repos\subchen__jetbrick-template-2x\jetbrick-template\src\main\java\jetbrick\template\resolver\method\MethodInvokerResolver.java,40
CLIENT:client-code:N/A:N/A,ClassOrInterfaceType,jetbrick.template.parser.ast.AstExpressionList,AstExpressionList,C:\Users\tyin363\Documents\repos\subchen__jetbrick-template-2x\jetbrick-template\src\main\java\jetbrick\template\parser\AstCodeVisitor.java,401
JDK:java.base:N/A:N/A,ClassOrInterfaceType,java.lang.String,String,C:\Users\tyin363\Documents\repos\subchen__jetbrick-template-2x\jetbrick-template\src\main\java\jetbrick\template\JetTemplateImpl.java,139
JDK:java.base:N/A:N/A,ObjectCreationExpr,java.lang.IndexOutOfBoundsException,IndexOutOfBoundsException,C:\Users\tyin363\Documents\repos\subchen__jetbrick-template-2x\jetbrick-template\src\main\java\jetbrick\template\runtime\writer\TrimLeadingWhitespacesOutputStream.java,58
CLIENT:client-code:N/A:N/A,ClassOrInterfaceType,jetbrick.template.runtime.InterpretException,InterpretException,C:\Users\tyin363\Documents\repos\subchen__jetbrick-template-2x\jetbrick-template\src\main\java\jetbrick\template\parser\ast\AstInvokeMethod.java,58
CLIENT:client-code:N/A:N/A,ClassOrInterfaceType,jetbrick.template.runtime.JetWriter,JetWriter,C:\Users\tyin363\Documents\repos\subchen__jetbrick-template-2x\jetbrick-template\src\main\java\jetbrick\template\runtime\JetWriter.java,31
CLIENT:client-code:N/A:N/A,MethodCallExpr,jetbrick.template.parser.ast.AstExpression,execute,C:\Users\tyin363\Documents\repos\subchen__jetbrick-template-2x\jetbrick-template\src\main\java\jetbrick\template\parser\ast\AstTernarySimplifyOperator.java,36
CLIENT:client-code:N/A:N/A,ClassOrInterfaceType,jetbrick.template.runtime.InterpretContext,InterpretContext,C:\Users\tyin363\Documents\repos\subchen__jetbrick-template-2x\jetbrick-template\src\main\java\jetbrick\template\parser\ast\AstDirectiveTag.java,54
JDK:java.base:N/A:N/A,ClassOrInterfaceType,java.lang.String,String,C:\Users\tyin363\Documents\repos\subchen__jetbrick-template-2x\jetbrick-template\src\main\java\jetbrick\template\JetSecurityManagerImpl.java,58
JDK:java.base:N/A:N/A,ClassOrInterfaceType,java.lang.Throwable,Throwable,C:\Users\tyin363\Documents\repos\subchen__jetbrick-template-2x\jetbrick-template\src\main\java\jetbrick\template\runtime\InterpretException.java,44
CLIENT:client-code:N/A:N/A,ClassOrInterfaceType,jetbrick.template.parser.ast.Position,Position,C:\Users\tyin363\Documents\repos\subchen__jetbrick-template-2x\jetbrick-template\src\main\java\jetbrick\template\parser\ast\AstInvokeNewObject.java,36
JDK:java.base:N/A:N/A,MethodCallExpr,java.lang.reflect.Method,getDeclaringClass,C:\Users\tyin363\Documents\repos\subchen__jetbrick-template-2x\jetbrick-template\src\main\java\jetbrick\template\JetSecurityManagerImpl.java,137
JDK:java.base:N/A:N/A,MethodCallExpr,java.lang.Class,isAssignableFrom,C:\Users\tyin363\Documents\repos\subchen__jetbrick-template-2x\jetbrick-template\src\main\java\jetbrick\template\parser\ast\ALU.java,467
CLIENT:client-code:N/A:N/A,ClassOrInterfaceType,jetbrick.template.parser.ast.AstTemplate,AstTemplate,C:\Users\tyin363\Documents\repos\subchen__jetbrick-template-2x\jetbrick-template\src\main\java\jetbrick\template\parser\AstCodeVisitor.java,92
CLIENT:client-code:N/A:N/A,MethodCallExpr,jetbrick.template.runtime.InterpretException,set,C:\Users\tyin363\Documents\repos\subchen__jetbrick-template-2x\jetbrick-template\src\main\java\jetbrick\template\parser\ast\AstOperatorBinary.java,63
CLIENT:client-code:N/A:N/A,MethodCallExpr,jetbrick.template.parser.SyntaxException,set,C:\Users\tyin363\Documents\repos\subchen__jetbrick-template-2x\jetbrick-template\src\main\java\jetbrick\template\parser\AstCodeVisitor.java,864
CLIENT:client-code:N/A:N/A,ObjectCreationExpr,jetbrick.template.parser.ast.AstOperatorEquals,AstOperatorEquals,C:\Users\tyin363\Documents\repos\subchen__jetbrick-template-2x\jetbrick-template\src\main\java\jetbrick\template\parser\AstCodeVisitor.java,595
CLIENT:client-code:N/A:N/A,NameExpr,jetbrick.template.resolver.clazz.ClassResolver,log,C:\Users\tyin363\Documents\repos\subchen__jetbrick-template-2x\jetbrick-template\src\main\java\jetbrick\template\resolver\clazz\ClassResolver.java,74
JDK:java.base:N/A:N/A,ClassOrInterfaceType,java.lang.IllegalStateException,IllegalStateException,C:\Users\tyin363\Documents\repos\subchen__jetbrick-template-2x\jetbrick-template\src\main\java\jetbrick\template\parser\ParserContext.java,196
CLIENT:client-code:N/A:N/A,ClassOrInterfaceType,jetbrick.template.parser.Source,Source,C:\Users\tyin363\Documents\repos\subchen__jetbrick-template-2x\jetbrick-template\src\main\java\jetbrick\template\runtime\InterpretException.java,53
CLIENT:client-code:N/A:N/A,ClassOrInterfaceType,jetbrick.template.JetGlobalContext,JetGlobalContext,C:\Users\tyin363\Documents\repos\subchen__jetbrick-template-2x\jetbrick-template\src\main\java\jetbrick\template\JetEngineImpl.java,195
CLIENT:client-code:N/A:N/A,MethodCallExpr,jetbrick.template.parser.ast.ALU,minus,C:\Users\tyin363\Documents\repos\subchen__jetbrick-template-2x\jetbrick-template\src\main\java\jetbrick\template\parser\ast\AstOperatorBinary.java,79
CLIENT:client-code:N/A:N/A,FieldAccessExpr,jetbrick.template.Errors,STATIC_FIELD_NOT_FOUND,C:\Users\tyin363\Documents\repos\subchen__jetbrick-template-2x\jetbrick-template\src\main\java\jetbrick\template\parser\ast\AstInvokeFieldStatic.java,54
JDK:java.base:N/A:N/A,ClassOrInterfaceType,java.util.List,List,C:\Users\tyin363\Documents\repos\subchen__jetbrick-template-2x\jetbrick-template\src\main\java\jetbrick\template\JetConfig.java,127
CLIENT:client-code:N/A:N/A,FieldAccessExpr,jetbrick.template.parser.ast.AstDirectiveIf,thenStatement,C:\Users\tyin363\Documents\repos\subchen__jetbrick-template-2x\jetbrick-template\src\main\java\jetbrick\template\parser\ast\AstDirectiveIf.java,32
JDK:java.base:N/A:N/A,ClassOrInterfaceType,java.lang.String,String,C:\Users\tyin363\Documents\repos\subchen__jetbrick-template-2x\jetbrick-template\src\main\java\jetbrick\template\parser\ast\AstDirectiveMacro.java,28
JDK:java.base:N/A:N/A,ClassOrInterfaceType,java.lang.String,String,C:\Users\tyin363\Documents\repos\subchen__jetbrick-template-2x\jetbrick-template\src\main\java\jetbrick\template\runtime\ValueStack.java,37
JDK:java.base:N/A:N/A,ClassOrInterfaceType,java.util.Map,Map,C:\Users\tyin363\Documents\repos\subchen__jetbrick-template-2x\jetbrick-template\src\main\java\jetbrick\template\resolver\tag\TagInvokerResolver.java,44
JDK:java.base:N/A:N/A,ClassOrInterfaceType,java.lang.String,String,C:\Users\tyin363\Documents\repos\subchen__jetbrick-template-2x\jetbrick-template\src\main\java\jetbrick\template\JetSecurityManagerImpl.java,57
JDK:java.base:N/A:N/A,ClassOrInterfaceType,java.lang.IllegalStateException,IllegalStateException,C:\Users\tyin363\Documents\repos\subchen__jetbrick-template-2x\jetbrick-template\src\main\java\jetbrick\template\parser\ast\ALU.java,212
CLIENT:client-code:N/A:N/A,ClassOrInterfaceType,jetbrick.template.runtime.InterpretContext,InterpretContext,C:\Users\tyin363\Documents\repos\subchen__jetbrick-template-2x\jetbrick-template\src\main\java\jetbrick\template\runtime\buildin\JetFunctions.java,89
com.github.subchen:jetbrick-commons:jar:2.1.9,MethodCallExpr,jetbrick.util.DateUtils,parse,C:\Users\tyin363\Documents\repos\subchen__jetbrick-template-2x\jetbrick-template\src\main\java\jetbrick\template\runtime\buildin\JetMethods.java,104
CLIENT:client-code:N/A:N/A,NameExpr,jetbrick.template.parser.ast.ALU,FLOAT,C:\Users\tyin363\Documents\repos\subchen__jetbrick-template-2x\jetbrick-template\src\main\java\jetbrick\template\parser\ast\ALU.java,446
JDK:java.base:N/A:N/A,ClassOrInterfaceType,java.lang.String,String,C:\Users\tyin363\Documents\repos\subchen__jetbrick-template-2x\jetbrick-template\src\main\java\jetbrick\template\parser\ast\AstIdentifier.java,26
CLIENT:client-code:N/A:N/A,MethodCallExpr,jetbrick.template.parser.ast.AstExpression,execute,C:\Users\tyin363\Documents\repos\subchen__jetbrick-template-2x\jetbrick-template\src\main\java\jetbrick\template\parser\ast\AstOperatorBinary.java,58
CLIENT:client-code:N/A:N/A,MethodCallExpr,jetbrick.template.resolver.clazz.ClassResolver,resolveClass,C:\Users\tyin363\Documents\repos\subchen__jetbrick-template-2x\jetbrick-template\src\main\java\jetbrick\template\parser\ParserContext.java,152
JDK:java.base:N/A:N/A,ClassOrInterfaceType,java.util.List,List,C:\Users\tyin363\Documents\repos\subchen__jetbrick-template-2x\jetbrick-template\src\main\java\jetbrick\template\parser\AstCodeVisitor.java,787
com.github.subchen:jetbrick-commons:jar:2.1.9,MethodCallExpr,jetbrick.io.IoUtils,toString,C:\Users\tyin363\Documents\repos\subchen__jetbrick-template-2x\jetbrick-template\src\main\java\jetbrick\template\runtime\buildin\JetFunctions.java,101
JDK:java.base:N/A:N/A,ClassOrInterfaceType,java.lang.Class,Class,C:\Users\tyin363\Documents\repos\subchen__jetbrick-template-2x\jetbrick-template\src\main\java\jetbrick\template\resolver\ParameterUtils.java,30
com.github.subchen:jetbrick-commons:jar:2.1.9,MethodCallExpr,jetbrick.bean.MethodInfo,isStatic,C:\Users\tyin363\Documents\repos\subchen__jetbrick-template-2x\jetbrick-template\src\main\java\jetbrick\template\resolver\function\FunctionInvokerResolver.java,52
CLIENT:client-code:N/A:N/A,MethodCallExpr,jetbrick.template.resolver.macro.MacroResolver,resolve,C:\Users\tyin363\Documents\repos\subchen__jetbrick-template-2x\jetbrick-template\src\main\java\jetbrick\template\resolver\GlobalResolver.java,224
JDK:java.base:N/A:N/A,ClassOrInterfaceType,java.lang.String,String,C:\Users\tyin363\Documents\repos\subchen__jetbrick-template-2x\jetbrick-template\src\main\java\jetbrick\template\runtime\buildin\JetMethods.java,152
CLIENT:client-code:N/A:N/A,NameExpr,jetbrick.template.runtime.writer.JetWriterPrinterEx,os,C:\Users\tyin363\Documents\repos\subchen__jetbrick-template-2x\jetbrick-template\src\main\java\jetbrick\template\runtime\writer\JetWriterPrinterEx.java,92
JDK:java.base:N/A:N/A,MethodCallExpr,java.lang.Class,getName,C:\Users\tyin363\Documents\repos\subchen__jetbrick-template-2x\jetbrick-template\src\main\java\jetbrick\template\resolver\SignatureUtils.java,72
CLIENT:client-code:N/A:N/A,MethodCallExpr,jetbrick.template.parser.ast.AstDirectiveMacro,execute,C:\Users\tyin363\Documents\repos\subchen__jetbrick-template-2x\jetbrick-template\src\main\java\jetbrick\template\runtime\InterpretContextImpl.java,169
JDK:java.base:N/A:N/A,ClassOrInterfaceType,java.lang.Object,Object,C:\Users\tyin363\Documents\repos\subchen__jetbrick-template-2x\jetbrick-template\src\main\java\jetbrick\template\parser\ast\AstDirectiveReturn.java,43
CLIENT:client-code:N/A:N/A,ClassOrInterfaceType,jetbrick.template.parser.ast.AstExpression,AstExpression,C:\Users\tyin363\Documents\repos\subchen__jetbrick-template-2x\jetbrick-template\src\main\java\jetbrick\template\parser\AstCodeVisitor.java,507
JDK:java.base:N/A:N/A,ClassOrInterfaceType,java.lang.String,String,C:\Users\tyin363\Documents\repos\subchen__jetbrick-template-2x\jetbrick-template\src\main\java\jetbrick\template\parser\ast\AstDirectiveMacro.java,29
JDK:java.base:N/A:N/A,MethodCallExpr,java.io.Writer,write,C:\Users\tyin363\Documents\repos\subchen__jetbrick-template-2x\jetbrick-template\src\main\java\jetbrick\template\runtime\writer\JetWriterPrinter.java,119
CLIENT:client-code:N/A:N/A,NameExpr,jetbrick.template.parser.ast.AstOperatorNullAsDefault,objectExpression,C:\Users\tyin363\Documents\repos\subchen__jetbrick-template-2x\jetbrick-template\src\main\java\jetbrick\template\parser\ast\AstOperatorNullAsDefault.java,36
CLIENT:client-code:N/A:N/A,MethodCallExpr,jetbrick.template.runtime.ValueStack,setSuper,C:\Users\tyin363\Documents\repos\subchen__jetbrick-template-2x\jetbrick-template\src\main\java\jetbrick\template\parser\ast\AstDirectiveReturn.java,46
CLIENT:client-code:N/A:N/A,NameExpr,jetbrick.template.parser.ast.ALU,DOUBLE,C:\Users\tyin363\Documents\repos\subchen__jetbrick-template-2x\jetbrick-template\src\main\java\jetbrick\template\parser\ast\ALU.java,394
JDK:java.base:N/A:N/A,ClassOrInterfaceType,java.lang.Class,Class,C:\Users\tyin363\Documents\repos\subchen__jetbrick-template-2x\jetbrick-template\src\main\java\jetbrick\template\resolver\ParameterUtils.java,31
JDK:java.base:N/A:N/A,MethodCallExpr,java.lang.Class,getSimpleName,C:\Users\tyin363\Documents\repos\subchen__jetbrick-template-2x\jetbrick-template\src\main\java\jetbrick\template\resolver\method\MethodInvokerResolver.java,74
CLIENT:client-code:N/A:N/A,ClassOrInterfaceType,jetbrick.template.parser.ast.AstNode,AstNode,C:\Users\tyin363\Documents\repos\subchen__jetbrick-template-2x\jetbrick-template\src\main\java\jetbrick\template\parser\AstCodeVisitor.java,706
JDK:java.base:N/A:N/A,ClassOrInterfaceType,java.io.OutputStream,OutputStream,C:\Users\tyin363\Documents\repos\subchen__jetbrick-template-2x\jetbrick-template\src\main\java\jetbrick\template\runtime\writer\JetOutputStreamPrinter.java,28
CLIENT:client-code:N/A:N/A,ClassOrInterfaceType,jetbrick.template.parser.SyntaxException,SyntaxException,C:\Users\tyin363\Documents\repos\subchen__jetbrick-template-2x\jetbrick-template\src\main\java\jetbrick\template\parser\AstCodeVisitor.java,439
CLIENT:client-code:N/A:N/A,MethodCallExpr,jetbrick.template.JetTemplateOption,isTrimLeadingWhitespaces,C:\Users\tyin363\Documents\repos\subchen__jetbrick-template-2x\jetbrick-template\src\main\java\jetbrick\template\JetTemplateImpl.java,146
CLIENT:client-code:N/A:N/A,MethodCallExpr,jetbrick.template.parser.ast.AstExpression,execute,C:\Users\tyin363\Documents\repos\subchen__jetbrick-template-2x\jetbrick-template\src\main\java\jetbrick\template\parser\ast\AstOperatorBinary.java,57
com.github.subchen:jetbrick-commons:jar:2.1.9,MethodCallExpr,jetbrick.bean.MethodInfo,isVarArgs,C:\Users\tyin363\Documents\repos\subchen__jetbrick-template-2x\jetbrick-template\src\main\java\jetbrick\template\resolver\tag\TagInvoker.java,35
com.github.subchen:jetbrick-commons:jar:2.1.9,FieldAccessExpr,jetbrick.util.JdkUtils,IS_AT_LEAST_JAVA_9,C:\Users\tyin363\Documents\repos\subchen__jetbrick-template-2x\jetbrick-template\src\main\java\jetbrick\template\parser\ast\AstText.java,214
CLIENT:client-code:N/A:N/A,ClassOrInterfaceType,jetbrick.template.parser.ast.AstTemplate,AstTemplate,C:\Users\tyin363\Documents\repos\subchen__jetbrick-template-2x\jetbrick-template\src\main\java\jetbrick\template\parser\AstCodeVisitor.java,90
CLIENT:client-code:N/A:N/A,ObjectCreationExpr,jetbrick.template.parser.ast.AstOperatorEquals,AstOperatorEquals,C:\Users\tyin363\Documents\repos\subchen__jetbrick-template-2x\jetbrick-template\src\main\java\jetbrick\template\parser\AstCodeVisitor.java,593
CLIENT:client-code:N/A:N/A,MethodCallExpr,jetbrick.template.resolver.macro.MacroResolver,register,C:\Users\tyin363\Documents\repos\subchen__jetbrick-template-2x\jetbrick-template\src\main\java\jetbrick\template\resolver\GlobalResolver.java,187
JDK:java.base:N/A:N/A,ClassOrInterfaceType,java.lang.Object,Object,C:\Users\tyin363\Documents\repos\subchen__jetbrick-template-2x\jetbrick-template\src\main\java\jetbrick\template\resolver\ParameterUtils.java,30
JDK:java.base:N/A:N/A,ClassOrInterfaceType,java.lang.Object,Object,C:\Users\tyin363\Documents\repos\subchen__jetbrick-template-2x\jetbrick-template\src\main\java\jetbrick\template\runtime\ValueContext.java,53
JDK:java.base:N/A:N/A,ClassOrInterfaceType,java.util.Map,Map,C:\Users\tyin363\Documents\repos\subchen__jetbrick-template-2x\jetbrick-template\src\main\java\jetbrick\template\runtime\buildin\JetFunctions.java,71
CLIENT:client-code:N/A:N/A,MethodCallExpr,jetbrick.template.JetTemplate,getOption,C:\Users\tyin363\Documents\repos\subchen__jetbrick-template-2x\jetbrick-template\src\main\java\jetbrick\template\parser\ast\AstInvokeMethod.java,53
JDK:java.base:N/A:N/A,FieldAccessExpr,java.lang.Boolean,FALSE,C:\Users\tyin363\Documents\repos\subchen__jetbrick-template-2x\jetbrick-template\src\main\java\jetbrick\template\parser\ast\ALU.java,414
CLIENT:client-code:N/A:N/A,ClassOrInterfaceType,jetbrick.template.JetConfig,JetConfig,C:\Users\tyin363\Documents\repos\subchen__jetbrick-template-2x\jetbrick-template\src\main\java\jetbrick\template\JetTemplateImpl.java,44
CLIENT:client-code:N/A:N/A,MethodCallExpr,jetbrick.template.runtime.InterpretContext,getTemplate,C:\Users\tyin363\Documents\repos\subchen__jetbrick-template-2x\jetbrick-template\src\main\java\jetbrick\template\parser\ast\AstDirectiveCall.java,51
CLIENT:client-code:N/A:N/A,MethodCallExpr,jetbrick.template.resolver.method.MethodInvokerResolver,register,C:\Users\tyin363\Documents\repos\subchen__jetbrick-template-2x\jetbrick-template\src\main\java\jetbrick\template\resolver\method\MethodInvokerResolver.java,53
CLIENT:client-code:N/A:N/A,ClassOrInterfaceType,jetbrick.template.resolver.method.ExtensionMethodInvoker,ExtensionMethodInvoker,C:\Users\tyin363\Documents\repos\subchen__jetbrick-template-2x\jetbrick-template\src\main\java\jetbrick\template\resolver\method\MethodInvokerResolver.java,142
JDK:java.base:N/A:N/A,MethodCallExpr,java.lang.Float,valueOf,C:\Users\tyin363\Documents\repos\subchen__jetbrick-template-2x\jetbrick-template\src\main\java\jetbrick\template\parser\ast\ALU.java,106
JDK:java.base:N/A:N/A,ClassOrInterfaceType,java.util.ArrayList,ArrayList,C:\Users\tyin363\Documents\repos\subchen__jetbrick-template-2x\jetbrick-template\src\main\java\jetbrick\template\resolver\method\MethodInvokerResolver.java,88
CLIENT:client-code:N/A:N/A,ClassOrInterfaceType,jetbrick.template.runtime.writer.TrimLeadingWhitespacesWriter,TrimLeadingWhitespacesWriter,C:\Users\tyin363\Documents\repos\subchen__jetbrick-template-2x\jetbrick-template\src\main\java\jetbrick\template\runtime\JetWriter.java,39
CLIENT:client-code:N/A:N/A,MethodCallExpr,jetbrick.template.resolver.function.FunctionInvoker,getSignature,C:\Users\tyin363\Documents\repos\subchen__jetbrick-template-2x\jetbrick-template\src\main\java\jetbrick\template\parser\ast\AstInvokeFunction.java,94
CLIENT:client-code:N/A:N/A,ClassOrInterfaceType,jetbrick.template.parser.ast.AstExpressionList,AstExpressionList,C:\Users\tyin363\Documents\repos\subchen__jetbrick-template-2x\jetbrick-template\src\main\java\jetbrick\template\parser\ast\AstDirectiveCall.java,32
CLIENT:client-code:N/A:N/A,MethodCallExpr,jetbrick.template.parser.SyntaxException,set,C:\Users\tyin363\Documents\repos\subchen__jetbrick-template-2x\jetbrick-template\src\main\java\jetbrick\template\parser\AstCodeVisitor.java,601
CLIENT:client-code:N/A:N/A,NameExpr,jetbrick.template.runtime.writer.JetOutputStreamPrinter,os,C:\Users\tyin363\Documents\repos\subchen__jetbrick-template-2x\jetbrick-template\src\main\java\jetbrick\template\runtime\writer\JetOutputStreamPrinter.java,40
JDK:java.base:N/A:N/A,MethodCallExpr,java.lang.Long,valueOf,C:\Users\tyin363\Documents\repos\subchen__jetbrick-template-2x\jetbrick-template\src\main\java\jetbrick\template\parser\ast\ALU.java,304
JDK:java.base:N/A:N/A,ClassOrInterfaceType,java.lang.String,String,C:\Users\tyin363\Documents\repos\subchen__jetbrick-template-2x\jetbrick-template\src\main\java\jetbrick\template\parser\ast\AstIdentifier.java,28
CLIENT:client-code:N/A:N/A,MethodCallExpr,jetbrick.template.parser.ast.AstExpressionList,execute,C:\Users\tyin363\Documents\repos\subchen__jetbrick-template-2x\jetbrick-template\src\main\java\jetbrick\template\parser\ast\AstDirectiveCall.java,47
CLIENT:client-code:N/A:N/A,MethodCallExpr,jetbrick.template.parser.ast.AstStatementList,isAstDirective,C:\Users\tyin363\Documents\repos\subchen__jetbrick-template-2x\jetbrick-template\src\main\java\jetbrick\template\parser\ast\AstStatementList.java,167
CLIENT:client-code:N/A:N/A,ObjectCreationExpr,jetbrick.template.TemplateException,TemplateException,C:\Users\tyin363\Documents\repos\subchen__jetbrick-template-2x\jetbrick-template\src\main\java\jetbrick\template\resolver\GlobalResolver.java,114
JDK:java.base:N/A:N/A,FieldAccessExpr,java.lang.Boolean,TRUE,C:\Users\tyin363\Documents\repos\subchen__jetbrick-template-2x\jetbrick-template\src\main\java\jetbrick\template\parser\ast\ALU.java,485
CLIENT:client-code:N/A:N/A,NameExpr,jetbrick.template.runtime.JetForIterator,iterator,C:\Users\tyin363\Documents\repos\subchen__jetbrick-template-2x\jetbrick-template\src\main\java\jetbrick\template\runtime\JetForIterator.java,62
CLIENT:client-code:N/A:N/A,FieldAccessExpr,jetbrick.template.parser.ParserContext,globalContext,C:\Users\tyin363\Documents\repos\subchen__jetbrick-template-2x\jetbrick-template\src\main\java\jetbrick\template\parser\ParserContext.java,63
CLIENT:client-code:N/A:N/A,NameExpr,jetbrick.template.runtime.InterpretContextImpl,securityManager,C:\Users\tyin363\Documents\repos\subchen__jetbrick-template-2x\jetbrick-template\src\main\java\jetbrick\template\runtime\InterpretContextImpl.java,125
JDK:java.base:N/A:N/A,MethodCallExpr,java.util.Arrays,asList,C:\Users\tyin363\Documents\repos\subchen__jetbrick-template-2x\jetbrick-template\src\main\java\jetbrick\template\parser\ast\AstConstantList.java,36
CLIENT:client-code:N/A:N/A,ClassOrInterfaceType,jetbrick.template.runtime.InterpretException,InterpretException,C:\Users\tyin363\Documents\repos\subchen__jetbrick-template-2x\jetbrick-template\src\main\java\jetbrick\template\parser\ast\AstDirectiveTag.java,63
JDK:java.base:N/A:N/A,ClassOrInterfaceType,java.lang.RuntimeException,RuntimeException,C:\Users\tyin363\Documents\repos\subchen__jetbrick-template-2x\jetbrick-template\src\main\java\jetbrick\template\parser\ast\AstInvokeNewObject.java,69
JDK:java.base:N/A:N/A,ClassOrInterfaceType,java.lang.Object,Object,C:\Users\tyin363\Documents\repos\subchen__jetbrick-template-2x\jetbrick-template\src\main\java\jetbrick\template\runtime\InterpretException.java,40
CLIENT:client-code:N/A:N/A,MethodCallExpr,jetbrick.template.parser.AstCodeVisitor,pos,C:\Users\tyin363\Documents\repos\subchen__jetbrick-template-2x\jetbrick-template\src\main\java\jetbrick\template\parser\AstCodeVisitor.java,471
CLIENT:client-code:N/A:N/A,FieldAccessExpr,jetbrick.template.runtime.InterpretContext,SIGNAL_STOP,C:\Users\tyin363\Documents\repos\subchen__jetbrick-template-2x\jetbrick-template\src\main\java\jetbrick\template\parser\ast\AstDirectiveStop.java,41
JDK:java.base:N/A:N/A,ClassOrInterfaceType,java.lang.String,String,C:\Users\tyin363\Documents\repos\subchen__jetbrick-template-2x\jetbrick-template\src\main\java\jetbrick\template\parser\ast\AstDirectiveMacro.java,27
CLIENT:client-code:N/A:N/A,ClassOrInterfaceType,jetbrick.template.parser.ast.AstExpression,AstExpression,C:\Users\tyin363\Documents\repos\subchen__jetbrick-template-2x\jetbrick-template\src\main\java\jetbrick\template\parser\ast\AstOperatorUnary.java,39
JDK:java.base:N/A:N/A,ClassOrInterfaceType,java.util.LinkedHashMap,LinkedHashMap,C:\Users\tyin363\Documents\repos\subchen__jetbrick-template-2x\jetbrick-template\src\main\java\jetbrick\template\parser\ParserContext.java,165
JDK:java.base:N/A:N/A,ClassOrInterfaceType,java.lang.String,String,C:\Users\tyin363\Documents\repos\subchen__jetbrick-template-2x\jetbrick-template\src\main\java\jetbrick\template\runtime\ValueStack.java,58
JDK:java.base:N/A:N/A,MethodCallExpr,java.util.List,add,C:\Users\tyin363\Documents\repos\subchen__jetbrick-template-2x\jetbrick-template\src\main\java\jetbrick\template\parser\ast\AstStatementList.java,289
JDK:java.base:N/A:N/A,ClassOrInterfaceType,java.lang.String,String,C:\Users\tyin363\Documents\repos\subchen__jetbrick-template-2x\jetbrick-template\src\main\java\jetbrick\template\parser\AstCodeVisitor.java,423
CLIENT:client-code:N/A:N/A,NameExpr,jetbrick.template.JetSecurityManagerImpl,blackList,C:\Users\tyin363\Documents\repos\subchen__jetbrick-template-2x\jetbrick-template\src\main\java\jetbrick\template\JetSecurityManagerImpl.java,111
CLIENT:client-code:N/A:N/A,NameExpr,jetbrick.template.resolver.clazz.ClassResolver,importedClassMap,C:\Users\tyin363\Documents\repos\subchen__jetbrick-template-2x\jetbrick-template\src\main\java\jetbrick\template\resolver\clazz\ClassResolver.java,117
CLIENT:client-code:N/A:N/A,NameExpr,jetbrick.template.parser.ast.ALU,DOUBLE,C:\Users\tyin363\Documents\repos\subchen__jetbrick-template-2x\jetbrick-template\src\main\java\jetbrick\template\parser\ast\ALU.java,132
CLIENT:client-code:N/A:N/A,NameExpr,jetbrick.template.parser.ast.AstDirectiveSet,identifier,C:\Users\tyin363\Documents\repos\subchen__jetbrick-template-2x\jetbrick-template\src\main\java\jetbrick\template\parser\ast\AstDirectiveSet.java,39
JDK:java.base:N/A:N/A,ClassOrInterfaceType,java.lang.Object,Object,C:\Users\tyin363\Documents\repos\subchen__jetbrick-template-2x\jetbrick-template\src\main\java\jetbrick\template\runtime\buildin\JetFunctions.java,71
JDK:java.base:N/A:N/A,MethodCallExpr,java.lang.Class,isAssignableFrom,C:\Users\tyin363\Documents\repos\subchen__jetbrick-template-2x\jetbrick-template\src\main\java\jetbrick\template\parser\ast\ALU.java,496
CLIENT:client-code:N/A:N/A,MethodCallExpr,jetbrick.template.parser.ast.AstStatementList.ListIterator,hasPrevious,C:\Users\tyin363\Documents\repos\subchen__jetbrick-template-2x\jetbrick-template\src\main\java\jetbrick\template\parser\ast\AstStatementList.java,142
JDK:java.base:N/A:N/A,ObjectCreationExpr,java.lang.IllegalStateException,IllegalStateException,C:\Users\tyin363\Documents\repos\subchen__jetbrick-template-2x\jetbrick-template\src\main\java\jetbrick\template\parser\ast\ALU.java,427
CLIENT:client-code:N/A:N/A,NameExpr,jetbrick.template.resolver.method.MethodInvokerResolver,cache,C:\Users\tyin363\Documents\repos\subchen__jetbrick-template-2x\jetbrick-template\src\main\java\jetbrick\template\resolver\method\MethodInvokerResolver.java,108
CLIENT:client-code:N/A:N/A,ClassOrInterfaceType,jetbrick.template.runtime.JetWriter,JetWriter,C:\Users\tyin363\Documents\repos\subchen__jetbrick-template-2x\jetbrick-template\src\main\java\jetbrick\template\parser\ast\AstText.java,242
CLIENT:client-code:N/A:N/A,ClassOrInterfaceType,jetbrick.template.parser.ast.AstExpressionList,AstExpressionList,C:\Users\tyin363\Documents\repos\subchen__jetbrick-template-2x\jetbrick-template\src\main\java\jetbrick\template\parser\ast\AstConstantList.java,26
com.github.subchen:jetbrick-commons:jar:2.1.9,MethodCallExpr,jetbrick.util.IdentifiedNameUtils,toCamelCase,C:\Users\tyin363\Documents\repos\subchen__jetbrick-template-2x\jetbrick-template\src\main\java\jetbrick\template\runtime\buildin\JetMethods.java,166
JDK:java.base:N/A:N/A,ClassOrInterfaceType,java.lang.Class,Class,C:\Users\tyin363\Documents\repos\subchen__jetbrick-template-2x\jetbrick-template\src\main\java\jetbrick\template\resolver\GlobalResolver.java,122
JDK:java.base:N/A:N/A,MethodCallExpr,java.util.Arrays,asList,C:\Users\tyin363\Documents\repos\subchen__jetbrick-template-2x\jetbrick-template\src\main\java\jetbrick\template\runtime\JetForIterator.java,68
CLIENT:client-code:N/A:N/A,ClassOrInterfaceType,jetbrick.template.parser.ast.AstInvokeNewObject,AstInvokeNewObject,C:\Users\tyin363\Documents\repos\subchen__jetbrick-template-2x\jetbrick-template\src\main\java\jetbrick\template\parser\AstCodeVisitor.java,645
CLIENT:client-code:N/A:N/A,MethodCallExpr,jetbrick.template.runtime.TemplateStack,current,C:\Users\tyin363\Documents\repos\subchen__jetbrick-template-2x\jetbrick-template\src\main\java\jetbrick\template\runtime\InterpretContextImpl.java,91
JDK:java.base:N/A:N/A,ClassOrInterfaceType,java.lang.Long,Long,C:\Users\tyin363\Documents\repos\subchen__jetbrick-template-2x\jetbrick-template\src\main\java\jetbrick\template\parser\ast\ALU.java,333
CLIENT:client-code:N/A:N/A,ClassOrInterfaceType,jetbrick.template.parser.SyntaxException,SyntaxException,C:\Users\tyin363\Documents\repos\subchen__jetbrick-template-2x\jetbrick-template\src\main\java\jetbrick\template\parser\AstCodeVisitor.java,201
JDK:java.base:N/A:N/A,ClassOrInterfaceType,java.lang.Object,Object,C:\Users\tyin363\Documents\repos\subchen__jetbrick-template-2x\jetbrick-template\src\main\java\jetbrick\template\parser\ast\ALU.java,319
CLIENT:client-code:N/A:N/A,MethodCallExpr,jetbrick.template.runtime.InterpretException,cause,C:\Users\tyin363\Documents\repos\subchen__jetbrick-template-2x\jetbrick-template\src\main\java\jetbrick\template\parser\ast\AstInvokeFieldStatic.java,73
JDK:java.base:N/A:N/A,ClassOrInterfaceType,java.lang.Class,Class,C:\Users\tyin363\Documents\repos\subchen__jetbrick-template-2x\jetbrick-template\src\main\java\jetbrick\template\parser\AstCodeVisitor.java,302
JDK:java.base:N/A:N/A,ClassOrInterfaceType,java.lang.Class,Class,C:\Users\tyin363\Documents\repos\subchen__jetbrick-template-2x\jetbrick-template\src\main\java\jetbrick\template\resolver\function\FunctionInvokerResolver.java,115
CLIENT:client-code:N/A:N/A,NameExpr,jetbrick.template.parser.ast.AstDirectiveMacro,statements,C:\Users\tyin363\Documents\repos\subchen__jetbrick-template-2x\jetbrick-template\src\main\java\jetbrick\template\parser\ast\AstDirectiveMacro.java,42
JDK:java.base:N/A:N/A,ClassOrInterfaceType,java.lang.String,String,C:\Users\tyin363\Documents\repos\subchen__jetbrick-template-2x\jetbrick-template\src\main\java\jetbrick\template\JetSecurityManagerImpl.java,36
CLIENT:client-code:N/A:N/A,NameExpr,jetbrick.template.parser.ast.ALU,INTEGER,C:\Users\tyin363\Documents\repos\subchen__jetbrick-template-2x\jetbrick-template\src\main\java\jetbrick\template\parser\ast\ALU.java,473
JDK:java.base:N/A:N/A,MethodCallExpr,java.lang.Object,getClass,C:\Users\tyin363\Documents\repos\subchen__jetbrick-template-2x\jetbrick-template\src\main\java\jetbrick\template\parser\ast\ALU.java,219
CLIENT:client-code:N/A:N/A,ObjectCreationExpr,jetbrick.template.runtime.InterpretException,InterpretException,C:\Users\tyin363\Documents\repos\subchen__jetbrick-template-2x\jetbrick-template\src\main\java\jetbrick\template\parser\ast\AstInvokeFieldStatic.java,54
JDK:java.base:N/A:N/A,ClassOrInterfaceType,java.lang.RuntimeException,RuntimeException,C:\Users\tyin363\Documents\repos\subchen__jetbrick-template-2x\jetbrick-template\src\main\java\jetbrick\template\TemplateException.java,22
JDK:java.base:N/A:N/A,MethodCallExpr,java.lang.String,charAt,C:\Users\tyin363\Documents\repos\subchen__jetbrick-template-2x\jetbrick-template\src\main\java\jetbrick\template\Errors.java,176
CLIENT:client-code:N/A:N/A,MethodCallExpr,jetbrick.template.JetTemplate,getName,C:\Users\tyin363\Documents\repos\subchen__jetbrick-template-2x\jetbrick-template\src\main\java\jetbrick\template\JetEngineImpl.java,97
CLIENT:client-code:N/A:N/A,ClassOrInterfaceType,jetbrick.template.parser.ast.AstExpression,AstExpression,C:\Users\tyin363\Documents\repos\subchen__jetbrick-template-2x\jetbrick-template\src\main\java\jetbrick\template\parser\ast\AstOperatorUnary.java,41
CLIENT:client-code:N/A:N/A,ClassOrInterfaceType,jetbrick.template.parser.ast.AstStatementList,AstStatementList,C:\Users\tyin363\Documents\repos\subchen__jetbrick-template-2x\jetbrick-template\src\main\java\jetbrick\template\parser\AstCodeVisitor.java,402
JDK:java.base:N/A:N/A,ClassOrInterfaceType,java.lang.String,String,C:\Users\tyin363\Documents\repos\subchen__jetbrick-template-2x\jetbrick-template\src\main\java\jetbrick\template\parser\ast\AstInvokeField.java,36
JDK:java.base:N/A:N/A,MethodCallExpr,java.lang.Number,floatValue,C:\Users\tyin363\Documents\repos\subchen__jetbrick-template-2x\jetbrick-template\src\main\java\jetbrick\template\parser\ast\ALU.java,447
CLIENT:client-code:N/A:N/A,MethodCallExpr,jetbrick.template.runtime.InterpretContext,setSignal,C:\Users\tyin363\Documents\repos\subchen__jetbrick-template-2x\jetbrick-template\src\main\java\jetbrick\template\parser\ast\AstDirectiveReturn.java,52
CLIENT:client-code:N/A:N/A,NameExpr,jetbrick.template.parser.ast.AstInvokeMethodStatic,unsafe,C:\Users\tyin363\Documents\repos\subchen__jetbrick-template-2x\jetbrick-template\src\main\java\jetbrick\template\parser\ast\AstInvokeMethodStatic.java,74
CLIENT:client-code:N/A:N/A,ClassOrInterfaceType,jetbrick.template.runtime.InterpretException,InterpretException,C:\Users\tyin363\Documents\repos\subchen__jetbrick-template-2x\jetbrick-template\src\main\java\jetbrick\template\parser\ast\AstDirectiveTag.java,43
CLIENT:client-code:N/A:N/A,MethodCallExpr,jetbrick.template.runtime.InterpretContext,setWriter,C:\Users\tyin363\Documents\repos\subchen__jetbrick-template-2x\jetbrick-template\src\main\java\jetbrick\template\runtime\buildin\JetFunctions.java,123
JDK:java.base:N/A:N/A,MethodCallExpr,java.lang.String,length,C:\Users\tyin363\Documents\repos\subchen__jetbrick-template-2x\jetbrick-template\src\main\java\jetbrick\template\parser\ast\AstText.java,57
CLIENT:client-code:N/A:N/A,NameExpr,jetbrick.template.resolver.macro.MacroResolver,decleardMacros,C:\Users\tyin363\Documents\repos\subchen__jetbrick-template-2x\jetbrick-template\src\main\java\jetbrick\template\resolver\macro\MacroResolver.java,55
CLIENT:client-code:N/A:N/A,NameExpr,jetbrick.template.parser.ast.ALU,BYTE,C:\Users\tyin363\Documents\repos\subchen__jetbrick-template-2x\jetbrick-template\src\main\java\jetbrick\template\parser\ast\ALU.java,386
JDK:java.base:N/A:N/A,ClassOrInterfaceType,java.lang.String,String,C:\Users\tyin363\Documents\repos\subchen__jetbrick-template-2x\jetbrick-template\src\main\java\jetbrick\template\JetSecurityManagerImpl.java,35
CLIENT:client-code:N/A:N/A,MethodCallExpr,jetbrick.template.parser.ast.AstExpression,execute,C:\Users\tyin363\Documents\repos\subchen__jetbrick-template-2x\jetbrick-template\src\main\java\jetbrick\template\parser\ast\AstInvokeIndexGet.java,43
JDK:java.base:N/A:N/A,MethodCallExpr,java.lang.Object,getClass,C:\Users\tyin363\Documents\repos\subchen__jetbrick-template-2x\jetbrick-template\src\main\java\jetbrick\template\parser\ast\ALU.java,218
CLIENT:client-code:N/A:N/A,NameExpr,jetbrick.template.resolver.method.ClassBuildinMethodInvoker,method,C:\Users\tyin363\Documents\repos\subchen__jetbrick-template-2x\jetbrick-template\src\main\java\jetbrick\template\resolver\method\ClassBuildinMethodInvoker.java,64
JDK:java.base:N/A:N/A,ClassOrInterfaceType,java.lang.String,String,C:\Users\tyin363\Documents\repos\subchen__jetbrick-template-2x\jetbrick-template\src\main\java\jetbrick\template\runtime\writer\JetOutputStreamPrinter.java,127
CLIENT:client-code:N/A:N/A,ClassOrInterfaceType,jetbrick.template.runtime.InterpretContext,InterpretContext,C:\Users\tyin363\Documents\repos\subchen__jetbrick-template-2x\jetbrick-template\src\main\java\jetbrick\template\runtime\buildin\JetFunctions.java,96
JDK:java.base:N/A:N/A,MethodCallExpr,java.lang.Number,longValue,C:\Users\tyin363\Documents\repos\subchen__jetbrick-template-2x\jetbrick-template\src\main\java\jetbrick\template\parser\ast\ALU.java,476
JDK:java.base:N/A:N/A,MethodCallExpr,java.lang.String,trim,C:\Users\tyin363\Documents\repos\subchen__jetbrick-template-2x\jetbrick-template\src\main\java\jetbrick\template\parser\AstCodeVisitor.java,424
CLIENT:client-code:N/A:N/A,MethodCallExpr,jetbrick.template.Errors,format,C:\Users\tyin363\Documents\repos\subchen__jetbrick-template-2x\jetbrick-template\src\main\java\jetbrick\template\parser\ast\ALU.java,182
JDK:java.base:N/A:N/A,ClassOrInterfaceType,java.util.Map,Map,C:\Users\tyin363\Documents\repos\subchen__jetbrick-template-2x\jetbrick-template\src\main\java\jetbrick\template\parser\ast\AstDirectiveInclude.java,60
CLIENT:client-code:N/A:N/A,MethodCallExpr,jetbrick.template.parser.ast.ALU,bitXor,C:\Users\tyin363\Documents\repos\subchen__jetbrick-template-2x\jetbrick-template\src\main\java\jetbrick\template\parser\ast\AstOperatorBinary.java,97
JDK:java.base:N/A:N/A,MethodCallExpr,java.lang.AbstractStringBuilder,setLength,C:\Users\tyin363\Documents\repos\subchen__jetbrick-template-2x\jetbrick-template\src\main\java\jetbrick\template\parser\ast\AstStatementList.java,93
com.github.subchen:jetbrick-commons:jar:2.1.9,MethodCallExpr,jetbrick.bean.KlassInfo,create,C:\Users\tyin363\Documents\repos\subchen__jetbrick-template-2x\jetbrick-template\src\main\java\jetbrick\template\resolver\method\MethodInvokerResolver.java,49
JDK:java.base:N/A:N/A,ClassOrInterfaceType,java.lang.Object,Object,C:\Users\tyin363\Documents\repos\subchen__jetbrick-template-2x\jetbrick-template\src\main\java\jetbrick\template\runtime\ValueStack.java,172
JDK:java.base:N/A:N/A,ClassOrInterfaceType,java.io.OutputStream,OutputStream,C:\Users\tyin363\Documents\repos\subchen__jetbrick-template-2x\jetbrick-template\src\main\java\jetbrick\template\runtime\writer\JetOutputStreamPrinter.java,32
JDK:java.base:N/A:N/A,ClassOrInterfaceType,java.io.UnsupportedEncodingException,UnsupportedEncodingException,C:\Users\tyin363\Documents\repos\subchen__jetbrick-template-2x\jetbrick-template\src\main\java\jetbrick\template\runtime\buildin\JetMethods.java,232
com.github.subchen:jetbrick-commons:jar:2.1.9,ClassOrInterfaceType,jetbrick.bean.MethodInfo,MethodInfo,C:\Users\tyin363\Documents\repos\subchen__jetbrick-template-2x\jetbrick-template\src\main\java\jetbrick\template\resolver\method\ClassBuildinMethodInvoker.java,30
CLIENT:client-code:N/A:N/A,ClassOrInterfaceType,jetbrick.template.parser.ast.AstExpressionList,AstExpressionList,C:\Users\tyin363\Documents\repos\subchen__jetbrick-template-2x\jetbrick-template\src\main\java\jetbrick\template\parser\ast\AstConstantList.java,28
JDK:java.base:N/A:N/A,ClassOrInterfaceType,java.lang.Class,Class,C:\Users\tyin363\Documents\repos\subchen__jetbrick-template-2x\jetbrick-template\src\main\java\jetbrick\template\resolver\tag\TagInvokerResolver.java,77
CLIENT:client-code:N/A:N/A,NameExpr,jetbrick.template.parser.AstCodeVisitor,parseCtx,C:\Users\tyin363\Documents\repos\subchen__jetbrick-template-2x\jetbrick-template\src\main\java\jetbrick\template\parser\AstCodeVisitor.java,251
JDK:java.base:N/A:N/A,FieldAccessExpr,java.lang.Boolean,TRUE,C:\Users\tyin363\Documents\repos\subchen__jetbrick-template-2x\jetbrick-template\src\main\java\jetbrick\template\parser\ast\ALU.java,514
JDK:java.base:N/A:N/A,ClassOrInterfaceType,java.lang.String,String,C:\Users\tyin363\Documents\repos\subchen__jetbrick-template-2x\jetbrick-template\src\main\java\jetbrick\template\parser\ParserContext.java,219
CLIENT:client-code:N/A:N/A,FieldAccessExpr,jetbrick.template.parser.ast.AstInvokeMethod,nullSafe,C:\Users\tyin363\Documents\repos\subchen__jetbrick-template-2x\jetbrick-template\src\main\java\jetbrick\template\parser\ast\AstInvokeMethod.java,44
CLIENT:client-code:N/A:N/A,NameExpr,jetbrick.template.parser.ast.AstDirectiveInclude,parametersExpression,C:\Users\tyin363\Documents\repos\subchen__jetbrick-template-2x\jetbrick-template\src\main\java\jetbrick\template\parser\ast\AstDirectiveInclude.java,61
CLIENT:client-code:N/A:N/A,FieldAccessExpr,jetbrick.template.parser.ast.AstText.Jdk6CharArrayEncoder,count,C:\Users\tyin363\Documents\repos\subchen__jetbrick-template-2x\jetbrick-template\src\main\java\jetbrick\template\parser\ast\AstText.java,299
CLIENT:client-code:N/A:N/A,NameExpr,jetbrick.template.resolver.property.FieldGetter,field,C:\Users\tyin363\Documents\repos\subchen__jetbrick-template-2x\jetbrick-template\src\main\java\jetbrick\template\resolver\property\FieldGetter.java,37
org.antlr:antlr4-runtime:jar:4.10.1,MethodCallExpr,org.antlr.v4.runtime.ParserRuleContext,getChild,C:\Users\tyin363\Documents\repos\subchen__jetbrick-template-2x\jetbrick-template\src\main\java\jetbrick\template\parser\AstCodeVisitor.java,880
CLIENT:client-code:N/A:N/A,ClassOrInterfaceType,jetbrick.template.runtime.InterpretException,InterpretException,C:\Users\tyin363\Documents\repos\subchen__jetbrick-template-2x\jetbrick-template\src\main\java\jetbrick\template\parser\ast\AstInvokeMethodStatic.java,59
CLIENT:client-code:N/A:N/A,ClassOrInterfaceType,jetbrick.template.parser.ast.AstExpression,AstExpression,C:\Users\tyin363\Documents\repos\subchen__jetbrick-template-2x\jetbrick-template\src\main\java\jetbrick\template\parser\AstCodeVisitor.java,497
CLIENT:client-code:N/A:N/A,NameExpr,jetbrick.template.resolver.macro.MacroResolver,lastCheckTimestamp,C:\Users\tyin363\Documents\repos\subchen__jetbrick-template-2x\jetbrick-template\src\main\java\jetbrick\template\resolver\macro\MacroResolver.java,81
CLIENT:client-code:N/A:N/A,FieldAccessExpr,jetbrick.template.parser.ast.Tokens,AST_BLOCK_MACRO,C:\Users\tyin363\Documents\repos\subchen__jetbrick-template-2x\jetbrick-template\src\main\java\jetbrick\template\parser\AstCodeVisitor.java,112
CLIENT:client-code:N/A:N/A,NameExpr,jetbrick.template.parser.ast.AstDirectiveReturn,expression,C:\Users\tyin363\Documents\repos\subchen__jetbrick-template-2x\jetbrick-template\src\main\java\jetbrick\template\parser\ast\AstDirectiveReturn.java,36
CLIENT:client-code:N/A:N/A,ClassOrInterfaceType,jetbrick.template.parser.ast.AstNode,AstNode,C:\Users\tyin363\Documents\repos\subchen__jetbrick-template-2x\jetbrick-template\src\main\java\jetbrick\template\parser\AstCodeVisitor.java,150
com.github.subchen:jetbrick-commons:jar:2.1.9,MethodCallExpr,jetbrick.bean.KlassInfo,create,C:\Users\tyin363\Documents\repos\subchen__jetbrick-template-2x\jetbrick-template\src\main\java\jetbrick\template\parser\ast\AstInvokeFieldStatic.java,51
CLIENT:client-code:N/A:N/A,MethodCallExpr,jetbrick.template.Errors,format,C:\Users\tyin363\Documents\repos\subchen__jetbrick-template-2x\jetbrick-template\src\main\java\jetbrick\template\parser\ParserContext.java,189
CLIENT:client-code:N/A:N/A,NameExpr,jetbrick.template.parser.ast.AstText,text,C:\Users\tyin363\Documents\repos\subchen__jetbrick-template-2x\jetbrick-template\src\main\java\jetbrick\template\parser\ast\AstText.java,63
CLIENT:client-code:N/A:N/A,MethodCallExpr,jetbrick.template.runtime.InterpretException,set,C:\Users\tyin363\Documents\repos\subchen__jetbrick-template-2x\jetbrick-template\src\main\java\jetbrick\template\parser\ast\AstInvokeField.java,81
CLIENT:client-code:N/A:N/A,ClassOrInterfaceType,jetbrick.template.parser.ast.AstExpression,AstExpression,C:\Users\tyin363\Documents\repos\subchen__jetbrick-template-2x\jetbrick-template\src\main\java\jetbrick\template\parser\ast\AstOperatorUnary.java,43
JDK:java.base:N/A:N/A,MethodCallExpr,java.lang.Double,valueOf,C:\Users\tyin363\Documents\repos\subchen__jetbrick-template-2x\jetbrick-template\src\main\java\jetbrick\template\parser\ast\ALU.java,85
CLIENT:client-code:N/A:N/A,ClassOrInterfaceType,jetbrick.template.resolver.property.GetterResolver,GetterResolver,C:\Users\tyin363\Documents\repos\subchen__jetbrick-template-2x\jetbrick-template\src\main\java\jetbrick\template\resolver\property\DefaultGetterResolver.java,96
CLIENT:client-code:N/A:N/A,FieldAccessExpr,jetbrick.template.parser.SyntaxException,source,C:\Users\tyin363\Documents\repos\subchen__jetbrick-template-2x\jetbrick-template\src\main\java\jetbrick\template\parser\SyntaxException.java,53
CLIENT:client-code:N/A:N/A,NameExpr,jetbrick.template.runtime.TemplateStack,index,C:\Users\tyin363\Documents\repos\subchen__jetbrick-template-2x\jetbrick-template\src\main\java\jetbrick\template\runtime\TemplateStack.java,61
CLIENT:client-code:N/A:N/A,NameExpr,jetbrick.template.resolver.property.FieldGetter,field,C:\Users\tyin363\Documents\repos\subchen__jetbrick-template-2x\jetbrick-template\src\main\java\jetbrick\template\resolver\property\FieldGetter.java,42
CLIENT:client-code:N/A:N/A,NameExpr,jetbrick.template.parser.ast.ALU,BYTE,C:\Users\tyin363\Documents\repos\subchen__jetbrick-template-2x\jetbrick-template\src\main\java\jetbrick\template\parser\ast\ALU.java,124
JDK:java.base:N/A:N/A,ClassOrInterfaceType,java.io.IOException,IOException,C:\Users\tyin363\Documents\repos\subchen__jetbrick-template-2x\jetbrick-template\src\main\java\jetbrick\template\runtime\writer\JetOutputStreamPrinter.java,92
CLIENT:client-code:N/A:N/A,ObjectCreationExpr,jetbrick.template.resolver.property.MapGetter,MapGetter,C:\Users\tyin363\Documents\repos\subchen__jetbrick-template-2x\jetbrick-template\src\main\java\jetbrick\template\resolver\property\DefaultGetterResolver.java,91
JDK:java.base:N/A:N/A,ClassOrInterfaceType,java.util.Date,Date,C:\Users\tyin363\Documents\repos\subchen__jetbrick-template-2x\jetbrick-template\src\main\java\jetbrick\template\runtime\buildin\JetFunctions.java,42
CLIENT:client-code:N/A:N/A,MethodCallExpr,jetbrick.template.JetTemplate,getSource,C:\Users\tyin363\Documents\repos\subchen__jetbrick-template-2x\jetbrick-template\src\main\java\jetbrick\template\runtime\InterpretContextImpl.java,91
JDK:java.base:N/A:N/A,ClassOrInterfaceType,java.lang.Class,Class,C:\Users\tyin363\Documents\repos\subchen__jetbrick-template-2x\jetbrick-template\src\main\java\jetbrick\template\parser\ast\ALU.java,346
CLIENT:client-code:N/A:N/A,ObjectCreationExpr,jetbrick.template.resolver.property.DefaultGetterResolver,DefaultGetterResolver,C:\Users\tyin363\Documents\repos\subchen__jetbrick-template-2x\jetbrick-template\src\main\java\jetbrick\template\resolver\GlobalResolver.java,54
org.antlr:antlr4-runtime:jar:4.10.1,ClassOrInterfaceType,org.antlr.v4.runtime.tree.AbstractParseTreeVisitor,AbstractParseTreeVisitor,C:\Users\tyin363\Documents\repos\subchen__jetbrick-template-2x\jetbrick-template\src\main\java\jetbrick\template\parser\AstCodeVisitor.java,82
CLIENT:client-code:N/A:N/A,MethodCallExpr,jetbrick.template.parser.SyntaxException,set,C:\Users\tyin363\Documents\repos\subchen__jetbrick-template-2x\jetbrick-template\src\main\java\jetbrick\template\parser\AstCodeVisitor.java,873
JDK:java.base:N/A:N/A,MethodCallExpr,java.util.Collections,emptyMap,C:\Users\tyin363\Documents\repos\subchen__jetbrick-template-2x\jetbrick-template\src\main\java\jetbrick\template\parser\ast\AstDirectiveInclude.java,55
CLIENT:client-code:N/A:N/A,NameExpr,jetbrick.template.parser.ast.ALU,SHORT,C:\Users\tyin363\Documents\repos\subchen__jetbrick-template-2x\jetbrick-template\src\main\java\jetbrick\template\parser\ast\ALU.java,472
JDK:java.base:N/A:N/A,ClassOrInterfaceType,java.lang.String,String,C:\Users\tyin363\Documents\repos\subchen__jetbrick-template-2x\jetbrick-template\src\main\java\jetbrick\template\runtime\buildin\JetMethods.java,128
JDK:java.base:N/A:N/A,ClassOrInterfaceType,java.lang.String,String,C:\Users\tyin363\Documents\repos\subchen__jetbrick-template-2x\jetbrick-template\src\main\java\jetbrick\template\parser\ast\AstInvokeField.java,31
CLIENT:client-code:N/A:N/A,MethodCallExpr,jetbrick.template.parser.ast.AstStatementList.ListIterator,peek,C:\Users\tyin363\Documents\repos\subchen__jetbrick-template-2x\jetbrick-template\src\main\java\jetbrick\template\parser\ast\AstStatementList.java,103
JDK:java.base:N/A:N/A,ClassOrInterfaceType,java.lang.String,String,C:\Users\tyin363\Documents\repos\subchen__jetbrick-template-2x\jetbrick-template\src\main\java\jetbrick\template\JetGlobalContext.java,44
CLIENT:client-code:N/A:N/A,NameExpr,jetbrick.template.parser.ast.AstDirectiveInclude,parametersExpression,C:\Users\tyin363\Documents\repos\subchen__jetbrick-template-2x\jetbrick-template\src\main\java\jetbrick\template\parser\ast\AstDirectiveInclude.java,54
CLIENT:client-code:N/A:N/A,MethodCallExpr,jetbrick.template.Errors,typeName,C:\Users\tyin363\Documents\repos\subchen__jetbrick-template-2x\jetbrick-template\src\main\java\jetbrick\template\parser\ast\ALU.java,458
JDK:java.base:N/A:N/A,MethodCallExpr,java.util.Collection,isEmpty,C:\Users\tyin363\Documents\repos\subchen__jetbrick-template-2x\jetbrick-template\src\main\java\jetbrick\template\parser\ast\ALU.java,524
JDK:java.base:N/A:N/A,ClassOrInterfaceType,java.lang.Object,Object,C:\Users\tyin363\Documents\repos\subchen__jetbrick-template-2x\jetbrick-template\src\main\java\jetbrick\template\resolver\method\MethodInvoker.java,31
org.antlr:antlr4-runtime:jar:4.10.1,ClassOrInterfaceType,org.antlr.v4.runtime.Token,Token,C:\Users\tyin363\Documents\repos\subchen__jetbrick-template-2x\jetbrick-template\src\main\java\jetbrick\template\parser\AstCodeVisitor.java,553
com.github.subchen:jetbrick-commons:jar:2.1.9,ClassOrInterfaceType,jetbrick.bean.FieldInfo,FieldInfo,C:\Users\tyin363\Documents\repos\subchen__jetbrick-template-2x\jetbrick-template\src\main\java\jetbrick\template\resolver\property\FieldGetter.java,29
CLIENT:client-code:N/A:N/A,NameExpr,jetbrick.template.parser.ParserContext,globalResolver,C:\Users\tyin363\Documents\repos\subchen__jetbrick-template-2x\jetbrick-template\src\main\java\jetbrick\template\parser\ParserContext.java,156
CLIENT:client-code:N/A:N/A,NameExpr,jetbrick.template.JetTemplateImpl,reloadable,C:\Users\tyin363\Documents\repos\subchen__jetbrick-template-2x\jetbrick-template\src\main\java\jetbrick\template\JetTemplateImpl.java,179
CLIENT:client-code:N/A:N/A,NameExpr,jetbrick.template.runtime.TemplateStack,index,C:\Users\tyin363\Documents\repos\subchen__jetbrick-template-2x\jetbrick-template\src\main\java\jetbrick\template\runtime\TemplateStack.java,60
JDK:java.base:N/A:N/A,ClassOrInterfaceType,java.lang.Class,Class,C:\Users\tyin363\Documents\repos\subchen__jetbrick-template-2x\jetbrick-template\src\main\java\jetbrick\template\parser\ast\AstInvokeMethod.java,76
CLIENT:client-code:N/A:N/A,ClassOrInterfaceType,jetbrick.template.parser.ast.AstDirectiveMacro,AstDirectiveMacro,C:\Users\tyin363\Documents\repos\subchen__jetbrick-template-2x\jetbrick-template\src\main\java\jetbrick\template\parser\ParserContext.java,250
CLIENT:client-code:N/A:N/A,ClassOrInterfaceType,jetbrick.template.parser.ast.AstValueEscaped,AstValueEscaped,C:\Users\tyin363\Documents\repos\subchen__jetbrick-template-2x\jetbrick-template\src\main\java\jetbrick\template\parser\AstCodeVisitor.java,143
JDK:java.base:N/A:N/A,ClassOrInterfaceType,java.util.Date,Date,C:\Users\tyin363\Documents\repos\subchen__jetbrick-template-2x\jetbrick-template\src\main\java\jetbrick\template\runtime\buildin\JetFunctions.java,41
JDK:java.base:N/A:N/A,ClassOrInterfaceType,java.lang.Class,Class,C:\Users\tyin363\Documents\repos\subchen__jetbrick-template-2x\jetbrick-template\src\main\java\jetbrick\template\parser\ast\ALU.java,347
JDK:java.base:N/A:N/A,MethodCallExpr,java.util.List,add,C:\Users\tyin363\Documents\repos\subchen__jetbrick-template-2x\jetbrick-template\src\main\java\jetbrick\template\resolver\clazz\ClassResolver.java,72
CLIENT:client-code:N/A:N/A,NameExpr,jetbrick.template.parser.ast.AstText,text,C:\Users\tyin363\Documents\repos\subchen__jetbrick-template-2x\jetbrick-template\src\main\java\jetbrick\template\parser\ast\AstText.java,57
CLIENT:client-code:N/A:N/A,NameExpr,jetbrick.template.parser.ast.ALU,LONG,C:\Users\tyin363\Documents\repos\subchen__jetbrick-template-2x\jetbrick-template\src\main\java\jetbrick\template\parser\ast\ALU.java,228
JDK:java.base:N/A:N/A,MethodCallExpr,java.util.List,add,C:\Users\tyin363\Documents\repos\subchen__jetbrick-template-2x\jetbrick-template\src\main\java\jetbrick\template\resolver\macro\MacroResolver.java,39
com.github.subchen:jetbrick-commons:jar:2.1.9,ObjectCreationExpr,jetbrick.config.ConfigLoader,ConfigLoader,C:\Users\tyin363\Documents\repos\subchen__jetbrick-template-2x\jetbrick-template\src\main\java\jetbrick\template\JetConfig.java,81
CLIENT:client-code:N/A:N/A,FieldAccessExpr,jetbrick.template.parser.ParserContext,trimDirectiveWhitespaces,C:\Users\tyin363\Documents\repos\subchen__jetbrick-template-2x\jetbrick-template\src\main\java\jetbrick\template\parser\ParserContext.java,102
JDK:java.base:N/A:N/A,ClassOrInterfaceType,java.util.List,List,C:\Users\tyin363\Documents\repos\subchen__jetbrick-template-2x\jetbrick-template\src\main\java\jetbrick\template\JetEngineImpl.java,214
CLIENT:client-code:N/A:N/A,NameExpr,jetbrick.template.resolver.GlobalResolver,tagInvokerResolver,C:\Users\tyin363\Documents\repos\subchen__jetbrick-template-2x\jetbrick-template\src\main\java\jetbrick\template\resolver\GlobalResolver.java,166
CLIENT:client-code:N/A:N/A,MethodCallExpr,jetbrick.template.JetTemplate,reload,C:\Users\tyin363\Documents\repos\subchen__jetbrick-template-2x\jetbrick-template\src\main\java\jetbrick\template\runtime\InterpretContextImpl.java,153
JDK:java.base:N/A:N/A,ClassOrInterfaceType,java.lang.String,String,C:\Users\tyin363\Documents\repos\subchen__jetbrick-template-2x\jetbrick-template\src\main\java\jetbrick\template\parser\ParserContext.java,214
CLIENT:client-code:N/A:N/A,MethodCallExpr,jetbrick.template.runtime.JetTagContext,getInterpretContext,C:\Users\tyin363\Documents\repos\subchen__jetbrick-template-2x\jetbrick-template\src\main\java\jetbrick\template\runtime\JetTagContext.java,41
JDK:java.base:N/A:N/A,ClassOrInterfaceType,java.lang.String,String,C:\Users\tyin363\Documents\repos\subchen__jetbrick-template-2x\jetbrick-template\src\main\java\jetbrick\template\JetEngineImpl.java,117
JDK:java.base:N/A:N/A,ClassOrInterfaceType,java.lang.Class,Class,C:\Users\tyin363\Documents\repos\subchen__jetbrick-template-2x\jetbrick-template\src\main\java\jetbrick\template\parser\ast\AstInvokeMethod.java,75
JDK:java.base:N/A:N/A,ClassOrInterfaceType,java.lang.Object,Object,C:\Users\tyin363\Documents\repos\subchen__jetbrick-template-2x\jetbrick-template\src\main\java\jetbrick\template\runtime\ValueContext.java,61
CLIENT:client-code:N/A:N/A,NameExpr,jetbrick.template.JetConfig,importDefines,C:\Users\tyin363\Documents\repos\subchen__jetbrick-template-2x\jetbrick-template\src\main\java\jetbrick\template\JetConfig.java,109
JDK:java.base:N/A:N/A,MethodCallExpr,java.util.List,add,C:\Users\tyin363\Documents\repos\subchen__jetbrick-template-2x\jetbrick-template\src\main\java\jetbrick\template\parser\ast\AstStatementList.java,283
org.slf4j:slf4j-api:jar:1.7.7,MethodCallExpr,org.slf4j.Logger,info,C:\Users\tyin363\Documents\repos\subchen__jetbrick-template-2x\jetbrick-template\src\main\java\jetbrick\template\resolver\clazz\ClassResolver.java,54
CLIENT:client-code:N/A:N/A,MethodCallExpr,jetbrick.template.runtime.InterpretContext,setWriter,C:\Users\tyin363\Documents\repos\subchen__jetbrick-template-2x\jetbrick-template\src\main\java\jetbrick\template\runtime\buildin\JetFunctions.java,119
JDK:java.base:N/A:N/A,ClassOrInterfaceType,java.util.ArrayList,ArrayList,C:\Users\tyin363\Documents\repos\subchen__jetbrick-template-2x\jetbrick-template\src\main\java\jetbrick\template\resolver\property\DefaultGetterResolver.java,40
CLIENT:client-code:N/A:N/A,MethodCallExpr,jetbrick.template.parser.ast.AstStatementList.ListIterator,add,C:\Users\tyin363\Documents\repos\subchen__jetbrick-template-2x\jetbrick-template\src\main\java\jetbrick\template\parser\ast\AstStatementList.java,112
JDK:java.base:N/A:N/A,MethodCallExpr,java.util.Collections,emptyList,C:\Users\tyin363\Documents\repos\subchen__jetbrick-template-2x\jetbrick-template\src\main\java\jetbrick\template\runtime\buildin\JetMethods.java,119
CLIENT:client-code:N/A:N/A,NameExpr,jetbrick.template.parser.ast.AstExpression,position,C:\Users\tyin363\Documents\repos\subchen__jetbrick-template-2x\jetbrick-template\src\main\java\jetbrick\template\parser\ast\AstInvokeField.java,81
CLIENT:client-code:N/A:N/A,NameExpr,jetbrick.template.runtime.ValueStack,current,C:\Users\tyin363\Documents\repos\subchen__jetbrick-template-2x\jetbrick-template\src\main\java\jetbrick\template\runtime\ValueStack.java,124
CLIENT:client-code:N/A:N/A,MethodCallExpr,jetbrick.template.JetConfig,getImportMethods,C:\Users\tyin363\Documents\repos\subchen__jetbrick-template-2x\jetbrick-template\src\main\java\jetbrick\template\JetEngineImpl.java,173
CLIENT:client-code:N/A:N/A,NameExpr,jetbrick.template.resolver.clazz.ClassResolver,log,C:\Users\tyin363\Documents\repos\subchen__jetbrick-template-2x\jetbrick-template\src\main\java\jetbrick\template\resolver\clazz\ClassResolver.java,85
CLIENT:client-code:N/A:N/A,ClassOrInterfaceType,jetbrick.template.parser.SyntaxException,SyntaxException,C:\Users\tyin363\Documents\repos\subchen__jetbrick-template-2x\jetbrick-template\src\main\java\jetbrick\template\parser\AstCodeVisitor.java,199
CLIENT:client-code:N/A:N/A,NameExpr,jetbrick.template.JetTemplateImpl,log,C:\Users\tyin363\Documents\repos\subchen__jetbrick-template-2x\jetbrick-template\src\main\java\jetbrick\template\JetTemplateImpl.java,100
com.github.subchen:jetbrick-commons:jar:2.1.9,ClassOrInterfaceType,jetbrick.bean.MethodInfo,MethodInfo,C:\Users\tyin363\Documents\repos\subchen__jetbrick-template-2x\jetbrick-template\src\main\java\jetbrick\template\resolver\method\ClassBuildinMethodInvoker.java,34
JDK:java.base:N/A:N/A,ClassOrInterfaceType,java.lang.StringBuilder,StringBuilder,C:\Users\tyin363\Documents\repos\subchen__jetbrick-template-2x\jetbrick-template\src\main\java\jetbrick\template\parser\ast\AstStatementList.java,74
JDK:java.base:N/A:N/A,FieldAccessExpr,java.lang.Boolean,FALSE,C:\Users\tyin363\Documents\repos\subchen__jetbrick-template-2x\jetbrick-template\src\main\java\jetbrick\template\parser\ast\ALU.java,389
CLIENT:client-code:N/A:N/A,ClassOrInterfaceType,jetbrick.template.parser.ast.AstNode,AstNode,C:\Users\tyin363\Documents\repos\subchen__jetbrick-template-2x\jetbrick-template\src\main\java\jetbrick\template\parser\AstCodeVisitor.java,682
CLIENT:client-code:N/A:N/A,NameExpr,jetbrick.template.JetTemplateImpl,reloadable,C:\Users\tyin363\Documents\repos\subchen__jetbrick-template-2x\jetbrick-template\src\main\java\jetbrick\template\JetTemplateImpl.java,181
CLIENT:client-code:N/A:N/A,FieldAccessExpr,jetbrick.template.runtime.InterpretContextImpl,signal,C:\Users\tyin363\Documents\repos\subchen__jetbrick-template-2x\jetbrick-template\src\main\java\jetbrick\template\runtime\InterpretContextImpl.java,111
JDK:java.base:N/A:N/A,MethodCallExpr,java.util.List,iterator,C:\Users\tyin363\Documents\repos\subchen__jetbrick-template-2x\jetbrick-template\src\main\java\jetbrick\template\runtime\JetForIterator.java,54
CLIENT:client-code:N/A:N/A,NameExpr,jetbrick.template.runtime.JetForIterator,iterator,C:\Users\tyin363\Documents\repos\subchen__jetbrick-template-2x\jetbrick-template\src\main\java\jetbrick\template\runtime\JetForIterator.java,37
JDK:java.base:N/A:N/A,ClassOrInterfaceType,java.lang.String,String,C:\Users\tyin363\Documents\repos\subchen__jetbrick-template-2x\jetbrick-template\src\main\java\jetbrick\template\parser\AstCodeVisitor.java,684
CLIENT:client-code:N/A:N/A,MethodCallExpr,jetbrick.template.parser.Source,getLines,C:\Users\tyin363\Documents\repos\subchen__jetbrick-template-2x\jetbrick-template\src\main\java\jetbrick\template\Errors.java,154
com.github.subchen:jetbrick-commons:jar:2.1.9,ClassOrInterfaceType,jetbrick.bean.FieldInfo,FieldInfo,C:\Users\tyin363\Documents\repos\subchen__jetbrick-template-2x\jetbrick-template\src\main\java\jetbrick\template\resolver\property\FieldGetter.java,31
JDK:java.base:N/A:N/A,ClassOrInterfaceType,java.util.List,List,C:\Users\tyin363\Documents\repos\subchen__jetbrick-template-2x\jetbrick-template\src\main\java\jetbrick\template\parser\AstCodeVisitor.java,814
JDK:java.base:N/A:N/A,MethodCallExpr,java.lang.Number,floatValue,C:\Users\tyin363\Documents\repos\subchen__jetbrick-template-2x\jetbrick-template\src\main\java\jetbrick\template\parser\ast\ALU.java,177
JDK:java.base:N/A:N/A,ClassOrInterfaceType,java.lang.Object,Object,C:\Users\tyin363\Documents\repos\subchen__jetbrick-template-2x\jetbrick-template\src\main\java\jetbrick\template\parser\ast\AstDirectiveInclude.java,67
JDK:java.base:N/A:N/A,MethodCallExpr,java.lang.Comparable,compareTo,C:\Users\tyin363\Documents\repos\subchen__jetbrick-template-2x\jetbrick-template\src\main\java\jetbrick\template\parser\ast\ALU.java,425
CLIENT:client-code:N/A:N/A,FieldAccessExpr,jetbrick.template.parser.ast.Tokens,AST_BLOCK_TAG,C:\Users\tyin363\Documents\repos\subchen__jetbrick-template-2x\jetbrick-template\src\main\java\jetbrick\template\parser\AstCodeVisitor.java,114
JDK:java.base:N/A:N/A,ClassOrInterfaceType,java.io.IOException,IOException,C:\Users\tyin363\Documents\repos\subchen__jetbrick-template-2x\jetbrick-template\src\main\java\jetbrick\template\runtime\writer\JetWriterPrinter.java,147
JDK:java.base:N/A:N/A,ObjectCreationExpr,java.util.concurrent.ConcurrentHashMap,ConcurrentHashMap,C:\Users\tyin363\Documents\repos\subchen__jetbrick-template-2x\jetbrick-template\src\main\java\jetbrick\template\JetEngineImpl.java,44
JDK:java.base:N/A:N/A,ClassOrInterfaceType,java.util.Map,Map,C:\Users\tyin363\Documents\repos\subchen__jetbrick-template-2x\jetbrick-template\src\main\java\jetbrick\template\resolver\macro\MacroResolver.java,27
CLIENT:client-code:N/A:N/A,ClassOrInterfaceType,jetbrick.template.runtime.buildin.JetFunctions,JetFunctions,C:\Users\tyin363\Documents\repos\subchen__jetbrick-template-2x\jetbrick-template\src\main\java\jetbrick\template\JetEngineImpl.java,177
CLIENT:client-code:N/A:N/A,MethodCallExpr,jetbrick.template.resolver.method.MethodInvoker,invoke,C:\Users\tyin363\Documents\repos\subchen__jetbrick-template-2x\jetbrick-template\src\main\java\jetbrick\template\parser\ast\AstInvokeMethod.java,100
CLIENT:client-code:N/A:N/A,NameExpr,jetbrick.template.parser.ast.AstDirectiveInclude,parametersExpression,C:\Users\tyin363\Documents\repos\subchen__jetbrick-template-2x\jetbrick-template\src\main\java\jetbrick\template\parser\ast\AstDirectiveInclude.java,57
JDK:java.base:N/A:N/A,ClassOrInterfaceType,java.lang.Long,Long,C:\Users\tyin363\Documents\repos\subchen__jetbrick-template-2x\jetbrick-template\src\main\java\jetbrick\template\parser\ast\ALU.java,326
CLIENT:client-code:N/A:N/A,MethodCallExpr,jetbrick.template.runtime.TemplateStack,current,C:\Users\tyin363\Documents\repos\subchen__jetbrick-template-2x\jetbrick-template\src\main\java\jetbrick\template\runtime\InterpretContextImpl.java,86
CLIENT:client-code:N/A:N/A,NameExpr,jetbrick.template.runtime.TemplateStack,index,C:\Users\tyin363\Documents\repos\subchen__jetbrick-template-2x\jetbrick-template\src\main\java\jetbrick\template\runtime\TemplateStack.java,57
JDK:java.base:N/A:N/A,ClassOrInterfaceType,java.lang.Long,Long,C:\Users\tyin363\Documents\repos\subchen__jetbrick-template-2x\jetbrick-template\src\main\java\jetbrick\template\parser\ast\ALU.java,325
JDK:java.base:N/A:N/A,FieldAccessExpr,java.lang.Boolean,TRUE,C:\Users\tyin363\Documents\repos\subchen__jetbrick-template-2x\jetbrick-template\src\main\java\jetbrick\template\parser\ast\ALU.java,509
CLIENT:client-code:N/A:N/A,ClassOrInterfaceType,jetbrick.template.parser.ast.AstNode,AstNode,C:\Users\tyin363\Documents\repos\subchen__jetbrick-template-2x\jetbrick-template\src\main\java\jetbrick\template\parser\AstCodeVisitor.java,419
CLIENT:client-code:N/A:N/A,FieldAccessExpr,jetbrick.template.parser.ast.AstInvokeField,name,C:\Users\tyin363\Documents\repos\subchen__jetbrick-template-2x\jetbrick-template\src\main\java\jetbrick\template\parser\ast\AstInvokeField.java,39
CLIENT:client-code:N/A:N/A,ClassOrInterfaceType,jetbrick.template.JetSecurityManager,JetSecurityManager,C:\Users\tyin363\Documents\repos\subchen__jetbrick-template-2x\jetbrick-template\src\main\java\jetbrick\template\parser\ast\AstInvokeNewArray.java,44
JDK:java.base:N/A:N/A,ClassOrInterfaceType,java.lang.String,String,C:\Users\tyin363\Documents\repos\subchen__jetbrick-template-2x\jetbrick-template\src\main\java\jetbrick\template\parser\ast\AstConstantMap.java,40
CLIENT:client-code:N/A:N/A,MethodCallExpr,jetbrick.template.JetTemplate,getOption,C:\Users\tyin363\Documents\repos\subchen__jetbrick-template-2x\jetbrick-template\src\main\java\jetbrick\template\runtime\InterpretContextImpl.java,127
JDK:java.base:N/A:N/A,MethodCallExpr,java.io.Writer,write,C:\Users\tyin363\Documents\repos\subchen__jetbrick-template-2x\jetbrick-template\src\main\java\jetbrick\template\runtime\writer\JetWriterPrinter.java,133
CLIENT:client-code:N/A:N/A,ClassOrInterfaceType,jetbrick.template.parser.ast.AstNode,AstNode,C:\Users\tyin363\Documents\repos\subchen__jetbrick-template-2x\jetbrick-template\src\main\java\jetbrick\template\parser\AstCodeVisitor.java,155
CLIENT:client-code:N/A:N/A,MethodCallExpr,jetbrick.template.parser.ast.AstExpression,execute,C:\Users\tyin363\Documents\repos\subchen__jetbrick-template-2x\jetbrick-template\src\main\java\jetbrick\template\parser\ast\AstInvokeIndexGet.java,53
JDK:java.base:N/A:N/A,ClassOrInterfaceType,java.lang.Class,Class,C:\Users\tyin363\Documents\repos\subchen__jetbrick-template-2x\jetbrick-template\src\main\java\jetbrick\template\parser\ast\ALU.java,94
JDK:java.base:N/A:N/A,MethodCallExpr,java.lang.String,charAt,C:\Users\tyin363\Documents\repos\subchen__jetbrick-template-2x\jetbrick-template\src\main\java\jetbrick\template\parser\ast\AstText.java,164
CLIENT:client-code:N/A:N/A,ClassOrInterfaceType,jetbrick.template.parser.ast.AstExpressionList,AstExpressionList,C:\Users\tyin363\Documents\repos\subchen__jetbrick-template-2x\jetbrick-template\src\main\java\jetbrick\template\parser\AstCodeVisitor.java,685
CLIENT:client-code:N/A:N/A,MethodCallExpr,jetbrick.template.parser.ParserContext,useSymbol,C:\Users\tyin363\Documents\repos\subchen__jetbrick-template-2x\jetbrick-template\src\main\java\jetbrick\template\parser\AstCodeVisitor.java,258
CLIENT:client-code:N/A:N/A,MethodCallExpr,jetbrick.template.parser.ast.AstExpression,execute,C:\Users\tyin363\Documents\repos\subchen__jetbrick-template-2x\jetbrick-template\src\main\java\jetbrick\template\parser\ast\AstValueEscaped.java,37
com.github.subchen:jetbrick-commons:jar:2.1.9,ClassOrInterfaceType,jetbrick.io.resource.ResourceNotFoundException,ResourceNotFoundException,C:\Users\tyin363\Documents\repos\subchen__jetbrick-template-2x\jetbrick-template\src\main\java\jetbrick\template\JetEngineImpl.java,96
JDK:java.base:N/A:N/A,FieldAccessExpr,java.lang.Boolean,FALSE,C:\Users\tyin363\Documents\repos\subchen__jetbrick-template-2x\jetbrick-template\src\main\java\jetbrick\template\parser\ast\ALU.java,391
CLIENT:client-code:N/A:N/A,ClassOrInterfaceType,jetbrick.template.runtime.writer.JetWriterPrinter,JetWriterPrinter,C:\Users\tyin363\Documents\repos\subchen__jetbrick-template-2x\jetbrick-template\src\main\java\jetbrick\template\runtime\JetWriter.java,36
CLIENT:client-code:N/A:N/A,NameExpr,jetbrick.template.resolver.macro.MacroResolver,decleardMacros,C:\Users\tyin363\Documents\repos\subchen__jetbrick-template-2x\jetbrick-template\src\main\java\jetbrick\template\resolver\macro\MacroResolver.java,44
CLIENT:client-code:N/A:N/A,ClassOrInterfaceType,jetbrick.template.resolver.property.Getter,Getter,C:\Users\tyin363\Documents\repos\subchen__jetbrick-template-2x\jetbrick-template\src\main\java\jetbrick\template\resolver\GlobalResolver.java,230
CLIENT:client-code:N/A:N/A,FieldAccessExpr,jetbrick.template.Errors,OPERATION_BINARY_UNDEFINED,C:\Users\tyin363\Documents\repos\subchen__jetbrick-template-2x\jetbrick-template\src\main\java\jetbrick\template\parser\ast\ALU.java,136
CLIENT:client-code:N/A:N/A,MethodCallExpr,jetbrick.template.parser.ast.ALU,equals,C:\Users\tyin363\Documents\repos\subchen__jetbrick-template-2x\jetbrick-template\src\main\java\jetbrick\template\parser\ast\AstOperatorEquals.java,53
CLIENT:client-code:N/A:N/A,ClassOrInterfaceType,jetbrick.template.runtime.InterpretContext,InterpretContext,C:\Users\tyin363\Documents\repos\subchen__jetbrick-template-2x\jetbrick-template\src\main\java\jetbrick\template\parser\ast\AstDirectiveTag.java,43
CLIENT:client-code:N/A:N/A,FieldAccessExpr,jetbrick.template.parser.ast.AstInvokeFieldStatic,field,C:\Users\tyin363\Documents\repos\subchen__jetbrick-template-2x\jetbrick-template\src\main\java\jetbrick\template\parser\ast\AstInvokeFieldStatic.java,40
CLIENT:client-code:N/A:N/A,FieldAccessExpr,jetbrick.template.parser.ast.ALU,VOID,C:\Users\tyin363\Documents\repos\subchen__jetbrick-template-2x\jetbrick-template\src\main\java\jetbrick\template\parser\ast\AstValue.java,37
CLIENT:client-code:N/A:N/A,FieldAccessExpr,jetbrick.template.resolver.clazz.ClassResolver,importedClassMap,C:\Users\tyin363\Documents\repos\subchen__jetbrick-template-2x\jetbrick-template\src\main\java\jetbrick\template\resolver\clazz\ClassResolver.java,46
JDK:java.base:N/A:N/A,MethodCallExpr,java.lang.String,indexOf,C:\Users\tyin363\Documents\repos\subchen__jetbrick-template-2x\jetbrick-template\src\main\java\jetbrick\template\JetEngineImpl.java,202
CLIENT:client-code:N/A:N/A,NameExpr,jetbrick.template.parser.ast.AstInvokeMethodStatic,unsafe,C:\Users\tyin363\Documents\repos\subchen__jetbrick-template-2x\jetbrick-template\src\main\java\jetbrick\template\parser\ast\AstInvokeMethodStatic.java,83
CLIENT:client-code:N/A:N/A,ClassOrInterfaceType,jetbrick.template.JetSecurityManager,JetSecurityManager,C:\Users\tyin363\Documents\repos\subchen__jetbrick-template-2x\jetbrick-template\src\main\java\jetbrick\template\loader\ResourceLoader.java,54
CLIENT:client-code:N/A:N/A,MethodCallExpr,jetbrick.template.JetTemplate,reload,C:\Users\tyin363\Documents\repos\subchen__jetbrick-template-2x\jetbrick-template\src\main\java\jetbrick\template\resolver\macro\MacroResolver.java,83
CLIENT:client-code:N/A:N/A,FieldAccessExpr,jetbrick.template.parser.ast.Tokens,BIT_USHR,C:\Users\tyin363\Documents\repos\subchen__jetbrick-template-2x\jetbrick-template\src\main\java\jetbrick\template\parser\ast\AstOperatorBinary.java,105
CLIENT:client-code:N/A:N/A,NameExpr,jetbrick.template.parser.ast.AstTernaryOperator,trueExpression,C:\Users\tyin363\Documents\repos\subchen__jetbrick-template-2x\jetbrick-template\src\main\java\jetbrick\template\parser\ast\AstTernaryOperator.java,41
CLIENT:client-code:N/A:N/A,NameExpr,jetbrick.template.resolver.macro.MacroResolver,decleardMacros,C:\Users\tyin363\Documents\repos\subchen__jetbrick-template-2x\jetbrick-template\src\main\java\jetbrick\template\resolver\macro\MacroResolver.java,43
CLIENT:client-code:N/A:N/A,ObjectCreationExpr,jetbrick.template.runtime.InterpretContextImpl,InterpretContextImpl,C:\Users\tyin363\Documents\repos\subchen__jetbrick-template-2x\jetbrick-template\src\main\java\jetbrick\template\JetTemplateImpl.java,155
CLIENT:client-code:N/A:N/A,MethodCallExpr,jetbrick.template.JetTemplateMacro,getAstNode,C:\Users\tyin363\Documents\repos\subchen__jetbrick-template-2x\jetbrick-template\src\main\java\jetbrick\template\runtime\InterpretContextImpl.java,169
CLIENT:client-code:N/A:N/A,ClassOrInterfaceType,jetbrick.template.resolver.tag.TagInvokerResolver,TagInvokerResolver,C:\Users\tyin363\Documents\repos\subchen__jetbrick-template-2x\jetbrick-template\src\main\java\jetbrick\template\resolver\tag\TagInvokerResolver.java,41
JDK:java.base:N/A:N/A,MethodCallExpr,java.lang.Number,intValue,C:\Users\tyin363\Documents\repos\subchen__jetbrick-template-2x\jetbrick-template\src\main\java\jetbrick\template\parser\ast\ALU.java,527
JDK:java.base:N/A:N/A,MethodCallExpr,java.lang.Class,getAnnotations,C:\Users\tyin363\Documents\repos\subchen__jetbrick-template-2x\jetbrick-template\src\main\java\jetbrick\template\resolver\GlobalResolver.java,82
CLIENT:client-code:N/A:N/A,ClassOrInterfaceType,jetbrick.template.parser.ast.Position,Position,C:\Users\tyin363\Documents\repos\subchen__jetbrick-template-2x\jetbrick-template\src\main\java\jetbrick\template\parser\ast\AstDirectiveMacro.java,62
CLIENT:client-code:N/A:N/A,MethodCallExpr,jetbrick.template.runtime.ValueContext,getPrivate,C:\Users\tyin363\Documents\repos\subchen__jetbrick-template-2x\jetbrick-template\src\main\java\jetbrick\template\runtime\ValueStack.java,93
JDK:java.base:N/A:N/A,FieldAccessExpr,java.lang.Boolean,FALSE,C:\Users\tyin363\Documents\repos\subchen__jetbrick-template-2x\jetbrick-template\src\main\java\jetbrick\template\parser\ast\ALU.java,393
JDK:java.base:N/A:N/A,ClassOrInterfaceType,java.lang.IllegalStateException,IllegalStateException,C:\Users\tyin363\Documents\repos\subchen__jetbrick-template-2x\jetbrick-template\src\main\java\jetbrick\template\parser\ast\ALU.java,463
CLIENT:client-code:N/A:N/A,NameExpr,jetbrick.template.parser.ast.AstText,text,C:\Users\tyin363\Documents\repos\subchen__jetbrick-template-2x\jetbrick-template\src\main\java\jetbrick\template\parser\ast\AstText.java,73
JDK:java.base:N/A:N/A,ObjectCreationExpr,java.lang.IllegalArgumentException,IllegalArgumentException,C:\Users\tyin363\Documents\repos\subchen__jetbrick-template-2x\jetbrick-template\src\main\java\jetbrick\template\runtime\InterpretContextImpl.java,147
CLIENT:client-code:N/A:N/A,MethodCallExpr,jetbrick.template.resolver.GlobalResolver,importClass,C:\Users\tyin363\Documents\repos\subchen__jetbrick-template-2x\jetbrick-template\src\main\java\jetbrick\template\JetEngineImpl.java,166
JDK:java.base:N/A:N/A,ClassOrInterfaceType,java.lang.String,String,C:\Users\tyin363\Documents\repos\subchen__jetbrick-template-2x\jetbrick-template\src\main\java\jetbrick\template\JetGlobalContext.java,34
JDK:java.base:N/A:N/A,ClassOrInterfaceType,java.lang.String,String,C:\Users\tyin363\Documents\repos\subchen__jetbrick-template-2x\jetbrick-template\src\main\java\jetbrick\template\parser\ParserContext.java,226
CLIENT:client-code:N/A:N/A,FieldAccessExpr,jetbrick.template.parser.ast.AstTernarySimplifyOperator,otherExpression,C:\Users\tyin363\Documents\repos\subchen__jetbrick-template-2x\jetbrick-template\src\main\java\jetbrick\template\parser\ast\AstTernarySimplifyOperator.java,31
JDK:java.base:N/A:N/A,MethodCallExpr,java.lang.String,length,C:\Users\tyin363\Documents\repos\subchen__jetbrick-template-2x\jetbrick-template\src\main\java\jetbrick\template\parser\ast\AstText.java,49
CLIENT:client-code:N/A:N/A,NameExpr,jetbrick.template.runtime.ValueContext,localContext,C:\Users\tyin363\Documents\repos\subchen__jetbrick-template-2x\jetbrick-template\src\main\java\jetbrick\template\runtime\ValueContext.java,87
CLIENT:client-code:N/A:N/A,NameExpr,jetbrick.template.parser.ParserContext,trimDirectiveCommentsPrefix,C:\Users\tyin363\Documents\repos\subchen__jetbrick-template-2x\jetbrick-template\src\main\java\jetbrick\template\parser\ParserContext.java,114
CLIENT:client-code:N/A:N/A,MethodCallExpr,jetbrick.template.parser.ast.ALU,equals,C:\Users\tyin363\Documents\repos\subchen__jetbrick-template-2x\jetbrick-template\src\main\java\jetbrick\template\parser\ast\AstOperatorEquals.java,50
CLIENT:client-code:N/A:N/A,NameExpr,jetbrick.template.resolver.function.ExtensionFunctionInvoker,method,C:\Users\tyin363\Documents\repos\subchen__jetbrick-template-2x\jetbrick-template\src\main\java\jetbrick\template\resolver\function\ExtensionFunctionInvoker.java,54
CLIENT:client-code:N/A:N/A,NameExpr,jetbrick.template.parser.ParserContext,loadMacroFiles,C:\Users\tyin363\Documents\repos\subchen__jetbrick-template-2x\jetbrick-template\src\main\java\jetbrick\template\parser\ParserContext.java,227
JDK:java.base:N/A:N/A,ClassOrInterfaceType,java.lang.String,String,C:\Users\tyin363\Documents\repos\subchen__jetbrick-template-2x\jetbrick-template\src\main\java\jetbrick\template\JetSecurityManagerImpl.java,43
CLIENT:client-code:N/A:N/A,FieldAccessExpr,jetbrick.template.parser.ast.AstExpressionList,expressions,C:\Users\tyin363\Documents\repos\subchen__jetbrick-template-2x\jetbrick-template\src\main\java\jetbrick\template\parser\ast\AstExpressionList.java,33
JDK:java.base:N/A:N/A,ClassOrInterfaceType,java.lang.Class,Class,C:\Users\tyin363\Documents\repos\subchen__jetbrick-template-2x\jetbrick-template\src\main\java\jetbrick\template\resolver\method\MethodInvokerResolver.java,98
JDK:java.base:N/A:N/A,MethodCallExpr,java.io.OutputStream,close,C:\Users\tyin363\Documents\repos\subchen__jetbrick-template-2x\jetbrick-template\src\main\java\jetbrick\template\runtime\writer\JetOutputStreamPrinterEx.java,103
org.slf4j:slf4j-api:jar:1.7.7,MethodCallExpr,org.slf4j.Logger,debug,C:\Users\tyin363\Documents\repos\subchen__jetbrick-template-2x\jetbrick-template\src\main\java\jetbrick\template\JetEngineImpl.java,196
JDK:java.base:N/A:N/A,ClassOrInterfaceType,java.lang.Number,Number,C:\Users\tyin363\Documents\repos\subchen__jetbrick-template-2x\jetbrick-template\src\main\java\jetbrick\template\parser\ast\ALU.java,95
JDK:java.base:N/A:N/A,MethodCallExpr,java.lang.String,substring,C:\Users\tyin363\Documents\repos\subchen__jetbrick-template-2x\jetbrick-template\src\main\java\jetbrick\template\parser\ast\AstText.java,180
JDK:java.base:N/A:N/A,ClassOrInterfaceType,java.lang.String,String,C:\Users\tyin363\Documents\repos\subchen__jetbrick-template-2x\jetbrick-template\src\main\java\jetbrick\template\runtime\writer\JetOutputStreamPrinter.java,119
CLIENT:client-code:N/A:N/A,MethodCallExpr,jetbrick.template.Errors,format,C:\Users\tyin363\Documents\repos\subchen__jetbrick-template-2x\jetbrick-template\src\main\java\jetbrick\template\parser\ast\ALU.java,190
CLIENT:client-code:N/A:N/A,MethodCallExpr,jetbrick.template.JetConfig,getOutputEncoding,C:\Users\tyin363\Documents\repos\subchen__jetbrick-template-2x\jetbrick-template\src\main\java\jetbrick\template\JetTemplateImpl.java,140
JDK:java.base:N/A:N/A,FieldAccessExpr,java.lang.Boolean,TRUE,C:\Users\tyin363\Documents\repos\subchen__jetbrick-template-2x\jetbrick-template\src\main\java\jetbrick\template\parser\ast\ALU.java,507
CLIENT:client-code:N/A:N/A,NameExpr,jetbrick.template.JetTemplateImpl,securityManager,C:\Users\tyin363\Documents\repos\subchen__jetbrick-template-2x\jetbrick-template\src\main\java\jetbrick\template\JetTemplateImpl.java,223
CLIENT:client-code:N/A:N/A,NameExpr,jetbrick.template.resolver.macro.MacroResolver,decleardMacros,C:\Users\tyin363\Documents\repos\subchen__jetbrick-template-2x\jetbrick-template\src\main\java\jetbrick\template\resolver\macro\MacroResolver.java,46
com.github.subchen:jetbrick-commons:jar:2.1.9,ClassOrInterfaceType,jetbrick.bean.FieldInfo,FieldInfo,C:\Users\tyin363\Documents\repos\subchen__jetbrick-template-2x\jetbrick-template\src\main\java\jetbrick\template\resolver\property\DefaultGetterResolver.java,84
CLIENT:client-code:N/A:N/A,NameExpr,jetbrick.template.parser.ast.AstInvokeMethodStatic,argumentList,C:\Users\tyin363\Documents\repos\subchen__jetbrick-template-2x\jetbrick-template\src\main\java\jetbrick\template\parser\ast\AstInvokeMethodStatic.java,53
CLIENT:client-code:N/A:N/A,NameExpr,jetbrick.template.runtime.JetForIterator,size,C:\Users\tyin363\Documents\repos\subchen__jetbrick-template-2x\jetbrick-template\src\main\java\jetbrick\template\runtime\JetForIterator.java,73
JDK:java.base:N/A:N/A,ClassOrInterfaceType,java.lang.String,String,C:\Users\tyin363\Documents\repos\subchen__jetbrick-template-2x\jetbrick-template\src\main\java\jetbrick\template\JetGlobalContext.java,33
JDK:java.base:N/A:N/A,MethodCallExpr,java.lang.Class,isAssignableFrom,C:\Users\tyin363\Documents\repos\subchen__jetbrick-template-2x\jetbrick-template\src\main\java\jetbrick\template\parser\ast\ALU.java,220
JDK:java.base:N/A:N/A,ClassOrInterfaceType,java.lang.String,String,C:\Users\tyin363\Documents\repos\subchen__jetbrick-template-2x\jetbrick-template\src\main\java\jetbrick\template\parser\AstCodeVisitor.java,432
JDK:java.base:N/A:N/A,ObjectCreationExpr,java.lang.IllegalStateException,IllegalStateException,C:\Users\tyin363\Documents\repos\subchen__jetbrick-template-2x\jetbrick-template\src\main\java\jetbrick\template\parser\ParserContext.java,178
JDK:java.base:N/A:N/A,ClassOrInterfaceType,java.lang.Throwable,Throwable,C:\Users\tyin363\Documents\repos\subchen__jetbrick-template-2x\jetbrick-template\src\main\java\jetbrick\template\TemplateException.java,33
JDK:java.base:N/A:N/A,ClassOrInterfaceType,java.lang.String,String,C:\Users\tyin363\Documents\repos\subchen__jetbrick-template-2x\jetbrick-template\src\main\java\jetbrick\template\runtime\buildin\JetMethods.java,134
JDK:java.base:N/A:N/A,MethodCallExpr,java.lang.Class,isAssignableFrom,C:\Users\tyin363\Documents\repos\subchen__jetbrick-template-2x\jetbrick-template\src\main\java\jetbrick\template\parser\ast\AstInvokeIndexGet.java,77
CLIENT:client-code:N/A:N/A,MethodCallExpr,jetbrick.template.JetTemplate,getOption,C:\Users\tyin363\Documents\repos\subchen__jetbrick-template-2x\jetbrick-template\src\main\java\jetbrick\template\runtime\InterpretContextImpl.java,130
JDK:java.base:N/A:N/A,ClassOrInterfaceType,java.lang.String,String,C:\Users\tyin363\Documents\repos\subchen__jetbrick-template-2x\jetbrick-template\src\main\java\jetbrick\template\JetSecurityManagerImpl.java,42
CLIENT:client-code:N/A:N/A,ClassOrInterfaceType,jetbrick.template.runtime.InterpretException,InterpretException,C:\Users\tyin363\Documents\repos\subchen__jetbrick-template-2x\jetbrick-template\src\main\java\jetbrick\template\parser\ast\AstInvokeMethodStatic.java,68
CLIENT:client-code:N/A:N/A,NameExpr,jetbrick.template.parser.AstCodeVisitor,parseCtx,C:\Users\tyin363\Documents\repos\subchen__jetbrick-template-2x\jetbrick-template\src\main\java\jetbrick\template\parser\AstCodeVisitor.java,258
CLIENT:client-code:N/A:N/A,NameExpr,jetbrick.template.runtime.JetForIterator,iterator,C:\Users\tyin363\Documents\repos\subchen__jetbrick-template-2x\jetbrick-template\src\main\java\jetbrick\template\runtime\JetForIterator.java,41
JDK:java.base:N/A:N/A,MethodCallExpr,java.lang.Class,isAssignableFrom,C:\Users\tyin363\Documents\repos\subchen__jetbrick-template-2x\jetbrick-template\src\main\java\jetbrick\template\parser\ast\ALU.java,484
JDK:java.base:N/A:N/A,ClassOrInterfaceType,java.lang.Class,Class,C:\Users\tyin363\Documents\repos\subchen__jetbrick-template-2x\jetbrick-template\src\main\java\jetbrick\template\parser\ast\AstInvokeMethodStatic.java,63
JDK:java.base:N/A:N/A,ClassOrInterfaceType,java.lang.IllegalStateException,IllegalStateException,C:\Users\tyin363\Documents\repos\subchen__jetbrick-template-2x\jetbrick-template\src\main\java\jetbrick\template\parser\ParserContext.java,205
JDK:java.base:N/A:N/A,ClassOrInterfaceType,java.lang.Integer,Integer,C:\Users\tyin363\Documents\repos\subchen__jetbrick-template-2x\jetbrick-template\src\main\java\jetbrick\template\parser\ast\ALU.java,278
JDK:java.base:N/A:N/A,ClassOrInterfaceType,java.lang.Object,Object,C:\Users\tyin363\Documents\repos\subchen__jetbrick-template-2x\jetbrick-template\src\main\java\jetbrick\template\parser\ast\AstInvokeFieldStatic.java,45
JDK:java.base:N/A:N/A,MethodCallExpr,java.lang.Number,intValue,C:\Users\tyin363\Documents\repos\subchen__jetbrick-template-2x\jetbrick-template\src\main\java\jetbrick\template\parser\ast\ALU.java,265
CLIENT:client-code:N/A:N/A,FieldAccessExpr,jetbrick.template.Errors,ARGUMENTS_NOT_MATCH,C:\Users\tyin363\Documents\repos\subchen__jetbrick-template-2x\jetbrick-template\src\main\java\jetbrick\template\parser\AstCodeVisitor.java,387
CLIENT:client-code:N/A:N/A,FieldAccessExpr,jetbrick.template.runtime.ValueStack,contexts,C:\Users\tyin363\Documents\repos\subchen__jetbrick-template-2x\jetbrick-template\src\main\java\jetbrick\template\runtime\ValueStack.java,47
CLIENT:client-code:N/A:N/A,ClassOrInterfaceType,jetbrick.template.parser.ast.AstType,AstType,C:\Users\tyin363\Documents\repos\subchen__jetbrick-template-2x\jetbrick-template\src\main\java\jetbrick\template\parser\AstCodeVisitor.java,457
JDK:java.base:N/A:N/A,FieldAccessExpr,java.lang.Boolean,FALSE,C:\Users\tyin363\Documents\repos\subchen__jetbrick-template-2x\jetbrick-template\src\main\java\jetbrick\template\parser\ast\ALU.java,395
CLIENT:client-code:N/A:N/A,FieldAccessExpr,jetbrick.template.parser.ast.AstConstantMapEntry,name,C:\Users\tyin363\Documents\repos\subchen__jetbrick-template-2x\jetbrick-template\src\main\java\jetbrick\template\parser\ast\AstConstantMapEntry.java,31
CLIENT:client-code:N/A:N/A,NameExpr,jetbrick.template.parser.ast.AstInvokeMethodStatic,argumentList,C:\Users\tyin363\Documents\repos\subchen__jetbrick-template-2x\jetbrick-template\src\main\java\jetbrick\template\parser\ast\AstInvokeMethodStatic.java,50
CLIENT:client-code:N/A:N/A,NameExpr,jetbrick.template.runtime.writer.JetOutputStreamPrinterEx,charset,C:\Users\tyin363\Documents\repos\subchen__jetbrick-template-2x\jetbrick-template\src\main\java\jetbrick\template\runtime\writer\JetOutputStreamPrinterEx.java,48
CLIENT:client-code:N/A:N/A,MethodCallExpr,jetbrick.template.Errors,format,C:\Users\tyin363\Documents\repos\subchen__jetbrick-template-2x\jetbrick-template\src\main\java\jetbrick\template\parser\ParserContext.java,205
CLIENT:client-code:N/A:N/A,NameExpr,jetbrick.template.parser.ast.AstInvokeField,name,C:\Users\tyin363\Documents\repos\subchen__jetbrick-template-2x\jetbrick-template\src\main\java\jetbrick\template\parser\ast\AstInvokeField.java,96
CLIENT:client-code:N/A:N/A,ClassOrInterfaceType,jetbrick.template.parser.ast.Position,Position,C:\Users\tyin363\Documents\repos\subchen__jetbrick-template-2x\jetbrick-template\src\main\java\jetbrick\template\parser\ast\AstOperatorUnary.java,43
,MethodCallExpr,jetbrick.io.finder.FileFinder.ResourceEntry,getQualifiedJavaName,C:\Users\tyin363\Documents\repos\subchen__jetbrick-template-2x\jetbrick-template\src\main\java\jetbrick\template\resolver\clazz\ClassResolver.java,133
CLIENT:client-code:N/A:N/A,NameExpr,jetbrick.template.JetConfig,syntaxSafecall,C:\Users\tyin363\Documents\repos\subchen__jetbrick-template-2x\jetbrick-template\src\main\java\jetbrick\template\JetConfig.java,184
CLIENT:client-code:N/A:N/A,MethodCallExpr,jetbrick.template.JetConfig,getOutputEncoding,C:\Users\tyin363\Documents\repos\subchen__jetbrick-template-2x\jetbrick-template\src\main\java\jetbrick\template\JetTemplateImpl.java,146
CLIENT:client-code:N/A:N/A,FieldAccessExpr,jetbrick.template.runtime.ValueContext,localContext,C:\Users\tyin363\Documents\repos\subchen__jetbrick-template-2x\jetbrick-template\src\main\java\jetbrick\template\runtime\ValueContext.java,35
JDK:java.base:N/A:N/A,ClassOrInterfaceType,java.lang.Number,Number,C:\Users\tyin363\Documents\repos\subchen__jetbrick-template-2x\jetbrick-template\src\main\java\jetbrick\template\parser\ast\ALU.java,97
JDK:java.base:N/A:N/A,MethodCallExpr,java.lang.Object,getClass,C:\Users\tyin363\Documents\repos\subchen__jetbrick-template-2x\jetbrick-template\src\main\java\jetbrick\template\parser\ast\AstInvokeIndexGet.java,60
JDK:java.base:N/A:N/A,ClassOrInterfaceType,java.lang.String,String,C:\Users\tyin363\Documents\repos\subchen__jetbrick-template-2x\jetbrick-template\src\main\java\jetbrick\template\JetEngineImpl.java,110
JDK:java.base:N/A:N/A,FieldAccessExpr,java.lang.Boolean,TRUE,C:\Users\tyin363\Documents\repos\subchen__jetbrick-template-2x\jetbrick-template\src\main\java\jetbrick\template\parser\ast\ALU.java,505
JDK:java.base:N/A:N/A,ClassOrInterfaceType,java.util.Map,Map,C:\Users\tyin363\Documents\repos\subchen__jetbrick-template-2x\jetbrick-template\src\main\java\jetbrick\template\JetTemplateOption.java,53
JDK:java.base:N/A:N/A,ObjectCreationExpr,java.lang.IllegalStateException,IllegalStateException,C:\Users\tyin363\Documents\repos\subchen__jetbrick-template-2x\jetbrick-template\src\main\java\jetbrick\template\parser\ast\ALU.java,159
CLIENT:client-code:N/A:N/A,ClassOrInterfaceType,jetbrick.template.resolver.property.Getter,Getter,C:\Users\tyin363\Documents\repos\subchen__jetbrick-template-2x\jetbrick-template\src\main\java\jetbrick\template\resolver\property\MapGetter.java,28
JDK:java.base:N/A:N/A,MethodCallExpr,java.lang.Class,isAssignableFrom,C:\Users\tyin363\Documents\repos\subchen__jetbrick-template-2x\jetbrick-template\src\main\java\jetbrick\template\parser\ast\AstInvokeIndexGet.java,72
org.antlr:antlr4-runtime:jar:4.10.1,MethodCallExpr,org.antlr.v4.runtime.Token,getType,C:\Users\tyin363\Documents\repos\subchen__jetbrick-template-2x\jetbrick-template\src\main\java\jetbrick\template\parser\AstCodeVisitor.java,557
com.github.subchen:jetbrick-commons:jar:2.1.9,MethodCallExpr,jetbrick.io.resource.Resource,lastModified,C:\Users\tyin363\Documents\repos\subchen__jetbrick-template-2x\jetbrick-template\src\main\java\jetbrick\template\JetTemplateImpl.java,73
CLIENT:client-code:N/A:N/A,NameExpr,jetbrick.template.resolver.function.ExtensionFunctionInvoker,method,C:\Users\tyin363\Documents\repos\subchen__jetbrick-template-2x\jetbrick-template\src\main\java\jetbrick\template\resolver\function\ExtensionFunctionInvoker.java,59
CLIENT:client-code:N/A:N/A,ClassOrInterfaceType,jetbrick.template.parser.ast.AstStatement,AstStatement,C:\Users\tyin363\Documents\repos\subchen__jetbrick-template-2x\jetbrick-template\src\main\java\jetbrick\template\parser\ast\AstStatementList.java,132
JDK:java.base:N/A:N/A,MethodCallExpr,java.security.MessageDigest,update,C:\Users\tyin363\Documents\repos\subchen__jetbrick-template-2x\jetbrick-template\src\main\java\jetbrick\template\runtime\buildin\JetMethods.java,226
CLIENT:client-code:N/A:N/A,NameExpr,jetbrick.template.runtime.writer.JetOutputStreamPrinter,charset,C:\Users\tyin363\Documents\repos\subchen__jetbrick-template-2x\jetbrick-template\src\main\java\jetbrick\template\runtime\writer\JetOutputStreamPrinter.java,105
CLIENT:client-code:N/A:N/A,FieldAccessExpr,jetbrick.template.runtime.ValueContext,inheritedContext,C:\Users\tyin363\Documents\repos\subchen__jetbrick-template-2x\jetbrick-template\src\main\java\jetbrick\template\runtime\ValueContext.java,32
CLIENT:client-code:N/A:N/A,NameExpr,jetbrick.template.resolver.clazz.ClassResolver,importedClassMap,C:\Users\tyin363\Documents\repos\subchen__jetbrick-template-2x\jetbrick-template\src\main\java\jetbrick\template\resolver\clazz\ClassResolver.java,104
JDK:java.base:N/A:N/A,ObjectCreationExpr,java.io.File,File,C:\Users\tyin363\Documents\repos\subchen__jetbrick-template-2x\jetbrick-template\src\main\java\jetbrick\template\loader\FileSystemResourceLoader.java,38
JDK:java.base:N/A:N/A,ClassOrInterfaceType,java.util.Map,Map,C:\Users\tyin363\Documents\repos\subchen__jetbrick-template-2x\jetbrick-template\src\main\java\jetbrick\template\parser\ast\AstDirectiveInclude.java,67
CLIENT:client-code:N/A:N/A,NameExpr,jetbrick.template.parser.ParserContext,loadMacroFiles,C:\Users\tyin363\Documents\repos\subchen__jetbrick-template-2x\jetbrick-template\src\main\java\jetbrick\template\parser\ParserContext.java,228
JDK:java.base:N/A:N/A,MethodCallExpr,java.lang.Class,getName,C:\Users\tyin363\Documents\repos\subchen__jetbrick-template-2x\jetbrick-template\src\main\java\jetbrick\template\parser\ast\AstInvokeNewObject.java,79
CLIENT:client-code:N/A:N/A,NameExpr,jetbrick.template.runtime.ValueContext,localContext,C:\Users\tyin363\Documents\repos\subchen__jetbrick-template-2x\jetbrick-template\src\main\java\jetbrick\template\runtime\ValueContext.java,88
JDK:java.base:N/A:N/A,ObjectCreationExpr,java.lang.NullPointerException,NullPointerException,C:\Users\tyin363\Documents\repos\subchen__jetbrick-template-2x\jetbrick-template\src\main\java\jetbrick\template\runtime\writer\TrimLeadingWhitespacesOutputStream.java,55
CLIENT:client-code:N/A:N/A,FieldAccessExpr,jetbrick.template.runtime.InterpretException,source,C:\Users\tyin363\Documents\repos\subchen__jetbrick-template-2x\jetbrick-template\src\main\java\jetbrick\template\runtime\InterpretException.java,55
CLIENT:client-code:N/A:N/A,ClassOrInterfaceType,jetbrick.template.runtime.InterpretContext,InterpretContext,C:\Users\tyin363\Documents\repos\subchen__jetbrick-template-2x\jetbrick-template\src\main\java\jetbrick\template\parser\ast\AstInvokeMethod.java,71
CLIENT:client-code:N/A:N/A,FieldAccessExpr,jetbrick.template.runtime.InterpretException,source,C:\Users\tyin363\Documents\repos\subchen__jetbrick-template-2x\jetbrick-template\src\main\java\jetbrick\template\runtime\InterpretException.java,54
CLIENT:client-code:N/A:N/A,ClassOrInterfaceType,jetbrick.template.runtime.InterpretException,InterpretException,C:\Users\tyin363\Documents\repos\subchen__jetbrick-template-2x\jetbrick-template\src\main\java\jetbrick\template\parser\ast\AstInvokeMethod.java,81
JDK:java.base:N/A:N/A,ClassOrInterfaceType,java.lang.Number,Number,C:\Users\tyin363\Documents\repos\subchen__jetbrick-template-2x\jetbrick-template\src\main\java\jetbrick\template\parser\ast\ALU.java,96
com.github.subchen:jetbrick-commons:jar:2.1.9,ClassOrInterfaceType,jetbrick.io.resource.ResourceNotFoundException,ResourceNotFoundException,C:\Users\tyin363\Documents\repos\subchen__jetbrick-template-2x\jetbrick-template\src\main\java\jetbrick\template\JetEngineImpl.java,101
CLIENT:client-code:N/A:N/A,NameExpr,jetbrick.template.JetConfig,inputEncoding,C:\Users\tyin363\Documents\repos\subchen__jetbrick-template-2x\jetbrick-template\src\main\java\jetbrick\template\JetConfig.java,172
CLIENT:client-code:N/A:N/A,NameExpr,jetbrick.template.runtime.JetForIterator,size,C:\Users\tyin363\Documents\repos\subchen__jetbrick-template-2x\jetbrick-template\src\main\java\jetbrick\template\runtime\JetForIterator.java,66
JDK:java.base:N/A:N/A,MethodCallExpr,java.lang.String,equals,C:\Users\tyin363\Documents\repos\subchen__jetbrick-template-2x\jetbrick-template\src\main\java\jetbrick\template\Errors.java,139
CLIENT:client-code:N/A:N/A,ObjectCreationExpr,jetbrick.template.resolver.clazz.ClassResolver,ClassResolver,C:\Users\tyin363\Documents\repos\subchen__jetbrick-template-2x\jetbrick-template\src\main\java\jetbrick\template\resolver\GlobalResolver.java,53
CLIENT:client-code:N/A:N/A,MethodCallExpr,jetbrick.template.JetEngine,getResource,C:\Users\tyin363\Documents\repos\subchen__jetbrick-template-2x\jetbrick-template\src\main\java\jetbrick\template\runtime\buildin\JetFunctions.java,99
CLIENT:client-code:N/A:N/A,NameExpr,jetbrick.template.parser.ast.AstType,className,C:\Users\tyin363\Documents\repos\subchen__jetbrick-template-2x\jetbrick-template\src\main\java\jetbrick\template\parser\ast\AstType.java,32
JDK:java.base:N/A:N/A,MethodCallExpr,java.lang.Integer,valueOf,C:\Users\tyin363\Documents\repos\subchen__jetbrick-template-2x\jetbrick-template\src\main\java\jetbrick\template\parser\ast\ALU.java,308
JDK:java.base:N/A:N/A,ClassOrInterfaceType,java.lang.String,String,C:\Users\tyin363\Documents\repos\subchen__jetbrick-template-2x\jetbrick-template\src\main\java\jetbrick\template\parser\ast\AstConstantMap.java,38
CLIENT:client-code:N/A:N/A,ClassOrInterfaceType,jetbrick.template.parser.ast.AstNode,AstNode,C:\Users\tyin363\Documents\repos\subchen__jetbrick-template-2x\jetbrick-template\src\main\java\jetbrick\template\parser\AstCodeVisitor.java,161
CLIENT:client-code:N/A:N/A,MethodCallExpr,jetbrick.template.runtime.InterpretContext,getSecurityManager,C:\Users\tyin363\Documents\repos\subchen__jetbrick-template-2x\jetbrick-template\src\main\java\jetbrick\template\parser\ast\AstInvokeField.java,76
CLIENT:client-code:N/A:N/A,ClassOrInterfaceType,jetbrick.template.parser.ast.AstExpressionList,AstExpressionList,C:\Users\tyin363\Documents\repos\subchen__jetbrick-template-2x\jetbrick-template\src\main\java\jetbrick\template\parser\AstCodeVisitor.java,414
CLIENT:client-code:N/A:N/A,NameExpr,jetbrick.template.runtime.JetForIterator,size,C:\Users\tyin363\Documents\repos\subchen__jetbrick-template-2x\jetbrick-template\src\main\java\jetbrick\template\runtime\JetForIterator.java,70
CLIENT:client-code:N/A:N/A,NameExpr,jetbrick.template.runtime.ValueContext,localContext,C:\Users\tyin363\Documents\repos\subchen__jetbrick-template-2x\jetbrick-template\src\main\java\jetbrick\template\runtime\ValueContext.java,91
JDK:java.base:N/A:N/A,MethodCallExpr,java.lang.Throwable,getMessage,C:\Users\tyin363\Documents\repos\subchen__jetbrick-template-2x\jetbrick-template\src\main\java\jetbrick\template\parser\SyntaxException.java,64
JDK:java.base:N/A:N/A,ClassOrInterfaceType,java.lang.String,String,C:\Users\tyin363\Documents\repos\subchen__jetbrick-template-2x\jetbrick-template\src\main\java\jetbrick\template\parser\AstCodeVisitor.java,165
JDK:java.base:N/A:N/A,MethodCallExpr,java.util.List,iterator,C:\Users\tyin363\Documents\repos\subchen__jetbrick-template-2x\jetbrick-template\src\main\java\jetbrick\template\runtime\JetForIterator.java,45
CLIENT:client-code:N/A:N/A,MethodCallExpr,jetbrick.template.parser.ast.ALU,getNumberType,C:\Users\tyin363\Documents\repos\subchen__jetbrick-template-2x\jetbrick-template\src\main\java\jetbrick\template\parser\ast\ALU.java,261
CLIENT:client-code:N/A:N/A,MethodCallExpr,jetbrick.template.runtime.JetWriter,getOriginStream,C:\Users\tyin363\Documents\repos\subchen__jetbrick-template-2x\jetbrick-template\src\main\java\jetbrick\template\runtime\JetWriter.java,64
CLIENT:client-code:N/A:N/A,NameExpr,jetbrick.template.JetConfig,OUTPUT_ENCODING,C:\Users\tyin363\Documents\repos\subchen__jetbrick-template-2x\jetbrick-template\src\main\java\jetbrick\template\JetConfig.java,116
CLIENT:client-code:N/A:N/A,NameExpr,jetbrick.template.JetConfig,trimDirectiveWhitespaces,C:\Users\tyin363\Documents\repos\subchen__jetbrick-template-2x\jetbrick-template\src\main\java\jetbrick\template\JetConfig.java,120
JDK:java.base:N/A:N/A,MethodCallExpr,java.lang.String,length,C:\Users\tyin363\Documents\repos\subchen__jetbrick-template-2x\jetbrick-template\src\main\java\jetbrick\template\parser\ast\AstText.java,53
JDK:java.base:N/A:N/A,ClassOrInterfaceType,java.nio.charset.Charset,Charset,C:\Users\tyin363\Documents\repos\subchen__jetbrick-template-2x\jetbrick-template\src\main\java\jetbrick\template\loader\resource\SourceResource.java,53
JDK:java.base:N/A:N/A,ClassOrInterfaceType,java.lang.Class,Class,C:\Users\tyin363\Documents\repos\subchen__jetbrick-template-2x\jetbrick-template\src\main\java\jetbrick\template\resolver\ParameterUtils.java,48
CLIENT:client-code:N/A:N/A,ClassOrInterfaceType,jetbrick.template.TemplateException,TemplateException,C:\Users\tyin363\Documents\repos\subchen__jetbrick-template-2x\jetbrick-template\src\main\java\jetbrick\template\resolver\GlobalResolver.java,164
CLIENT:client-code:N/A:N/A,MethodCallExpr,jetbrick.template.parser.ast.AstStatementList,execute,C:\Users\tyin363\Documents\repos\subchen__jetbrick-template-2x\jetbrick-template\src\main\java\jetbrick\template\parser\ast\AstDirectiveFor.java,85
JDK:java.base:N/A:N/A,ClassOrInterfaceType,java.util.concurrent.ConcurrentMap,ConcurrentMap,C:\Users\tyin363\Documents\repos\subchen__jetbrick-template-2x\jetbrick-template\src\main\java\jetbrick\template\resolver\tag\TagInvokerResolver.java,43
JDK:java.base:N/A:N/A,MethodCallExpr,java.util.List,size,C:\Users\tyin363\Documents\repos\subchen__jetbrick-template-2x\jetbrick-template\src\main\java\jetbrick\template\runtime\JetForIterator.java,70
JDK:java.base:N/A:N/A,ClassOrInterfaceType,java.lang.IllegalStateException,IllegalStateException,C:\Users\tyin363\Documents\repos\subchen__jetbrick-template-2x\jetbrick-template\src\main\java\jetbrick\template\parser\ast\ALU.java,194
CLIENT:client-code:N/A:N/A,MethodCallExpr,jetbrick.template.runtime.InterpretContext,getValueStack,C:\Users\tyin363\Documents\repos\subchen__jetbrick-template-2x\jetbrick-template\src\main\java\jetbrick\template\parser\ast\AstDirectiveReturn.java,46
CLIENT:client-code:N/A:N/A,MethodCallExpr,jetbrick.template.JetConfig,getTrimDirectiveCommentsPrefix,C:\Users\tyin363\Documents\repos\subchen__jetbrick-template-2x\jetbrick-template\src\main\java\jetbrick\template\JetTemplateImpl.java,109
JDK:java.base:N/A:N/A,ClassOrInterfaceType,java.lang.IllegalStateException,IllegalStateException,C:\Users\tyin363\Documents\repos\subchen__jetbrick-template-2x\jetbrick-template\src\main\java\jetbrick\template\parser\ast\ALU.java,458
JDK:java.base:N/A:N/A,ObjectCreationExpr,java.util.EmptyStackException,EmptyStackException,C:\Users\tyin363\Documents\repos\subchen__jetbrick-template-2x\jetbrick-template\src\main\java\jetbrick\template\runtime\ValueStack.java,174
JDK:java.base:N/A:N/A,FieldAccessExpr,java.lang.Boolean,TRUE,C:\Users\tyin363\Documents\repos\subchen__jetbrick-template-2x\jetbrick-template\src\main\java\jetbrick\template\parser\ast\ALU.java,503
JDK:java.base:N/A:N/A,MethodCallExpr,java.lang.Class,getName,C:\Users\tyin363\Documents\repos\subchen__jetbrick-template-2x\jetbrick-template\src\main\java\jetbrick\template\JetSecurityManagerImpl.java,123
JDK:java.base:N/A:N/A,ObjectCreationExpr,java.util.ArrayList,ArrayList,C:\Users\tyin363\Documents\repos\subchen__jetbrick-template-2x\jetbrick-template\src\main\java\jetbrick\template\parser\AstCodeVisitor.java,820
JDK:java.base:N/A:N/A,ClassOrInterfaceType,java.lang.Throwable,Throwable,C:\Users\tyin363\Documents\repos\subchen__jetbrick-template-2x\jetbrick-template\src\main\java\jetbrick\template\TemplateException.java,37
CLIENT:client-code:N/A:N/A,MethodCallExpr,jetbrick.template.parser.ast.ALU,lt,C:\Users\tyin363\Documents\repos\subchen__jetbrick-template-2x\jetbrick-template\src\main\java\jetbrick\template\parser\ast\AstOperatorBinary.java,109
CLIENT:client-code:N/A:N/A,ObjectCreationExpr,jetbrick.template.runtime.InterpretException,InterpretException,C:\Users\tyin363\Documents\repos\subchen__jetbrick-template-2x\jetbrick-template\src\main\java\jetbrick\template\parser\ast\AstInvokeFieldStatic.java,64
JDK:java.base:N/A:N/A,ClassOrInterfaceType,java.lang.String,String,C:\Users\tyin363\Documents\repos\subchen__jetbrick-template-2x\jetbrick-template\src\main\java\jetbrick\template\JetGlobalContext.java,37
JDK:java.base:N/A:N/A,FieldAccessExpr,java.lang.Boolean,FALSE,C:\Users\tyin363\Documents\repos\subchen__jetbrick-template-2x\jetbrick-template\src\main\java\jetbrick\template\parser\ast\ALU.java,398
CLIENT:client-code:N/A:N/A,NameExpr,jetbrick.template.resolver.GlobalResolver,defaultGetterResolver,C:\Users\tyin363\Documents\repos\subchen__jetbrick-template-2x\jetbrick-template\src\main\java\jetbrick\template\resolver\GlobalResolver.java,231
CLIENT:client-code:N/A:N/A,NameExpr,jetbrick.template.parser.ParserContext,loadMacroFiles,C:\Users\tyin363\Documents\repos\subchen__jetbrick-template-2x\jetbrick-template\src\main\java\jetbrick\template\parser\ParserContext.java,230
JDK:java.base:N/A:N/A,ClassOrInterfaceType,java.lang.Class,Class,C:\Users\tyin363\Documents\repos\subchen__jetbrick-template-2x\jetbrick-template\src\main\java\jetbrick\template\parser\ast\ALU.java,93
CLIENT:client-code:N/A:N/A,ClassOrInterfaceType,jetbrick.template.parser.ast.AstExpressionList,AstExpressionList,C:\Users\tyin363\Documents\repos\subchen__jetbrick-template-2x\jetbrick-template\src\main\java\jetbrick\template\parser\AstCodeVisitor.java,677
CLIENT:client-code:N/A:N/A,ClassOrInterfaceType,jetbrick.template.parser.ast.AstOperatorInstanceof,AstOperatorInstanceof,C:\Users\tyin363\Documents\repos\subchen__jetbrick-template-2x\jetbrick-template\src\main\java\jetbrick\template\parser\AstCodeVisitor.java,636
JDK:java.base:N/A:N/A,MethodCallExpr,java.lang.String,charAt,C:\Users\tyin363\Documents\repos\subchen__jetbrick-template-2x\jetbrick-template\src\main\java\jetbrick\template\parser\ast\AstText.java,157
JDK:java.base:N/A:N/A,ClassOrInterfaceType,java.lang.String,String,C:\Users\tyin363\Documents\repos\subchen__jetbrick-template-2x\jetbrick-template\src\main\java\jetbrick\template\parser\ast\AstValueEscaped.java,39
JDK:java.base:N/A:N/A,MethodCallExpr,java.lang.String,trim,C:\Users\tyin363\Documents\repos\subchen__jetbrick-template-2x\jetbrick-template\src\main\java\jetbrick\template\parser\AstCodeVisitor.java,412
JDK:java.base:N/A:N/A,MethodCallExpr,java.lang.Object,getClass,C:\Users\tyin363\Documents\repos\subchen__jetbrick-template-2x\jetbrick-template\src\main\java\jetbrick\template\parser\ast\AstInvokeIndexGet.java,61
CLIENT:client-code:N/A:N/A,ClassOrInterfaceType,jetbrick.template.resolver.GlobalResolver,GlobalResolver,C:\Users\tyin363\Documents\repos\subchen__jetbrick-template-2x\jetbrick-template\src\main\java\jetbrick\template\JetEngineImpl.java,80
CLIENT:client-code:N/A:N/A,MethodCallExpr,jetbrick.template.parser.ast.AstStatementList.ListIterator,has,C:\Users\tyin363\Documents\repos\subchen__jetbrick-template-2x\jetbrick-template\src\main\java\jetbrick\template\parser\ast\AstStatementList.java,77
CLIENT:client-code:N/A:N/A,MethodCallExpr,jetbrick.template.JetTemplateMacro,getSymbols,C:\Users\tyin363\Documents\repos\subchen__jetbrick-template-2x\jetbrick-template\src\main\java\jetbrick\template\runtime\InterpretContextImpl.java,167
CLIENT:client-code:N/A:N/A,FieldAccessExpr,jetbrick.template.parser.ast.Tokens,BIT_SHL,C:\Users\tyin363\Documents\repos\subchen__jetbrick-template-2x\jetbrick-template\src\main\java\jetbrick\template\parser\ast\AstOperatorBinary.java,99
CLIENT:client-code:N/A:N/A,ClassOrInterfaceType,jetbrick.template.runtime.InterpretContext,InterpretContext,C:\Users\tyin363\Documents\repos\subchen__jetbrick-template-2x\jetbrick-template\src\main\java\jetbrick\template\runtime\buildin\JetFunctions.java,108
CLIENT:client-code:N/A:N/A,FieldAccessExpr,jetbrick.template.runtime.ValueContext,symbols,C:\Users\tyin363\Documents\repos\subchen__jetbrick-template-2x\jetbrick-template\src\main\java\jetbrick\template\runtime\ValueContext.java,33
CLIENT:client-code:N/A:N/A,NameExpr,jetbrick.template.runtime.JetForIterator,iterator,C:\Users\tyin363\Documents\repos\subchen__jetbrick-template-2x\jetbrick-template\src\main\java\jetbrick\template\runtime\JetForIterator.java,45
JDK:java.base:N/A:N/A,ClassOrInterfaceType,java.lang.Object,Object,C:\Users\tyin363\Documents\repos\subchen__jetbrick-template-2x\jetbrick-template\src\main\java\jetbrick\template\runtime\InterpretContextImpl.java,120
